#!ascii label  , from subject sub001 vox2ras=TkReg
1098
131881  -37.343  -37.701  46.769 0.0000000000
49305  -20.775  -42.957  46.311 0.0000000000
48255  -30.375  -43.569  45.102 0.0000000000
76139  -49.577  -16.590  29.241 0.0000000000
82089  -49.714  -10.812  26.221 0.0000000000
45068  -13.547  -46.621  47.696 0.0000000000
137559  -45.993  -17.273  31.418 0.0000000000
56594  -41.596  -35.674  45.995 0.0000000000
53442  -31.863  -38.038  46.921 0.0000000000
47180  -16.711  -45.048  46.730 0.0000000000
41630  -16.530  -49.786  48.731 0.0000000000
130541  -34.206  -35.582  42.911 0.0000000000
56653  -38.037  -35.696  42.332 0.0000000000
47185  -24.833  -44.527  46.328 0.0000000000
134798  -28.632  -35.108  45.533 0.0000000000
69099  -42.868  -24.028  35.006 0.0000000000
71021  -45.500  -22.337  33.056 0.0000000000
71058  -50.710  -21.259  30.659 0.0000000000
34723  -11.753  -55.256  47.820 0.0000000000
31230  -8.861  -59.138  49.472 0.0000000000
58846  -38.776  -33.399  40.358 0.0000000000
154672  -37.875  -28.803  38.671 0.0000000000
64992  -40.364  -27.580  35.446 0.0000000000
38061  -14.242  -52.289  47.685 0.0000000000
46128  -20.599  -45.297  48.045 0.0000000000
48211  -21.668  -43.508  48.760 0.0000000000
54428  -34.405  -37.334  46.644 0.0000000000
51368  -19.275  -40.512  46.311 0.0000000000
47193  -18.813  -44.114  46.094 0.0000000000
45071  -19.420  -46.679  47.104 0.0000000000
58773  -33.696  -33.701  45.302 0.0000000000
58801  -30.909  -34.008  43.701 0.0000000000
72023  -41.357  -20.280  34.111 0.0000000000
70047  -43.976  -22.657  34.058 0.0000000000
72040  -43.381  -19.876  32.566 0.0000000000
73024  -47.528  -19.631  30.231 0.0000000000
137803  -50.132  -18.736  29.023 0.0000000000
73044  -52.823  -19.157  29.745 0.0000000000
76146  -51.272  -16.709  28.355 0.0000000000
77140  -52.416  -15.234  28.236 0.0000000000
135656  -36.501  -33.077  42.671 0.0000000000
57800  -38.478  -34.320  41.277 0.0000000000
60767  -35.793  -32.407  41.848 0.0000000000
63839  -34.790  -28.398  38.421 0.0000000000
66111  -36.423  -26.455  36.724 0.0000000000
62768  -38.929  -28.817  36.470 0.0000000000
139945  -37.996  -25.650  36.170 0.0000000000
68127  -39.664  -24.510  35.911 0.0000000000
47186  -27.626  -45.110  45.909 0.0000000000
40420  -11.779  -50.683  47.636 0.0000000000
41679  -13.492  -49.716  46.611 0.0000000000
26496  -9.517  -62.307  50.765 0.0000000000
25217  -7.093  -63.729  51.511 0.0000000000
75076  -44.299  -17.101  32.967 0.0000000000
57735  -42.475  -34.532  45.271 0.0000000000
51387  -31.753  -40.748  45.065 0.0000000000
46139  -15.339  -45.579  47.303 0.0000000000
42887  -15.517  -48.361  46.562 0.0000000000
42889  -17.152  -48.053  47.038 0.0000000000
81208  -51.610  -11.388  24.774 0.0000000000
145813  -35.719  -37.561  44.183 0.0000000000
54499  -37.926  -37.232  43.751 0.0000000000
56638  -35.662  -35.416  42.778 0.0000000000
51382  -21.431  -40.669  45.471 0.0000000000
48237  -22.966  -42.729  46.796 0.0000000000
132706  -23.999  -41.333  45.067 0.0000000000
49324  -26.463  -42.740  45.231 0.0000000000
138391  -28.481  -42.373  44.615 0.0000000000
53441  -28.696  -38.824  46.083 0.0000000000
52433  -28.793  -39.304  43.620 0.0000000000
54494  -30.430  -36.859  43.909 0.0000000000
54471  -33.136  -36.460  44.354 0.0000000000
66113  -43.682  -26.598  36.219 0.0000000000
73011  -45.480  -19.258  31.300 0.0000000000
71046  -48.381  -21.921  31.407 0.0000000000
79198  -52.290  -13.079  28.580 0.0000000000
32450  -10.299  -57.559  48.508 0.0000000000
28981  -11.042  -60.440  50.614 0.0000000000
55564  -39.721  -36.142  43.866 0.0000000000
57769  -40.669  -34.794  43.328 0.0000000000
58832  -41.045  -32.956  42.030 0.0000000000
60777  -34.816  -30.871  40.112 0.0000000000
147059  -37.964  -30.895  39.489 0.0000000000
61697  -41.013  -30.684  40.591 0.0000000000
63822  -40.624  -28.878  39.668 0.0000000000
62730  -41.696  -29.500  38.176 0.0000000000
63883  -42.908  -28.167  36.121 0.0000000000
142902  -41.620  -26.131  35.594 0.0000000000
146686  -40.568  -22.540  35.120 0.0000000000
47154  -24.203  -44.585  49.108 0.0000000000
38048  -10.545  -52.488  48.341 0.0000000000
35830  -13.122  -53.918  47.699 0.0000000000
40408  -15.579  -50.718  47.954 0.0000000000
23984  -5.929  -63.686  51.045 0.0000000000
47172  -20.587  -44.559  47.316 0.0000000000
47150  -21.077  -44.275  49.238 0.0000000000
48235  -21.145  -42.895  47.181 0.0000000000
54413  -36.281  -37.604  46.894 0.0000000000
50343  -20.309  -41.940  45.603 0.0000000000
49316  -19.100  -42.828  45.761 0.0000000000
47194  -20.012  -44.050  46.200 0.0000000000
47184  -20.104  -44.678  46.589 0.0000000000
74026  -41.316  -18.716  34.418 0.0000000000
72030  -42.092  -20.175  33.572 0.0000000000
74038  -42.283  -18.246  33.561 0.0000000000
76138  -48.940  -16.958  29.682 0.0000000000
74073  -48.950  -18.148  29.366 0.0000000000
75129  -49.904  -17.462  28.676 0.0000000000
74083  -50.492  -17.988  28.586 0.0000000000
76140  -50.474  -16.378  28.593 0.0000000000
148347  -50.470  -15.717  28.757 0.0000000000
60756  -36.310  -32.595  42.704 0.0000000000
67108  -35.655  -25.515  37.788 0.0000000000
66112  -37.297  -26.438  36.277 0.0000000000
67110  -37.639  -24.761  37.330 0.0000000000
68112  -38.690  -24.541  36.896 0.0000000000
47199  -29.016  -44.451  45.486 0.0000000000
47176  -28.795  -45.084  46.891 0.0000000000
47189  -30.106  -44.250  46.607 0.0000000000
42861  -11.967  -49.024  47.288 0.0000000000
42862  -13.252  -48.078  46.740 0.0000000000
81161  -51.430  -11.102  28.010 0.0000000000
26495  -8.494  -62.811  50.930 0.0000000000
55493  -42.291  -36.354  47.823 0.0000000000
56603  -42.014  -35.176  45.703 0.0000000000
51388  -32.003  -40.028  46.003 0.0000000000
52387  -32.591  -39.413  47.355 0.0000000000
48221  -16.769  -42.847  47.422 0.0000000000
48209  -15.922  -43.093  48.166 0.0000000000
47160  -14.964  -44.310  48.323 0.0000000000
46140  -16.127  -45.688  46.945 0.0000000000
151131  -16.321  -47.041  46.676 0.0000000000
133496  -16.904  -46.005  46.638 0.0000000000
43983  -19.488  -47.301  48.529 0.0000000000
43982  -18.840  -47.704  48.051 0.0000000000
55558  -34.894  -36.892  43.102 0.0000000000
55559  -35.627  -37.069  42.902 0.0000000000
56637  -34.871  -35.883  42.642 0.0000000000
52403  -22.783  -38.876  46.075 0.0000000000
51383  -22.800  -40.384  45.319 0.0000000000
52405  -24.167  -39.603  45.767 0.0000000000
50327  -26.161  -41.147  45.928 0.0000000000
50350  -27.665  -41.788  45.650 0.0000000000
151532  -27.577  -43.178  44.856 0.0000000000
131527  -28.453  -41.313  45.653 0.0000000000
154126  -28.902  -35.407  47.527 0.0000000000
133130  -28.154  -37.017  45.778 0.0000000000
53454  -28.384  -38.522  45.105 0.0000000000
54468  -28.352  -37.486  44.177 0.0000000000
53475  -29.914  -38.783  43.463 0.0000000000
56631  -28.792  -36.285  43.808 0.0000000000
57763  -32.214  -34.460  43.368 0.0000000000
55556  -31.649  -35.858  43.624 0.0000000000
55557  -33.437  -36.185  43.580 0.0000000000
54472  -34.191  -37.056  44.385 0.0000000000
67138  -43.213  -25.593  35.518 0.0000000000
67128  -44.777  -25.892  35.769 0.0000000000
69100  -43.926  -23.984  34.754 0.0000000000
71020  -44.860  -22.380  33.310 0.0000000000
70049  -45.509  -23.167  33.894 0.0000000000
152138  -45.238  -16.765  32.506 0.0000000000
75097  -44.556  -18.060  31.910 0.0000000000
149878  -45.607  -18.436  31.268 0.0000000000
72071  -49.173  -20.855  30.209 0.0000000000
72070  -47.741  -20.584  30.517 0.0000000000
146894  -50.247  -21.743  31.211 0.0000000000
155330  -50.175  -22.123  32.119 0.0000000000
78188  -52.716  -14.288  28.357 0.0000000000
79196  -50.640  -12.594  28.876 0.0000000000
153876  -50.546  -11.754  28.585 0.0000000000
35803  -10.099  -54.171  48.049 0.0000000000
142867  -10.101  -56.087  48.169 0.0000000000
34707  -11.109  -55.969  47.982 0.0000000000
149493  -11.510  -59.119  49.978 0.0000000000
28951  -10.989  -61.324  51.983 0.0000000000
55561  -37.565  -36.978  43.081 0.0000000000
55537  -38.669  -36.912  44.023 0.0000000000
56640  -38.819  -36.170  42.879 0.0000000000
135116  -38.481  -33.692  40.770 0.0000000000
57785  -39.609  -34.878  42.139 0.0000000000
58830  -39.683  -33.744  41.149 0.0000000000
58815  -40.701  -33.788  42.288 0.0000000000
58847  -40.015  -33.060  40.683 0.0000000000
63800  -34.413  -28.690  40.094 0.0000000000
62726  -36.287  -29.119  38.471 0.0000000000
61727  -35.565  -29.803  39.072 0.0000000000
62705  -37.528  -29.709  39.306 0.0000000000
61708  -39.534  -30.832  40.000 0.0000000000
62689  -39.539  -29.739  39.784 0.0000000000
61710  -41.010  -29.744  40.314 0.0000000000
63820  -38.722  -28.762  38.944 0.0000000000
155996  -39.188  -28.165  35.786 0.0000000000
62752  -40.554  -29.469  37.132 0.0000000000
62791  -40.855  -29.193  35.767 0.0000000000
62754  -42.345  -29.662  37.305 0.0000000000
63900  -41.427  -28.597  35.643 0.0000000000
66128  -42.310  -26.675  35.782 0.0000000000
139182  -40.936  -26.871  35.488 0.0000000000
70015  -39.576  -22.690  36.643 0.0000000000
69096  -39.735  -23.665  35.870 0.0000000000
144396  -39.599  -22.074  35.980 0.0000000000
48224  -24.307  -44.044  46.827 0.0000000000
47173  -23.962  -43.809  47.766 0.0000000000
47174  -24.652  -44.618  47.265 0.0000000000
39219  -12.944  -52.004  47.049 0.0000000000
38059  -12.983  -52.812  47.273 0.0000000000
36888  -13.998  -53.149  47.884 0.0000000000
41654  -16.274  -49.327  47.305 0.0000000000
41653  -15.822  -50.142  47.384 0.0000000000
41629  -16.001  -50.298  48.343 0.0000000000
45053  -20.650  -45.959  49.756 0.0000000000
147078  -21.016  -44.968  49.913 0.0000000000
47151  -21.253  -44.356  49.871 0.0000000000
47140  -22.327  -44.221  50.583 0.0000000000
155808  -32.783  -37.400  47.028 0.0000000000
53425  -32.860  -37.912  47.926 0.0000000000
50307  -18.023  -41.186  47.364 0.0000000000
49304  -18.265  -42.736  46.084 0.0000000000
48233  -17.966  -44.051  46.296 0.0000000000
46150  -18.422  -45.795  46.588 0.0000000000
141371  -18.985  -45.343  46.469 0.0000000000
46127  -20.103  -46.102  47.493 0.0000000000
58804  -33.411  -34.082  43.875 0.0000000000
57744  -34.958  -34.433  43.717 0.0000000000
150046  -29.992  -34.231  47.157 0.0000000000
58786  -29.784  -33.960  44.685 0.0000000000
58771  -32.042  -33.380  45.111 0.0000000000
142846  -42.292  -22.617  34.668 0.0000000000
69116  -43.317  -23.085  34.680 0.0000000000
71006  -43.008  -21.546  34.010 0.0000000000
71007  -43.631  -21.600  33.493 0.0000000000
71031  -44.240  -21.120  32.503 0.0000000000
74060  -46.640  -18.438  30.613 0.0000000000
74072  -48.171  -18.323  29.674 0.0000000000
73040  -48.960  -19.413  29.488 0.0000000000
72083  -50.270  -20.068  29.687 0.0000000000
73025  -51.879  -20.166  30.216 0.0000000000
146605  -51.360  -19.326  29.340 0.0000000000
155752  -52.243  -18.219  28.678 0.0000000000
135765  -52.794  -16.974  28.460 0.0000000000
141190  -51.816  -15.965  28.222 0.0000000000
77138  -50.715  -14.916  28.714 0.0000000000
132390  -12.576  -55.832  48.786 0.0000000000
32453  -12.030  -56.613  48.779 0.0000000000
33572  -12.590  -56.744  50.200 0.0000000000
136492  -36.657  -33.804  42.646 0.0000000000
57783  -37.816  -34.815  41.900 0.0000000000
57799  -37.385  -33.976  41.650 0.0000000000
58828  -37.802  -33.702  41.060 0.0000000000
59834  -36.366  -32.727  40.451 0.0000000000
66044  -34.610  -26.963  40.054 0.0000000000
66077  -34.570  -26.523  38.718 0.0000000000
145851  -35.252  -27.319  37.550 0.0000000000
63840  -36.654  -28.529  37.712 0.0000000000
146496  -38.088  -28.684  37.989 0.0000000000
150353  -37.682  -28.296  36.648 0.0000000000
64989  -37.958  -27.211  35.845 0.0000000000
66125  -38.664  -26.846  35.596 0.0000000000
142369  -39.828  -25.804  35.667 0.0000000000
67126  -39.249  -25.074  36.134 0.0000000000
46152  -26.580  -44.925  45.895 0.0000000000
46130  -26.144  -45.360  47.911 0.0000000000
145219  -27.248  -45.436  47.508 0.0000000000
40438  -12.582  -50.523  47.134 0.0000000000
39228  -14.064  -51.090  46.942 0.0000000000
28991  -9.550  -60.658  49.595 0.0000000000
30138  -8.425  -59.894  49.871 0.0000000000
27759  -8.498  -61.383  50.225 0.0000000000
27733  -7.011  -62.133  51.036 0.0000000000
27732  -6.339  -62.048  51.216 0.0000000000
152845  -43.198  -33.350  44.631 0.0000000000
49336  -31.167  -42.252  44.456 0.0000000000
139545  -30.784  -43.775  47.015 0.0000000000
46114  -14.286  -44.653  48.738 0.0000000000
45069  -14.261  -46.387  47.186 0.0000000000
44013  -13.898  -47.240  46.808 0.0000000000
140922  -15.223  -46.971  46.525 0.0000000000
42888  -16.330  -48.181  46.793 0.0000000000
42863  -16.717  -48.684  47.247 0.0000000000
44018  -18.066  -47.092  46.948 0.0000000000
42844  -18.257  -48.215  48.378 0.0000000000
42829  -17.605  -48.884  49.680 0.0000000000
82090  -50.096  -10.572  25.495 0.0000000000
54451  -36.584  -37.700  45.308 0.0000000000
54452  -37.285  -37.694  45.255 0.0000000000
54474  -36.610  -37.612  44.445 0.0000000000
55560  -36.634  -37.105  42.996 0.0000000000
56639  -36.462  -35.849  42.605 0.0000000000
57766  -35.673  -34.726  43.263 0.0000000000
57767  -36.480  -34.889  42.793 0.0000000000
131356  -36.989  -34.650  42.376 0.0000000000
144154  -36.852  -32.699  43.948 0.0000000000
142429  -21.010  -42.038  45.729 0.0000000000
49306  -21.488  -42.483  46.535 0.0000000000
49320  -22.545  -41.834  45.862 0.0000000000
49321  -23.458  -41.834  45.398 0.0000000000
132588  -24.980  -43.000  45.434 0.0000000000
51371  -25.555  -40.542  46.206 0.0000000000
49323  -25.200  -42.132  45.136 0.0000000000
48251  -25.973  -43.558  45.344 0.0000000000
47197  -26.720  -44.208  45.313 0.0000000000
48262  -28.405  -43.177  44.745 0.0000000000
48263  -29.348  -43.290  44.558 0.0000000000
52406  -29.100  -40.005  46.451 0.0000000000
132944  -28.818  -40.704  45.577 0.0000000000
51395  -28.751  -40.724  44.081 0.0000000000
49340  -30.267  -41.852  43.842 0.0000000000
50372  -31.078  -40.936  43.683 0.0000000000
52425  -31.219  -39.280  44.384 0.0000000000
54446  -31.291  -37.382  45.394 0.0000000000
56633  -30.295  -35.616  43.596 0.0000000000
55535  -31.186  -36.391  44.089 0.0000000000
54447  -31.989  -36.956  45.861 0.0000000000
139046  -33.289  -36.716  45.143 0.0000000000
54450  -35.160  -37.512  45.661 0.0000000000
51369  -20.045  -40.285  45.813 0.0000000000
69101  -44.978  -24.055  34.572 0.0000000000
74046  -43.310  -18.059  32.604 0.0000000000
73000  -43.982  -19.482  32.042 0.0000000000
71043  -45.595  -21.397  31.706 0.0000000000
72068  -46.890  -20.177  30.715 0.0000000000
72058  -46.167  -20.820  31.107 0.0000000000
139828  -46.883  -22.071  32.242 0.0000000000
70074  -48.498  -22.337  32.767 0.0000000000
80224  -52.423  -11.640  28.723 0.0000000000
81141  -51.245  -11.353  28.358 0.0000000000
130736  -49.688  -11.237  27.506 0.0000000000
147046  -9.390  -56.103  48.666 0.0000000000
31250  -9.907  -58.200  48.659 0.0000000000
31252  -11.192  -58.135  48.877 0.0000000000
30151  -10.707  -58.903  48.976 0.0000000000
30140  -10.332  -59.687  49.222 0.0000000000
152965  -10.444  -60.847  50.171 0.0000000000
131559  -39.116  -37.284  45.679 0.0000000000
55518  -39.778  -36.718  45.217 0.0000000000
135061  -40.618  -36.139  45.233 0.0000000000
56655  -39.226  -35.554  42.517 0.0000000000
56642  -40.300  -35.565  43.766 0.0000000000
56617  -41.372  -35.109  44.685 0.0000000000
57748  -41.724  -34.505  44.399 0.0000000000
58792  -41.922  -33.806  43.873 0.0000000000
59820  -41.693  -32.730  42.617 0.0000000000
60765  -34.890  -31.061  40.775 0.0000000000
59850  -36.676  -32.343  39.763 0.0000000000
62703  -34.510  -29.323  39.594 0.0000000000
61718  -35.928  -30.815  39.399 0.0000000000
60791  -38.249  -32.091  39.520 0.0000000000
137807  -39.774  -32.330  40.181 0.0000000000
135448  -40.943  -31.725  41.053 0.0000000000
63862  -39.021  -28.889  37.814 0.0000000000
63843  -41.086  -28.998  39.046 0.0000000000
64976  -43.586  -27.492  36.340 0.0000000000
66129  -43.099  -26.264  35.918 0.0000000000
68130  -42.229  -25.062  35.300 0.0000000000
142903  -40.549  -25.229  35.518 0.0000000000
69098  -40.957  -23.927  35.211 0.0000000000
69114  -41.354  -23.147  35.005 0.0000000000
70044  -40.633  -21.808  34.865 0.0000000000
72984  -40.310  -19.538  35.172 0.0000000000
154247  -22.059  -42.813  48.016 0.0000000000
47152  -22.926  -43.909  49.338 0.0000000000
46116  -25.584  -45.401  49.408 0.0000000000
36898  -10.927  -53.855  47.728 0.0000000000
39210  -11.150  -51.231  48.076 0.0000000000
36899  -11.740  -53.429  47.510 0.0000000000
151020  -12.352  -54.752  47.809 0.0000000000
34691  -13.214  -55.244  49.278 0.0000000000
41680  -14.473  -49.737  46.607 0.0000000000
40440  -14.521  -50.611  46.907 0.0000000000
39211  -14.746  -51.912  48.055 0.0000000000
136696  -7.545  -65.139  51.786 0.0000000000
23970  -6.767  -64.090  51.276 0.0000000000
26493  -5.890  -62.378  51.124 0.0000000000
131149  -38.052  -37.621  46.696 0.0000000000
48234  -20.559  -43.798  46.652 0.0000000000
134955  -20.921  -43.529  47.786 0.0000000000
49318  -20.359  -42.750  45.816 0.0000000000
49317  -19.789  -42.683  45.684 0.0000000000
48249  -20.267  -43.477  46.060 0.0000000000
74037  -41.785  -18.724  33.822 0.0000000000
74027  -41.833  -17.992  34.329 0.0000000000
75122  -49.348  -17.394  29.163 0.0000000000
76145  -49.871  -16.823  28.724 0.0000000000
148437  -50.048  -16.098  28.919 0.0000000000
142202  -36.981  -25.102  37.271 0.0000000000
47200  -29.854  -44.147  45.670 0.0000000000
47188  -29.304  -44.676  46.264 0.0000000000
142047  -12.927  -46.840  48.270 0.0000000000
43997  -13.045  -47.388  47.542 0.0000000000
81177  -50.135  -11.319  26.757 0.0000000000
157841  -51.594  -11.210  27.443 0.0000000000
139851  -50.749  -11.429  26.075 0.0000000000
56595  -42.196  -35.600  46.484 0.0000000000
52419  -31.809  -38.814  46.055 0.0000000000
52407  -32.092  -39.069  46.803 0.0000000000
48231  -17.060  -44.239  46.717 0.0000000000
48220  -16.497  -43.634  47.314 0.0000000000
145325  -16.325  -44.346  47.174 0.0000000000
131563  -34.345  -36.323  43.019 0.0000000000
153978  -35.034  -36.577  42.766 0.0000000000
52416  -23.285  -39.472  45.593 0.0000000000
50329  -27.647  -41.666  46.666 0.0000000000
50330  -28.437  -41.511  46.794 0.0000000000
57693  -28.928  -35.186  47.041 0.0000000000
55491  -28.708  -35.825  47.191 0.0000000000
143962  -28.273  -36.302  45.801 0.0000000000
54445  -28.101  -37.484  44.931 0.0000000000
56601  -28.360  -35.771  45.268 0.0000000000
154874  -28.467  -36.549  44.007 0.0000000000
57728  -28.688  -35.195  44.709 0.0000000000
139333  -32.916  -34.432  43.447 0.0000000000
132230  -32.787  -35.127  43.312 0.0000000000
56636  -33.532  -35.713  43.254 0.0000000000
54495  -34.289  -36.765  43.596 0.0000000000
68131  -43.494  -24.841  35.068 0.0000000000
70061  -45.579  -22.877  33.666 0.0000000000
71034  -46.370  -22.390  32.986 0.0000000000
76105  -45.631  -16.808  32.042 0.0000000000
75098  -45.353  -17.740  31.576 0.0000000000
74053  -46.136  -17.926  30.989 0.0000000000
72072  -50.016  -20.765  30.125 0.0000000000
71057  -49.757  -21.409  30.650 0.0000000000
157252  -50.053  -12.287  29.002 0.0000000000
156200  -11.100  -55.340  47.742 0.0000000000
55581  -38.118  -36.372  42.714 0.0000000000
58863  -37.912  -33.339  40.225 0.0000000000
58829  -39.051  -33.894  40.889 0.0000000000
149434  -39.371  -33.431  40.629 0.0000000000
59836  -39.285  -32.941  40.144 0.0000000000
147640  -37.244  -28.681  38.139 0.0000000000
62727  -37.247  -29.114  38.873 0.0000000000
134418  -38.535  -29.616  39.493 0.0000000000
62728  -38.188  -28.996  39.170 0.0000000000
147003  -39.123  -28.937  39.447 0.0000000000
63898  -39.839  -28.291  35.607 0.0000000000
62790  -40.086  -28.973  35.798 0.0000000000
63899  -40.628  -28.455  35.532 0.0000000000
64993  -41.190  -27.729  35.503 0.0000000000
39220  -13.816  -51.774  47.179 0.0000000000
38060  -13.611  -52.589  47.374 0.0000000000
143179  -14.116  -53.666  48.608 0.0000000000
38050  -14.565  -52.700  48.574 0.0000000000
145778  -16.376  -49.787  47.933 0.0000000000
156473  -8.768  -57.839  49.337 0.0000000000
139840  -8.230  -58.239  49.871 0.0000000000
54417  -40.577  -36.809  47.262 0.0000000000
45061  -20.707  -45.630  49.022 0.0000000000
136742  -20.891  -44.808  48.970 0.0000000000
48210  -21.177  -43.725  48.642 0.0000000000
48200  -21.468  -43.920  49.386 0.0000000000
47139  -21.583  -44.146  50.225 0.0000000000
48201  -22.173  -43.872  49.793 0.0000000000
132740  -33.234  -37.083  46.646 0.0000000000
54410  -33.299  -37.471  47.403 0.0000000000
52380  -18.592  -39.857  47.627 0.0000000000
51355  -18.443  -40.627  46.919 0.0000000000
48247  -18.654  -43.475  45.962 0.0000000000
149819  -17.906  -43.262  46.263 0.0000000000
47182  -18.407  -44.876  46.390 0.0000000000
47183  -19.351  -44.556  46.296 0.0000000000
46142  -20.161  -45.386  47.074 0.0000000000
135761  -20.385  -46.125  48.307 0.0000000000
155319  -33.544  -33.821  44.539 0.0000000000
58790  -34.222  -34.115  44.413 0.0000000000
58753  -30.472  -33.808  46.383 0.0000000000
58756  -33.458  -33.646  46.364 0.0000000000
58772  -32.788  -33.483  45.670 0.0000000000
58789  -32.854  -33.625  44.614 0.0000000000
131120  -42.199  -21.774  34.383 0.0000000000
72024  -42.143  -20.939  34.094 0.0000000000
72031  -42.753  -20.124  32.991 0.0000000000
71018  -42.863  -20.857  33.563 0.0000000000
72032  -43.547  -20.866  32.917 0.0000000000
71019  -44.200  -21.764  33.098 0.0000000000
72041  -43.887  -20.385  32.343 0.0000000000
75120  -47.687  -17.729  30.073 0.0000000000
74074  -49.666  -18.087  28.936 0.0000000000
146613  -48.687  -18.757  29.449 0.0000000000
142165  -49.364  -18.767  29.264 0.0000000000
73041  -49.779  -19.434  29.376 0.0000000000
73042  -50.604  -19.372  29.356 0.0000000000
74075  -51.006  -18.760  28.914 0.0000000000
75131  -51.122  -17.505  28.406 0.0000000000
74084  -51.498  -18.193  28.543 0.0000000000
75132  -52.016  -17.461  28.391 0.0000000000
76147  -52.106  -16.664  28.306 0.0000000000
77129  -50.197  -15.260  29.102 0.0000000000
157508  -36.472  -33.019  41.792 0.0000000000
58827  -37.042  -33.211  40.944 0.0000000000
59826  -36.217  -32.825  41.239 0.0000000000
66092  -35.677  -26.402  37.200 0.0000000000
66091  -34.990  -26.317  37.857 0.0000000000
64956  -36.091  -27.341  36.936 0.0000000000
63860  -36.005  -28.121  37.442 0.0000000000
63880  -36.886  -28.067  36.950 0.0000000000
64974  -36.782  -27.253  36.580 0.0000000000
67124  -37.421  -25.352  36.716 0.0000000000
156998  -38.097  -26.405  35.811 0.0000000000
67136  -38.797  -25.929  35.801 0.0000000000
67125  -38.576  -25.209  36.351 0.0000000000
46153  -27.164  -45.269  46.527 0.0000000000
46154  -27.953  -45.288  46.721 0.0000000000
46134  -29.089  -45.138  48.389 0.0000000000
46133  -28.396  -45.417  48.749 0.0000000000
42884  -12.786  -48.904  46.692 0.0000000000
41678  -12.593  -49.752  46.929 0.0000000000
152554  -13.246  -50.355  46.831 0.0000000000
40421  -13.381  -51.095  47.005 0.0000000000
40439  -13.922  -50.473  46.738 0.0000000000
27760  -9.350  -61.626  50.201 0.0000000000
156698  -8.659  -60.964  49.893 0.0000000000
26505  -8.746  -62.076  50.462 0.0000000000
140287  -7.704  -63.472  51.272 0.0000000000
26494  -7.462  -62.669  51.098 0.0000000000
26483  -6.709  -62.870  51.398 0.0000000000
57719  -42.695  -34.887  46.071 0.0000000000
57736  -43.193  -34.275  45.666 0.0000000000
58760  -43.906  -33.879  46.003 0.0000000000
149785  -42.967  -33.946  45.096 0.0000000000
50352  -31.654  -41.795  45.141 0.0000000000
49326  -31.600  -42.617  46.017 0.0000000000
49327  -31.872  -41.901  45.971 0.0000000000
46126  -14.723  -44.967  47.887 0.0000000000
46125  -14.080  -45.295  48.412 0.0000000000
46138  -14.597  -45.706  47.615 0.0000000000
45079  -14.635  -46.867  46.650 0.0000000000
45070  -15.067  -46.283  46.881 0.0000000000
44016  -16.670  -47.519  46.776 0.0000000000
45083  -18.584  -46.590  46.796 0.0000000000
150880  -18.656  -47.328  47.283 0.0000000000
42830  -18.286  -48.414  49.334 0.0000000000
42843  -17.638  -48.774  48.673 0.0000000000
134273  -35.868  -37.627  44.994 0.0000000000
55578  -35.641  -36.278  42.616 0.0000000000
55579  -36.320  -36.616  42.680 0.0000000000
57730  -35.261  -34.382  44.861 0.0000000000
157302  -35.714  -34.408  44.041 0.0000000000
136759  -36.690  -33.880  44.609 0.0000000000
57768  -36.521  -34.027  43.309 0.0000000000
148352  -21.023  -41.445  45.551 0.0000000000
50344  -21.800  -41.464  45.656 0.0000000000
50346  -23.327  -41.108  45.245 0.0000000000
48250  -24.031  -42.645  45.632 0.0000000000
49322  -24.357  -42.126  45.168 0.0000000000
50349  -26.168  -41.896  45.437 0.0000000000
133829  -25.747  -42.716  45.253 0.0000000000
48252  -26.906  -43.439  45.056 0.0000000000
138823  -27.849  -42.488  44.812 0.0000000000
48253  -28.718  -44.009  44.937 0.0000000000
49333  -29.126  -42.543  44.365 0.0000000000
138909  -28.642  -38.046  46.689 0.0000000000
138092  -28.870  -38.110  47.503 0.0000000000
53423  -28.996  -38.917  46.998 0.0000000000
52386  -29.321  -39.729  47.287 0.0000000000
52417  -28.667  -39.641  45.340 0.0000000000
52424  -28.504  -39.201  44.214 0.0000000000
149855  -28.709  -39.905  43.960 0.0000000000
51405  -29.073  -40.197  43.646 0.0000000000
50369  -29.183  -41.047  43.737 0.0000000000
50370  -29.928  -41.122  43.475 0.0000000000
50371  -30.622  -41.267  43.546 0.0000000000
51407  -30.524  -40.612  43.457 0.0000000000
54493  -29.820  -37.293  43.612 0.0000000000
52436  -30.690  -38.969  43.798 0.0000000000
53476  -30.345  -37.879  43.827 0.0000000000
53464  -30.858  -38.100  44.634 0.0000000000
58787  -30.553  -33.628  44.444 0.0000000000
57760  -29.725  -35.087  43.695 0.0000000000
57761  -30.591  -34.797  43.560 0.0000000000
55536  -32.252  -36.139  43.948 0.0000000000
54470  -31.752  -36.576  44.923 0.0000000000
135710  -32.518  -36.629  45.313 0.0000000000
54448  -32.833  -36.766  45.985 0.0000000000
54473  -34.991  -37.472  44.644 0.0000000000
131252  -36.094  -37.649  45.866 0.0000000000
152626  -21.142  -39.397  45.872 0.0000000000
52401  -20.419  -39.495  46.022 0.0000000000
52413  -20.840  -40.049  45.626 0.0000000000
51381  -20.577  -40.947  45.570 0.0000000000
152077  -44.147  -26.928  36.450 0.0000000000
151501  -45.297  -25.378  35.359 0.0000000000
67129  -45.752  -25.763  35.978 0.0000000000
69117  -44.390  -23.340  34.293 0.0000000000
140629  -43.574  -17.479  33.038 0.0000000000
74039  -42.856  -17.773  33.208 0.0000000000
73010  -44.756  -19.489  31.646 0.0000000000
152267  -44.426  -18.793  31.814 0.0000000000
72042  -44.451  -20.384  31.935 0.0000000000
72057  -45.296  -20.375  31.468 0.0000000000
74061  -47.366  -18.576  30.160 0.0000000000
73023  -46.745  -19.206  30.565 0.0000000000
71055  -47.986  -21.407  30.889 0.0000000000
72069  -47.126  -21.109  31.025 0.0000000000
71045  -47.448  -21.841  31.490 0.0000000000
71044  -46.492  -21.615  31.576 0.0000000000
70073  -47.849  -22.235  32.227 0.0000000000
70076  -50.084  -22.386  33.214 0.0000000000
73026  -52.587  -19.932  30.358 0.0000000000
77141  -53.258  -15.699  28.401 0.0000000000
155200  -53.066  -13.596  28.483 0.0000000000
134255  -53.085  -12.597  28.685 0.0000000000
132374  -49.832  -11.487  28.234 0.0000000000
81160  -50.562  -11.348  27.911 0.0000000000
33589  -9.810  -56.804  48.453 0.0000000000
32429  -9.310  -57.520  48.859 0.0000000000
32431  -12.111  -57.099  49.419 0.0000000000
32452  -11.596  -57.358  48.837 0.0000000000
32430  -11.807  -57.905  49.508 0.0000000000
30128  -11.359  -59.725  50.285 0.0000000000
30141  -11.050  -59.417  49.536 0.0000000000
28980  -10.762  -60.142  49.809 0.0000000000
141513  -10.118  -60.457  49.556 0.0000000000
134321  -10.659  -62.275  52.240 0.0000000000
54475  -37.569  -37.511  44.455 0.0000000000
54453  -38.219  -37.517  45.273 0.0000000000
54476  -38.293  -37.309  44.446 0.0000000000
55563  -39.094  -36.429  43.556 0.0000000000
55538  -39.412  -36.593  44.327 0.0000000000
55539  -40.161  -36.175  44.479 0.0000000000
57784  -38.782  -35.139  41.918 0.0000000000
57786  -40.350  -34.517  42.566 0.0000000000
56656  -39.989  -35.247  42.863 0.0000000000
56643  -41.035  -34.979  44.081 0.0000000000
57770  -41.323  -34.337  43.666 0.0000000000
58816  -41.337  -33.467  42.747 0.0000000000
149312  -41.505  -33.797  43.313 0.0000000000
58805  -41.886  -33.209  43.280 0.0000000000
61707  -34.610  -30.336  40.471 0.0000000000
61695  -34.814  -30.438  41.072 0.0000000000
60778  -35.178  -31.663  40.504 0.0000000000
60788  -35.308  -31.362  39.833 0.0000000000
63838  -34.416  -28.129  38.814 0.0000000000
63819  -34.330  -28.370  39.414 0.0000000000
62724  -34.568  -28.838  38.918 0.0000000000
61719  -36.944  -30.667  39.378 0.0000000000
156409  -37.240  -31.265  39.439 0.0000000000
60789  -36.680  -31.506  39.506 0.0000000000
59853  -39.061  -32.298  39.723 0.0000000000
60792  -38.877  -31.428  39.690 0.0000000000
60780  -40.244  -31.439  40.305 0.0000000000
60757  -41.589  -31.738  41.698 0.0000000000
62690  -40.803  -29.092  40.090 0.0000000000
63861  -38.480  -28.855  37.043 0.0000000000
62750  -39.120  -29.026  36.861 0.0000000000
62729  -40.793  -29.247  38.128 0.0000000000
62773  -42.913  -29.107  36.576 0.0000000000
62755  -43.252  -29.508  37.479 0.0000000000
63864  -43.799  -28.863  37.004 0.0000000000
153300  -44.238  -27.821  36.718 0.0000000000
155800  -43.512  -28.356  36.499 0.0000000000
141364  -42.476  -25.912  35.666 0.0000000000
67137  -39.904  -25.022  35.737 0.0000000000
69097  -40.414  -23.388  35.371 0.0000000000
70045  -41.333  -22.194  34.714 0.0000000000
72010  -39.964  -20.377  35.317 0.0000000000
49307  -22.316  -42.262  46.464 0.0000000000
48236  -21.994  -42.596  47.357 0.0000000000
48223  -22.905  -43.128  47.675 0.0000000000
47164  -23.649  -44.060  48.763 0.0000000000
47153  -23.587  -44.357  49.553 0.0000000000
47141  -23.382  -44.531  50.323 0.0000000000
149116  -24.305  -44.893  49.884 0.0000000000
133387  -26.223  -45.487  48.967 0.0000000000
155247  -25.606  -45.294  48.663 0.0000000000
46117  -26.169  -45.529  49.713 0.0000000000
48214  -30.976  -43.849  48.003 0.0000000000
36886  -10.869  -53.063  47.853 0.0000000000
39218  -11.993  -51.694  47.414 0.0000000000
36900  -12.664  -53.405  47.445 0.0000000000
38058  -12.277  -52.644  47.335 0.0000000000
35829  -12.470  -54.110  47.609 0.0000000000
35805  -13.024  -54.558  48.020 0.0000000000
34709  -12.968  -55.061  48.579 0.0000000000
44014  -14.831  -47.660  46.418 0.0000000000
139431  -14.083  -48.104  46.518 0.0000000000
42886  -14.717  -48.706  46.477 0.0000000000
40441  -15.119  -50.153  46.884 0.0000000000
40422  -15.114  -50.720  47.388 0.0000000000
39221  -14.536  -51.416  47.361 0.0000000000
39212  -15.094  -51.244  48.067 0.0000000000
81207  -50.739  -11.188  25.143 0.0000000000
22741  -7.338  -65.117  51.377 0.0000000000
22734  -7.412  -65.049  51.549 0.0000000000
23969  -6.022  -63.648  51.175 0.0000000000
26481  -5.951  -62.819  51.342 0.0000000000
25226  -5.666  -63.319  50.963 0.0000000000
47162  -20.858  -44.274  48.385 0.0000000000
48222  -21.507  -42.961  48.145 0.0000000000
153921  -35.468  -37.539  46.406 0.0000000000
51380  -19.776  -41.209  45.753 0.0000000000
152403  -18.910  -41.330  46.169 0.0000000000
50342  -19.457  -42.075  45.697 0.0000000000
48248  -19.566  -43.519  45.907 0.0000000000
72989  -41.575  -19.460  33.870 0.0000000000
72990  -42.252  -19.247  33.292 0.0000000000
72998  -42.852  -19.342  32.777 0.0000000000
75121  -48.506  -17.595  29.671 0.0000000000
75130  -50.456  -17.136  28.484 0.0000000000
60747  -36.395  -31.472  43.554 0.0000000000
60755  -35.923  -31.867  42.772 0.0000000000
60754  -35.548  -31.437  42.151 0.0000000000
67109  -36.237  -25.609  37.134 0.0000000000
157016  -36.794  -25.750  36.721 0.0000000000
67111  -38.094  -24.927  36.874 0.0000000000
47187  -28.493  -45.032  46.020 0.0000000000
155560  -29.102  -45.041  47.637 0.0000000000
47166  -29.706  -44.728  48.025 0.0000000000
43996  -12.445  -48.193  47.406 0.0000000000
81162  -52.220  -10.813  28.008 0.0000000000
25229  -9.419  -63.053  51.282 0.0000000000
25228  -8.659  -63.684  51.455 0.0000000000
23985  -7.870  -64.296  51.546 0.0000000000
52418  -31.658  -39.635  45.130 0.0000000000
50353  -31.989  -41.106  45.854 0.0000000000
51360  -32.626  -40.542  47.179 0.0000000000
50312  -33.015  -40.878  47.997 0.0000000000
49295  -17.078  -42.154  47.492 0.0000000000
47161  -15.681  -43.923  47.827 0.0000000000
47171  -15.668  -44.826  47.432 0.0000000000
46148  -15.773  -46.114  46.929 0.0000000000
141411  -16.926  -46.828  46.702 0.0000000000
43999  -19.297  -47.219  47.736 0.0000000000
43970  -18.890  -47.840  48.952 0.0000000000
54496  -35.098  -37.314  43.647 0.0000000000
139274  -22.079  -40.207  45.446 0.0000000000
135861  -22.154  -40.826  45.413 0.0000000000
51384  -23.719  -40.397  45.301 0.0000000000
50308  -26.280  -41.166  46.711 0.0000000000
50328  -26.875  -41.591  46.149 0.0000000000
149472  -26.890  -42.094  45.544 0.0000000000
49325  -27.188  -42.583  45.099 0.0000000000
50351  -28.186  -41.782  44.816 0.0000000000
152026  -28.807  -35.704  47.924 0.0000000000
143346  -28.373  -37.356  46.426 0.0000000000
54426  -28.274  -37.859  45.846 0.0000000000
53463  -28.393  -38.191  44.269 0.0000000000
139841  -28.649  -38.635  43.747 0.0000000000
53474  -29.049  -38.553  43.437 0.0000000000
53473  -28.701  -37.922  43.770 0.0000000000
54492  -29.129  -37.609  43.539 0.0000000000
58802  -31.698  -33.879  43.646 0.0000000000
57762  -31.418  -34.586  43.416 0.0000000000
56635  -31.966  -35.249  43.351 0.0000000000
132040  -32.592  -35.742  43.502 0.0000000000
67127  -43.870  -26.006  35.891 0.0000000000
66114  -44.425  -26.355  36.236 0.0000000000
67139  -44.087  -25.515  35.349 0.0000000000
156980  -44.686  -25.507  35.272 0.0000000000
68132  -44.590  -24.892  34.925 0.0000000000
71008  -44.317  -22.343  33.555 0.0000000000
70048  -44.758  -22.967  33.815 0.0000000000
157843  -44.977  -22.799  33.575 0.0000000000
75089  -44.835  -17.255  32.287 0.0000000000
75088  -44.038  -17.722  32.438 0.0000000000
74052  -45.010  -18.605  31.559 0.0000000000
72081  -48.469  -20.125  29.945 0.0000000000
147866  -48.449  -20.916  30.451 0.0000000000
71056  -48.852  -21.452  30.781 0.0000000000
71047  -49.406  -21.848  31.349 0.0000000000
71035  -48.950  -22.151  32.109 0.0000000000
157061  -51.224  -14.301  28.560 0.0000000000
78187  -51.913  -14.250  28.367 0.0000000000
79197  -51.358  -13.283  28.665 0.0000000000
80223  -51.485  -11.926  28.719 0.0000000000
80222  -49.676  -11.881  28.786 0.0000000000
156005  -10.232  -55.203  47.877 0.0000000000
33590  -10.709  -56.827  48.295 0.0000000000
55562  -38.356  -36.728  43.272 0.0000000000
57801  -39.281  -34.408  41.483 0.0000000000
57802  -40.002  -34.136  41.853 0.0000000000
57787  -41.006  -34.138  42.976 0.0000000000
58831  -40.387  -33.428  41.492 0.0000000000
62688  -34.456  -29.578  40.243 0.0000000000
62725  -35.294  -28.984  38.525 0.0000000000
62704  -36.521  -29.852  39.124 0.0000000000
61720  -38.896  -30.488  39.687 0.0000000000
61709  -40.305  -30.292  40.148 0.0000000000
153722  -40.317  -29.374  40.070 0.0000000000
62706  -39.992  -28.927  39.805 0.0000000000
63821  -39.674  -28.829  39.333 0.0000000000
63897  -38.736  -28.437  36.132 0.0000000000
62769  -39.580  -29.065  36.352 0.0000000000
62770  -40.323  -29.322  36.343 0.0000000000
62753  -41.412  -29.628  37.233 0.0000000000
62772  -41.968  -29.494  36.452 0.0000000000
63901  -42.167  -28.792  35.983 0.0000000000
64994  -42.109  -27.772  35.722 0.0000000000
155950  -41.619  -27.033  35.622 0.0000000000
141699  -39.635  -22.905  36.062 0.0000000000
70030  -39.917  -22.734  35.612 0.0000000000
136367  -40.040  -21.915  35.315 0.0000000000
133906  -23.702  -43.425  46.858 0.0000000000
47165  -24.454  -44.523  48.322 0.0000000000
141825  -12.568  -51.209  47.194 0.0000000000
36901  -13.384  -53.343  47.564 0.0000000000
36887  -13.656  -53.940  47.986 0.0000000000
35786  -13.629  -54.517  48.704 0.0000000000
41682  -16.029  -48.763  46.936 0.0000000000
41681  -15.464  -49.350  46.747 0.0000000000
55492  -41.227  -36.447  47.037 0.0000000000
133793  -41.043  -36.085  45.909 0.0000000000
45052  -20.226  -46.662  50.093 0.0000000000
45047  -20.726  -45.821  50.596 0.0000000000
46100  -21.162  -45.233  50.954 0.0000000000
47138  -21.372  -44.663  50.516 0.0000000000
54427  -32.329  -37.365  46.619 0.0000000000
53443  -32.496  -37.737  47.273 0.0000000000
140693  -17.700  -41.243  47.814 0.0000000000
50326  -18.238  -41.510  46.702 0.0000000000
50325  -18.035  -42.124  46.545 0.0000000000
50306  -17.668  -41.759  47.245 0.0000000000
49303  -17.532  -42.596  46.768 0.0000000000
48232  -17.264  -43.443  46.714 0.0000000000
47181  -17.546  -44.735  46.506 0.0000000000
46149  -17.599  -45.479  46.553 0.0000000000
45084  -19.132  -45.997  46.639 0.0000000000
46151  -19.564  -45.348  46.594 0.0000000000
46141  -19.720  -45.973  46.858 0.0000000000
136794  -19.893  -46.749  47.989 0.0000000000
45060  -20.148  -46.557  49.044 0.0000000000
57764  -33.662  -34.871  43.208 0.0000000000
57743  -34.179  -34.461  43.578 0.0000000000
152432  -29.375  -34.662  47.068 0.0000000000
57712  -28.948  -34.822  46.256 0.0000000000
57729  -29.185  -34.489  45.290 0.0000000000
58769  -29.930  -33.846  45.475 0.0000000000
154404  -30.168  -33.606  44.967 0.0000000000
134855  -31.293  -33.332  44.742 0.0000000000
148550  -31.442  -33.318  45.458 0.0000000000
58788  -31.935  -33.514  44.249 0.0000000000
58803  -32.502  -33.887  43.763 0.0000000000
69115  -42.343  -23.352  34.901 0.0000000000
70046  -43.141  -22.261  34.307 0.0000000000
149811  -43.677  -22.091  33.845 0.0000000000
137128  -44.761  -21.841  32.785 0.0000000000
75108  -46.935  -17.832  30.531 0.0000000000
73039  -48.114  -19.140  29.660 0.0000000000
72082  -49.440  -20.165  29.713 0.0000000000
135122  -50.704  -20.572  30.136 0.0000000000
72073  -51.396  -20.661  30.422 0.0000000000
72084  -51.158  -19.942  29.847 0.0000000000
73043  -51.979  -19.601  29.696 0.0000000000
74076  -52.002  -18.976  28.906 0.0000000000
74077  -52.665  -18.489  29.133 0.0000000000
141015  -52.637  -16.181  28.297 0.0000000000
77139  -51.501  -15.105  28.344 0.0000000000
144989  -51.034  -15.815  28.491 0.0000000000
34708  -11.941  -55.982  48.307 0.0000000000
58814  -36.843  -33.417  41.745 0.0000000000
59835  -37.086  -33.024  40.016 0.0000000000
66060  -34.543  -26.506  39.670 0.0000000000
64941  -34.616  -27.573  38.295 0.0000000000
140692  -35.155  -25.558  38.614 0.0000000000
154096  -34.666  -26.907  37.987 0.0000000000
63859  -35.297  -28.253  37.953 0.0000000000
155522  -37.630  -28.571  37.208 0.0000000000
63882  -38.283  -28.576  36.604 0.0000000000
64975  -37.418  -27.640  36.369 0.0000000000
63881  -38.083  -28.077  36.176 0.0000000000
64990  -38.642  -27.737  35.784 0.0000000000
64991  -39.443  -27.405  35.522 0.0000000000
66127  -40.116  -26.697  35.447 0.0000000000
66126  -39.366  -26.523  35.562 0.0000000000
68113  -39.271  -24.165  36.638 0.0000000000
69082  -39.498  -23.415  36.605 0.0000000000
136603  -39.614  -23.124  37.237 0.0000000000
142640  -25.602  -44.754  46.021 0.0000000000
47175  -25.449  -45.065  46.875 0.0000000000
46143  -26.413  -45.236  46.823 0.0000000000
46131  -26.989  -45.522  48.568 0.0000000000
46144  -28.337  -45.325  47.741 0.0000000000
46132  -27.734  -45.505  48.337 0.0000000000
41652  -11.922  -49.870  47.506 0.0000000000
41617  -16.560  -49.782  49.684 0.0000000000
30139  -9.484  -60.005  49.255 0.0000000000
28990  -8.897  -60.603  49.648 0.0000000000
28979  -8.109  -60.601  50.272 0.0000000000
27758  -7.671  -61.097  50.601 0.0000000000
27748  -7.818  -61.945  50.750 0.0000000000
27747  -7.103  -61.083  50.800 0.0000000000
27746  -6.397  -61.209  51.003 0.0000000000
153898  -43.927  -17.017  33.547 0.0000000000
76106  -46.462  -16.680  31.721 0.0000000000
48265  -30.854  -43.023  44.648 0.0000000000
48239  -30.585  -43.691  46.039 0.0000000000
48256  -31.086  -43.199  45.484 0.0000000000
48240  -31.245  -43.260  46.463 0.0000000000
53424  -32.398  -38.346  47.429 0.0000000000
46113  -13.709  -44.942  49.240 0.0000000000
45059  -13.941  -45.986  48.104 0.0000000000
45080  -15.789  -46.721  46.669 0.0000000000
44015  -15.817  -47.510  46.580 0.0000000000
42842  -16.815  -49.061  48.094 0.0000000000
45082  -17.716  -46.449  46.718 0.0000000000
44017  -17.413  -47.294  46.904 0.0000000000
42865  -18.254  -47.903  47.691 0.0000000000
43998  -17.878  -47.717  47.210 0.0000000000
42864  -17.580  -48.419  47.688 0.0000000000
137027  -16.964  -49.196  49.170 0.0000000000
81191  -50.252  -11.156  25.889 0.0000000000
131480  -36.925  -37.770  46.013 0.0000000000
54430  -37.737  -37.667  46.041 0.0000000000
54498  -37.059  -37.370  43.631 0.0000000000
54497  -36.102  -37.460  43.507 0.0000000000
55580  -37.225  -36.373  42.681 0.0000000000
57782  -37.270  -35.409  42.472 0.0000000000
57765  -34.719  -34.993  43.013 0.0000000000
57746  -36.270  -34.327  43.759 0.0000000000
147205  -21.027  -42.435  46.056 0.0000000000
49319  -21.692  -42.057  46.054 0.0000000000
50345  -22.685  -41.275  45.469 0.0000000000
49308  -23.195  -42.342  46.055 0.0000000000
150226  -23.688  -42.949  46.245 0.0000000000
48238  -24.411  -43.553  46.099 0.0000000000
47195  -25.235  -44.059  45.689 0.0000000000
51370  -24.875  -39.797  46.236 0.0000000000
51385  -24.710  -40.537  45.404 0.0000000000
50347  -24.693  -41.530  45.120 0.0000000000
50348  -25.462  -41.224  45.442 0.0000000000
47196  -25.982  -44.347  45.587 0.0000000000
151560  -27.347  -44.665  45.440 0.0000000000
143802  -27.678  -43.977  45.034 0.0000000000
47198  -28.156  -44.653  45.405 0.0000000000
48254  -29.590  -43.824  44.948 0.0000000000
48264  -30.141  -43.273  44.388 0.0000000000
51372  -29.094  -41.019  46.524 0.0000000000
51386  -28.566  -41.173  44.767 0.0000000000
135978  -28.623  -40.274  44.576 0.0000000000
50361  -28.794  -41.676  44.262 0.0000000000
50362  -29.542  -41.826  43.922 0.0000000000
49334  -29.871  -42.665  44.078 0.0000000000
49335  -30.545  -42.515  44.178 0.0000000000
49341  -30.881  -41.715  43.904 0.0000000000
50363  -31.374  -41.349  44.323 0.0000000000
52435  -30.256  -39.714  43.503 0.0000000000
51408  -30.932  -40.032  43.767 0.0000000000
51396  -31.388  -40.365  44.299 0.0000000000
53455  -31.318  -38.428  45.384 0.0000000000
53456  -31.650  -37.745  46.160 0.0000000000
56615  -29.340  -34.700  44.294 0.0000000000
56632  -29.475  -35.936  43.671 0.0000000000
55554  -30.002  -36.447  43.655 0.0000000000
56634  -31.141  -35.391  43.461 0.0000000000
55555  -30.789  -36.098  43.687 0.0000000000
54469  -30.829  -37.079  44.590 0.0000000000
54449  -34.029  -37.076  45.594 0.0000000000
52381  -19.348  -39.265  47.371 0.0000000000
131664  -20.203  -39.057  46.859 0.0000000000
66115  -45.255  -26.203  36.445 0.0000000000
70031  -45.312  -23.475  34.216 0.0000000000
74045  -42.745  -18.500  32.897 0.0000000000
72999  -43.328  -18.919  32.439 0.0000000000
74047  -43.912  -18.462  32.154 0.0000000000
72043  -44.849  -21.225  32.066 0.0000000000
71032  -45.268  -21.828  32.393 0.0000000000
73022  -46.124  -18.821  30.953 0.0000000000
73012  -46.113  -19.775  30.999 0.0000000000
71033  -45.959  -22.042  32.282 0.0000000000
139684  -47.745  -22.429  33.198 0.0000000000
70075  -49.293  -22.353  32.886 0.0000000000
80225  -53.198  -11.436  28.866 0.0000000000
81142  -51.933  -11.127  28.409 0.0000000000
81176  -49.509  -10.984  26.860 0.0000000000
82074  -48.764  -10.119  27.112 0.0000000000
33580  -8.949  -56.564  49.085 0.0000000000
31231  -9.200  -58.370  49.049 0.0000000000
33591  -11.423  -56.733  48.440 0.0000000000
32451  -11.003  -57.506  48.549 0.0000000000
31232  -11.359  -58.700  49.400 0.0000000000
31251  -10.548  -58.238  48.720 0.0000000000
30150  -9.905  -59.023  48.836 0.0000000000
27770  -9.839  -61.059  49.931 0.0000000000
27761  -10.094  -61.563  50.499 0.0000000000
28967  -10.722  -61.214  50.922 0.0000000000
145476  -10.340  -62.068  51.304 0.0000000000
156804  -9.885  -62.594  51.259 0.0000000000
54431  -38.547  -37.543  46.203 0.0000000000
54477  -38.930  -37.100  44.819 0.0000000000
55519  -40.376  -36.580  45.897 0.0000000000
56654  -38.597  -35.796  42.465 0.0000000000
56641  -39.528  -35.867  43.215 0.0000000000
56616  -40.813  -35.581  44.610 0.0000000000
56602  -41.340  -35.528  45.310 0.0000000000
57734  -41.832  -34.875  45.044 0.0000000000
157675  -42.119  -34.472  44.821 0.0000000000
57749  -42.452  -33.979  44.553 0.0000000000
58793  -42.628  -33.052  43.887 0.0000000000
62673  -35.132  -30.035  41.640 0.0000000000
61696  -35.161  -30.897  41.527 0.0000000000
60766  -35.204  -31.795  41.277 0.0000000000
59833  -35.587  -32.385  40.923 0.0000000000
59851  -37.617  -32.682  39.689 0.0000000000
61716  -34.579  -30.110  39.869 0.0000000000
61726  -34.872  -29.579  39.169 0.0000000000
61717  -34.961  -30.414  39.520 0.0000000000
142590  -36.025  -31.697  39.692 0.0000000000
59852  -38.504  -32.861  39.784 0.0000000000
59827  -40.697  -32.688  41.193 0.0000000000
60779  -39.509  -31.708  39.934 0.0000000000
59837  -40.411  -32.325  40.589 0.0000000000
59828  -41.168  -32.316  41.602 0.0000000000
145597  -41.490  -32.334  42.074 0.0000000000
59816  -42.327  -32.371  43.110 0.0000000000
59817  -43.061  -31.985  43.566 0.0000000000
61698  -41.706  -29.989  40.818 0.0000000000
63841  -39.477  -28.770  38.733 0.0000000000
63842  -40.236  -28.815  38.906 0.0000000000
63863  -39.947  -29.088  37.971 0.0000000000
64995  -42.950  -27.133  36.060 0.0000000000
148331  -40.729  -26.040  35.523 0.0000000000
149897  -41.260  -25.423  35.416 0.0000000000
68128  -40.287  -24.350  35.499 0.0000000000
68129  -41.156  -24.678  35.258 0.0000000000
136786  -41.794  -24.042  35.054 0.0000000000
71005  -41.172  -21.216  34.462 0.0000000000
70993  -40.290  -21.141  34.967 0.0000000000
72022  -40.583  -20.344  34.640 0.0000000000
72985  -40.921  -19.504  34.476 0.0000000000
48212  -22.307  -43.237  48.485 0.0000000000
48213  -23.186  -43.559  48.330 0.0000000000
47163  -22.880  -43.675  48.825 0.0000000000
135592  -22.197  -43.653  49.108 0.0000000000
137380  -22.892  -44.114  49.927 0.0000000000
46129  -25.193  -45.010  48.005 0.0000000000
46115  -24.933  -44.977  49.032 0.0000000000
46103  -25.640  -45.570  50.285 0.0000000000
46102  -24.778  -45.470  50.523 0.0000000000
46090  -24.489  -45.675  51.329 0.0000000000
47178  -30.308  -44.308  47.553 0.0000000000
35827  -11.022  -54.752  47.648 0.0000000000
38049  -11.256  -52.326  47.763 0.0000000000
35828  -11.782  -54.409  47.608 0.0000000000
35804  -12.460  -55.249  48.175 0.0000000000
42885  -13.786  -48.879  46.489 0.0000000000
41616  -15.998  -50.274  49.293 0.0000000000
143075  -14.954  -51.694  48.948 0.0000000000
23971  -7.889  -65.036  52.113 0.0000000000
134312  -7.373  -64.349  51.472 0.0000000000
25216  -6.596  -63.419  51.369 0.0000000000
26482  -6.226  -62.735  51.386 0.0000000000
149372  -6.175  -62.155  51.235 0.0000000000
23996  -5.966  -63.859  50.645 0.0000000000
23995  -5.677  -63.555  50.270 0.0000000000
23983  -5.696  -63.526  50.718 0.0000000000
26492  -5.614  -62.923  50.831 0.0000000000
22733  -6.704  -64.165  51.148 0.0000000000
22740  -6.524  -64.343  50.771 0.0000000000
25215  -6.104  -63.280  51.341 0.0000000000
25227  -5.836  -63.290  51.198 0.0000000000
27769  -9.146  -61.110  49.774 0.0000000000
45081  -16.348  -46.446  46.725 0.0000000000
47167  -30.422  -44.381  48.461 0.0000000000
47177  -29.552  -44.702  47.163 0.0000000000
51356  -19.005  -39.950  46.908 0.0000000000
51373  -32.256  -40.636  46.465 0.0000000000
51406  -29.776  -40.311  43.444 0.0000000000
52400  -19.658  -39.720  46.455 0.0000000000
52414  -21.616  -39.742  45.619 0.0000000000
52415  -22.409  -39.476  45.588 0.0000000000
52434  -29.387  -39.474  43.415 0.0000000000
54398  -28.754  -37.395  48.093 0.0000000000
54409  -28.622  -37.333  47.182 0.0000000000
54491  -28.642  -37.049  43.803 0.0000000000
55483  -28.661  -36.530  47.616 0.0000000000
55500  -28.444  -36.564  46.621 0.0000000000
55517  -28.086  -36.560  45.068 0.0000000000
55534  -28.253  -36.851  44.342 0.0000000000
55553  -29.276  -36.770  43.591 0.0000000000
56593  -28.549  -35.619  46.260 0.0000000000
56614  -28.967  -35.482  43.972 0.0000000000
57694  -29.142  -34.963  47.839 0.0000000000
57713  -29.634  -34.303  46.271 0.0000000000
57742  -30.088  -34.280  43.944 0.0000000000
58770  -30.690  -33.440  45.364 0.0000000000
59849  -35.765  -32.113  40.163 0.0000000000
60790  -37.392  -31.876  39.481 0.0000000000
62749  -35.902  -28.662  37.973 0.0000000000
62751  -39.751  -29.213  37.034 0.0000000000
62771  -41.121  -29.556  36.352 0.0000000000
62789  -39.382  -28.720  35.974 0.0000000000
62792  -41.516  -29.238  35.930 0.0000000000
64922  -34.324  -27.379  39.271 0.0000000000
76090  -44.954  -16.651  32.927 0.0000000000
82057  -49.051  -10.740  27.385 0.0000000000
136699  -31.382  -42.609  45.140 0.0000000000
137023  -18.608  -42.091  46.034 0.0000000000
140577  -31.261  -33.575  44.067 0.0000000000
142343  -25.034  -45.329  49.815 0.0000000000
142878  -28.426  -36.065  44.388 0.0000000000
146698  -32.357  -39.974  46.738 0.0000000000
149394  -5.754  -63.013  51.154 0.0000000000
149673  -24.288  -39.350  46.463 0.0000000000
153397  -50.928  -11.376  27.140 0.0000000000
154065  -25.985  -45.027  46.364 0.0000000000
154811  -34.695  -29.897  39.517 0.0000000000
154872  -29.469  -40.677  43.549 0.0000000000
155193  -31.636  -42.264  45.547 0.0000000000
156413  -29.655  -38.039  43.524 0.0000000000
