#!ascii label  , from subject sub001 vox2ras=TkReg
1135
36773  -15.288  -53.001  60.013 0.0000000000
57536  -45.979  -34.984  58.232 0.0000000000
64721  -48.838  -27.322  53.280 0.0000000000
148118  -54.083  -26.897  46.351 0.0000000000
55399  -40.056  -37.273  58.296 0.0000000000
69804  -53.146  -22.805  52.771 0.0000000000
73883  -54.399  -18.224  45.736 0.0000000000
149599  -60.868  -15.753  43.762 0.0000000000
54330  -49.772  -37.051  55.799 0.0000000000
59728  -51.508  -32.857  52.779 0.0000000000
138797  -49.292  -32.170  55.992 0.0000000000
40221  -15.686  -51.021  63.189 0.0000000000
42691  -20.020  -48.409  62.090 0.0000000000
42680  -23.313  -47.654  64.285 0.0000000000
44835  -29.815  -46.171  65.263 0.0000000000
45926  -35.390  -45.023  62.996 0.0000000000
50136  -39.759  -41.166  59.840 0.0000000000
53277  -43.886  -38.197  57.022 0.0000000000
62598  -51.402  -29.845  47.772 0.0000000000
78060  -62.669  -14.865  41.071 0.0000000000
54290  -48.197  -36.296  57.411 0.0000000000
56475  -50.435  -34.860  56.863 0.0000000000
57554  -47.671  -34.134  56.756 0.0000000000
150377  -16.566  -50.589  60.171 0.0000000000
41463  -17.949  -50.225  62.994 0.0000000000
49098  -35.551  -42.530  61.124 0.0000000000
48057  -37.389  -43.407  61.639 0.0000000000
51181  -37.640  -40.756  61.215 0.0000000000
56455  -42.887  -35.940  57.868 0.0000000000
54268  -42.960  -37.200  59.688 0.0000000000
54286  -45.615  -37.591  59.080 0.0000000000
53298  -47.453  -37.909  56.649 0.0000000000
61556  -50.909  -30.281  53.859 0.0000000000
145663  -51.132  -31.684  50.627 0.0000000000
64745  -50.305  -27.641  51.270 0.0000000000
130707  -54.358  -23.394  48.526 0.0000000000
65913  -55.377  -26.572  50.521 0.0000000000
64791  -56.389  -27.684  48.800 0.0000000000
65986  -56.537  -26.359  46.179 0.0000000000
72840  -56.586  -19.350  46.556 0.0000000000
140016  -53.618  -20.802  47.817 0.0000000000
53273  -38.601  -39.063  57.531 0.0000000000
64821  -51.916  -26.936  46.159 0.0000000000
74944  -57.792  -17.004  45.080 0.0000000000
72891  -58.993  -19.627  44.190 0.0000000000
73991  -61.659  -18.015  39.312 0.0000000000
53362  -50.856  -38.373  51.981 0.0000000000
55440  -50.619  -35.657  54.277 0.0000000000
59698  -50.405  -32.281  55.630 0.0000000000
36760  -15.264  -52.877  63.539 0.0000000000
40254  -22.511  -51.191  60.503 0.0000000000
43833  -21.625  -47.164  61.436 0.0000000000
41479  -25.035  -49.420  61.171 0.0000000000
41457  -26.416  -49.662  63.539 0.0000000000
41449  -28.929  -49.229  63.538 0.0000000000
42683  -31.562  -48.818  62.293 0.0000000000
45906  -32.376  -45.294  64.388 0.0000000000
45971  -35.859  -45.750  59.910 0.0000000000
52228  -40.058  -39.357  59.985 0.0000000000
51222  -41.400  -39.895  57.995 0.0000000000
50183  -43.282  -41.445  56.236 0.0000000000
51274  -45.627  -40.115  53.904 0.0000000000
52309  -48.460  -39.345  53.105 0.0000000000
64760  -52.929  -27.172  50.478 0.0000000000
130060  -52.232  -23.090  45.872 0.0000000000
66013  -53.749  -26.223  44.222 0.0000000000
36763  -14.572  -53.297  61.607 0.0000000000
56445  -47.019  -35.338  58.397 0.0000000000
57523  -47.807  -35.091  58.059 0.0000000000
57553  -46.859  -34.772  57.080 0.0000000000
49117  -36.246  -42.157  59.287 0.0000000000
50102  -36.789  -41.665  61.536 0.0000000000
51219  -37.366  -40.967  59.140 0.0000000000
56457  -44.483  -35.453  58.067 0.0000000000
56428  -44.471  -35.817  59.421 0.0000000000
156066  -46.093  -36.306  59.075 0.0000000000
54288  -46.765  -36.942  57.981 0.0000000000
62547  -50.497  -29.236  52.234 0.0000000000
137347  -49.701  -27.857  53.053 0.0000000000
130055  -54.447  -24.569  47.682 0.0000000000
144486  -55.202  -24.898  49.445 0.0000000000
66996  -55.148  -26.745  48.225 0.0000000000
64824  -56.340  -27.487  47.227 0.0000000000
64822  -54.984  -27.246  46.429 0.0000000000
132727  -56.299  -20.548  43.978 0.0000000000
71896  -55.672  -20.559  44.700 0.0000000000
70934  -55.157  -21.259  41.739 0.0000000000
142007  -57.987  -17.547  42.605 0.0000000000
134476  -59.082  -16.543  44.770 0.0000000000
73885  -58.993  -18.465  46.126 0.0000000000
73912  -60.391  -18.510  44.530 0.0000000000
72907  -60.082  -19.427  42.757 0.0000000000
73940  -61.252  -18.003  42.593 0.0000000000
157369  -62.701  -17.092  40.376 0.0000000000
54350  -49.947  -37.159  53.930 0.0000000000
55447  -50.448  -36.228  54.151 0.0000000000
55439  -50.208  -36.197  55.118 0.0000000000
58644  -49.534  -33.405  57.097 0.0000000000
57556  -50.531  -33.551  56.296 0.0000000000
59697  -50.031  -32.410  56.443 0.0000000000
60633  -50.084  -31.311  55.336 0.0000000000
60643  -49.305  -31.048  55.080 0.0000000000
37877  -17.005  -52.463  63.508 0.0000000000
38999  -16.292  -51.180  64.980 0.0000000000
41465  -19.196  -49.362  62.283 0.0000000000
43805  -22.485  -46.369  63.602 0.0000000000
42692  -23.214  -47.594  62.376 0.0000000000
42707  -23.111  -47.896  61.502 0.0000000000
42693  -23.982  -48.323  62.717 0.0000000000
41467  -25.647  -49.592  62.196 0.0000000000
42681  -24.584  -48.428  64.365 0.0000000000
42673  -28.931  -47.694  64.965 0.0000000000
41451  -30.199  -48.818  63.007 0.0000000000
43791  -30.192  -47.364  64.182 0.0000000000
48034  -34.327  -43.942  63.605 0.0000000000
48043  -32.943  -43.973  63.604 0.0000000000
45914  -34.167  -45.064  63.814 0.0000000000
44854  -33.097  -45.846  63.333 0.0000000000
44869  -34.289  -46.055  61.879 0.0000000000
44899  -34.852  -46.602  60.444 0.0000000000
45939  -35.444  -45.305  61.584 0.0000000000
48067  -38.421  -42.566  61.308 0.0000000000
136886  -37.714  -43.657  60.203 0.0000000000
48081  -39.128  -42.727  59.014 0.0000000000
49132  -40.727  -41.811  57.790 0.0000000000
53241  -38.911  -38.808  59.378 0.0000000000
54266  -40.236  -37.500  59.711 0.0000000000
53258  -43.680  -37.810  57.877 0.0000000000
53256  -42.028  -38.313  58.735 0.0000000000
52278  -42.261  -39.244  57.090 0.0000000000
51232  -41.780  -40.237  57.256 0.0000000000
52287  -43.244  -39.433  55.741 0.0000000000
53313  -44.031  -39.048  55.320 0.0000000000
53317  -48.550  -37.874  55.443 0.0000000000
53329  -47.794  -38.228  54.553 0.0000000000
53331  -49.356  -37.552  54.118 0.0000000000
53345  -49.487  -37.949  52.986 0.0000000000
40250  -14.990  -50.928  61.095 0.0000000000
140491  -14.202  -51.772  62.980 0.0000000000
39001  -14.013  -52.005  64.671 0.0000000000
57621  -51.892  -34.459  52.073 0.0000000000
58708  -52.559  -34.131  51.206 0.0000000000
61608  -50.639  -30.489  48.547 0.0000000000
67923  -51.428  -24.035  53.677 0.0000000000
65881  -52.541  -25.526  52.388 0.0000000000
67934  -53.451  -24.539  52.903 0.0000000000
63666  -56.609  -28.830  49.533 0.0000000000
63648  -55.235  -28.158  50.289 0.0000000000
130361  -53.120  -21.949  45.317 0.0000000000
146582  -53.071  -22.163  47.175 0.0000000000
130872  -52.601  -23.978  44.946 0.0000000000
130053  -52.340  -24.697  44.460 0.0000000000
132688  -52.895  -25.620  43.142 0.0000000000
67048  -54.089  -25.596  43.669 0.0000000000
76009  -60.500  -15.717  41.983 0.0000000000
76997  -61.647  -15.612  42.894 0.0000000000
77042  -61.685  -14.669  41.232 0.0000000000
78091  -62.490  -13.919  40.330 0.0000000000
54316  -49.372  -36.974  56.280 0.0000000000
55417  -49.950  -36.136  56.170 0.0000000000
56459  -49.237  -35.381  57.573 0.0000000000
57540  -48.941  -34.162  57.501 0.0000000000
58657  -48.626  -33.541  56.788 0.0000000000
40237  -16.359  -50.810  62.166 0.0000000000
40222  -16.652  -51.061  63.370 0.0000000000
42703  -18.731  -48.481  61.764 0.0000000000
49058  -35.604  -43.543  63.002 0.0000000000
46986  -36.317  -44.235  62.304 0.0000000000
49069  -36.377  -43.018  62.024 0.0000000000
49071  -38.144  -42.240  61.526 0.0000000000
50104  -38.748  -41.778  60.895 0.0000000000
55401  -41.649  -36.837  58.124 0.0000000000
55372  -41.528  -36.568  59.858 0.0000000000
55360  -43.410  -36.260  60.086 0.0000000000
54285  -44.759  -37.571  59.342 0.0000000000
145934  -44.682  -38.028  57.784 0.0000000000
53296  -45.892  -38.301  56.319 0.0000000000
53279  -46.486  -38.088  57.759 0.0000000000
53281  -47.687  -37.472  56.875 0.0000000000
40266  -15.867  -50.657  59.495 0.0000000000
60664  -51.372  -31.293  53.358 0.0000000000
59749  -51.746  -32.731  51.776 0.0000000000
62548  -51.132  -30.561  52.506 0.0000000000
151538  -50.364  -29.595  50.576 0.0000000000
63660  -50.560  -28.983  49.346 0.0000000000
70817  -54.240  -22.697  51.094 0.0000000000
67936  -54.519  -24.387  51.722 0.0000000000
137272  -55.147  -24.708  50.364 0.0000000000
65928  -56.010  -27.374  49.867 0.0000000000
74889  -55.134  -17.842  47.562 0.0000000000
73859  -53.594  -18.360  47.205 0.0000000000
72839  -55.285  -19.442  46.989 0.0000000000
155023  -54.258  -21.093  44.680 0.0000000000
56486  -44.687  -35.870  55.818 0.0000000000
56472  -43.547  -35.953  56.639 0.0000000000
149170  -49.243  -25.872  52.626 0.0000000000
68911  -52.544  -23.595  50.490 0.0000000000
67967  -53.308  -24.015  48.538 0.0000000000
148083  -53.284  -24.166  47.041 0.0000000000
148066  -52.929  -25.671  46.053 0.0000000000
74942  -56.075  -17.716  44.928 0.0000000000
73861  -57.675  -18.095  47.119 0.0000000000
71898  -58.011  -19.728  45.169 0.0000000000
71928  -57.587  -20.333  42.421 0.0000000000
74999  -61.902  -17.572  41.293 0.0000000000
156847  -61.058  -18.806  40.268 0.0000000000
54361  -51.166  -36.875  52.358 0.0000000000
56521  -51.144  -35.549  53.163 0.0000000000
57605  -51.056  -33.826  53.874 0.0000000000
56490  -50.529  -35.273  55.522 0.0000000000
141610  -50.728  -33.481  54.743 0.0000000000
58695  -51.135  -32.922  54.060 0.0000000000
145447  -50.771  -31.319  54.515 0.0000000000
62487  -50.056  -29.931  54.686 0.0000000000
57585  -47.000  -34.938  54.934 0.0000000000
58685  -48.098  -34.090  54.771 0.0000000000
59720  -48.757  -32.535  53.911 0.0000000000
36764  -15.407  -53.070  61.679 0.0000000000
37888  -16.993  -52.657  61.847 0.0000000000
39054  -24.020  -51.493  59.654 0.0000000000
43831  -19.508  -47.763  61.497 0.0000000000
43804  -19.866  -47.635  61.743 0.0000000000
42705  -20.742  -48.063  61.418 0.0000000000
41489  -23.467  -49.679  60.484 0.0000000000
39009  -27.875  -50.917  62.451 0.0000000000
40216  -29.006  -50.423  62.816 0.0000000000
45911  -29.655  -45.690  64.039 0.0000000000
46973  -30.959  -44.903  63.741 0.0000000000
44843  -31.119  -46.148  64.444 0.0000000000
43793  -31.489  -46.640  63.577 0.0000000000
43809  -32.474  -47.527  62.165 0.0000000000
151894  -36.607  -44.466  60.786 0.0000000000
51208  -37.880  -40.139  59.491 0.0000000000
52212  -38.982  -40.002  60.465 0.0000000000
51198  -40.021  -40.335  59.949 0.0000000000
53242  -41.128  -38.315  59.579 0.0000000000
52241  -41.083  -39.104  59.229 0.0000000000
50138  -40.815  -40.427  58.578 0.0000000000
50152  -41.200  -40.754  57.802 0.0000000000
50168  -42.487  -41.798  57.123 0.0000000000
50219  -47.024  -40.990  53.791 0.0000000000
52298  -46.183  -38.662  54.626 0.0000000000
149144  -47.012  -39.121  53.549 0.0000000000
51277  -48.384  -40.523  53.235 0.0000000000
51278  -49.709  -40.130  52.790 0.0000000000
142503  -14.259  -53.023  64.026 0.0000000000
65879  -49.918  -25.997  52.529 0.0000000000
65911  -51.247  -26.729  50.946 0.0000000000
63662  -52.250  -27.994  49.358 0.0000000000
64747  -54.478  -26.783  51.031 0.0000000000
63663  -54.137  -28.433  49.615 0.0000000000
134404  -53.123  -29.278  48.132 0.0000000000
130322  -52.566  -26.415  45.148 0.0000000000
130042  -52.958  -26.407  45.428 0.0000000000
72837  -52.055  -19.959  46.414 0.0000000000
70870  -51.252  -21.191  45.790 0.0000000000
130237  -52.114  -24.287  45.388 0.0000000000
130048  -52.554  -26.038  44.566 0.0000000000
130046  -53.505  -26.852  44.936 0.0000000000
65996  -54.950  -26.599  45.189 0.0000000000
36786  -15.171  -52.909  59.018 0.0000000000
57521  -46.693  -35.084  58.600 0.0000000000
57522  -47.393  -34.884  58.261 0.0000000000
57537  -46.736  -34.850  58.085 0.0000000000
49129  -35.885  -42.851  58.689 0.0000000000
50135  -36.755  -41.441  59.672 0.0000000000
50149  -37.001  -41.741  58.721 0.0000000000
56458  -45.260  -35.238  57.687 0.0000000000
56443  -45.402  -35.500  59.129 0.0000000000
57520  -46.021  -35.046  58.816 0.0000000000
55376  -46.419  -35.938  58.790 0.0000000000
64723  -49.820  -28.554  53.981 0.0000000000
63603  -50.068  -28.619  53.792 0.0000000000
135772  -49.503  -27.827  53.491 0.0000000000
130305  -53.608  -25.654  46.540 0.0000000000
130404  -54.345  -26.135  47.318 0.0000000000
65957  -54.885  -27.148  47.209 0.0000000000
132132  -56.296  -20.671  42.341 0.0000000000
71912  -55.834  -20.759  43.113 0.0000000000
148493  -60.262  -15.927  43.775 0.0000000000
75980  -59.735  -16.316  44.240 0.0000000000
74923  -60.017  -17.216  45.352 0.0000000000
75948  -60.498  -16.857  44.676 0.0000000000
73913  -60.707  -18.097  44.126 0.0000000000
74973  -61.193  -17.259  43.314 0.0000000000
54340  -49.850  -37.017  54.971 0.0000000000
54341  -50.143  -36.613  54.661 0.0000000000
54331  -49.981  -36.604  55.554 0.0000000000
59678  -49.527  -32.898  56.727 0.0000000000
59679  -50.039  -33.062  56.991 0.0000000000
59695  -49.553  -32.439  56.270 0.0000000000
151387  -49.857  -31.809  55.978 0.0000000000
59710  -49.141  -32.010  55.572 0.0000000000
40196  -15.325  -50.937  64.696 0.0000000000
156194  -16.172  -50.904  64.787 0.0000000000
43794  -22.735  -47.027  64.049 0.0000000000
43806  -22.531  -46.807  63.209 0.0000000000
135887  -23.197  -47.593  63.470 0.0000000000
137080  -23.854  -48.238  63.914 0.0000000000
41455  -24.903  -48.858  63.173 0.0000000000
44834  -28.550  -46.391  65.590 0.0000000000
43787  -28.690  -46.907  65.540 0.0000000000
43788  -29.565  -47.012  65.024 0.0000000000
42677  -29.479  -47.703  64.407 0.0000000000
44836  -30.334  -46.499  64.725 0.0000000000
138432  -34.941  -44.315  63.519 0.0000000000
46976  -34.262  -44.615  63.987 0.0000000000
45915  -34.863  -44.870  63.514 0.0000000000
45925  -34.389  -45.297  62.843 0.0000000000
44870  -34.991  -45.407  62.187 0.0000000000
144033  -35.579  -44.998  62.404 0.0000000000
49100  -39.236  -41.644  60.521 0.0000000000
49118  -38.821  -42.383  60.344 0.0000000000
49119  -39.497  -41.843  59.485 0.0000000000
49131  -39.886  -42.244  58.257 0.0000000000
49120  -40.197  -41.370  58.783 0.0000000000
54282  -39.720  -37.519  58.891 0.0000000000
55386  -40.172  -36.974  59.027 0.0000000000
53276  -42.984  -38.349  57.382 0.0000000000
53294  -43.090  -38.793  56.564 0.0000000000
52279  -42.637  -39.551  56.440 0.0000000000
53295  -43.972  -38.564  56.103 0.0000000000
53300  -49.086  -37.401  56.049 0.0000000000
53318  -49.326  -37.510  55.191 0.0000000000
40236  -15.321  -50.962  62.101 0.0000000000
40235  -14.664  -51.412  62.050 0.0000000000
40220  -14.900  -51.354  63.060 0.0000000000
142763  -14.815  -51.580  64.538 0.0000000000
58702  -51.671  -33.698  52.445 0.0000000000
142431  -52.128  -34.073  51.740 0.0000000000
58707  -51.868  -33.378  51.909 0.0000000000
62597  -50.768  -29.918  48.211 0.0000000000
60714  -50.820  -31.162  48.259 0.0000000000
61625  -50.955  -30.577  47.812 0.0000000000
157861  -52.463  -30.386  47.010 0.0000000000
69795  -52.402  -23.063  53.120 0.0000000000
66922  -52.645  -24.403  53.282 0.0000000000
150133  -53.428  -23.389  53.043 0.0000000000
73908  -53.649  -18.840  45.016 0.0000000000
69951  -52.594  -23.175  44.154 0.0000000000
130062  -52.769  -22.906  45.095 0.0000000000
130063  -52.293  -24.112  43.894 0.0000000000
136274  -48.737  -36.705  56.756 0.0000000000
55403  -49.017  -36.116  57.178 0.0000000000
57539  -48.148  -34.463  57.909 0.0000000000
57524  -48.664  -34.865  57.910 0.0000000000
58642  -48.232  -34.024  57.383 0.0000000000
58643  -48.904  -33.536  57.113 0.0000000000
40252  -16.529  -50.662  61.072 0.0000000000
49115  -35.043  -42.857  60.144 0.0000000000
49097  -34.787  -42.984  61.142 0.0000000000
48056  -34.602  -43.318  62.016 0.0000000000
49081  -35.355  -42.898  61.968 0.0000000000
49059  -35.926  -43.503  62.635 0.0000000000
49082  -36.135  -42.321  61.992 0.0000000000
51180  -37.095  -41.102  61.285 0.0000000000
50103  -37.425  -41.411  61.595 0.0000000000
51167  -37.960  -41.180  61.527 0.0000000000
50089  -38.320  -41.675  61.366 0.0000000000
51168  -38.261  -41.130  61.274 0.0000000000
56454  -42.367  -36.397  58.212 0.0000000000
56426  -42.793  -35.918  59.737 0.0000000000
137629  -43.352  -35.780  59.322 0.0000000000
55374  -45.411  -36.572  59.587 0.0000000000
146875  -44.619  -37.158  59.831 0.0000000000
152724  -44.420  -37.771  58.531 0.0000000000
53259  -45.304  -38.043  58.661 0.0000000000
53278  -45.659  -38.166  57.848 0.0000000000
53260  -46.121  -38.041  58.463 0.0000000000
54289  -47.400  -36.524  57.598 0.0000000000
54303  -47.136  -37.382  57.372 0.0000000000
54304  -47.862  -36.966  56.992 0.0000000000
54315  -48.483  -37.233  56.481 0.0000000000
40251  -15.797  -50.740  60.508 0.0000000000
134780  -51.156  -30.703  53.679 0.0000000000
61565  -51.433  -31.011  52.990 0.0000000000
151034  -51.176  -30.547  53.346 0.0000000000
63632  -50.179  -28.387  51.620 0.0000000000
61576  -50.589  -29.945  51.516 0.0000000000
142320  -50.254  -29.059  51.081 0.0000000000
138161  -50.364  -28.946  50.180 0.0000000000
143072  -50.375  -28.312  50.708 0.0000000000
130298  -54.379  -23.036  49.997 0.0000000000
68905  -54.785  -23.470  50.515 0.0000000000
68914  -54.940  -23.560  50.013 0.0000000000
66983  -55.359  -26.166  49.350 0.0000000000
137941  -55.393  -25.514  50.026 0.0000000000
65943  -56.350  -27.686  49.598 0.0000000000
64779  -56.575  -28.300  49.588 0.0000000000
64792  -56.815  -28.333  48.748 0.0000000000
141725  -56.100  -18.334  47.493 0.0000000000
156429  -54.912  -18.428  47.892 0.0000000000
131111  -55.978  -19.036  47.021 0.0000000000
70889  -53.568  -21.535  44.537 0.0000000000
56473  -44.420  -35.732  56.869 0.0000000000
67966  -52.413  -24.360  49.507 0.0000000000
130039  -52.035  -26.654  46.818 0.0000000000
130264  -52.931  -24.859  46.769 0.0000000000
148022  -53.257  -24.761  46.650 0.0000000000
148084  -52.708  -25.734  46.440 0.0000000000
74945  -58.291  -16.918  44.272 0.0000000000
135498  -57.417  -17.473  44.176 0.0000000000
137902  -56.583  -17.800  44.045 0.0000000000
74943  -57.021  -17.435  45.014 0.0000000000
74905  -56.491  -17.417  46.822 0.0000000000
75937  -57.877  -17.249  46.196 0.0000000000
72861  -59.435  -19.120  45.532 0.0000000000
72860  -58.678  -19.280  45.937 0.0000000000
72873  -58.869  -19.570  45.000 0.0000000000
71899  -58.233  -19.797  44.206 0.0000000000
71914  -58.669  -19.779  43.426 0.0000000000
71945  -58.190  -20.271  41.798 0.0000000000
71929  -58.376  -20.043  42.596 0.0000000000
72908  -60.654  -18.916  42.275 0.0000000000
77018  -62.189  -15.276  42.396 0.0000000000
74989  -62.151  -16.988  42.031 0.0000000000
76010  -62.537  -16.638  41.288 0.0000000000
139223  -62.508  -17.371  40.216 0.0000000000
73971  -61.870  -17.798  40.561 0.0000000000
54369  -51.310  -37.655  51.886 0.0000000000
54360  -50.607  -37.286  52.576 0.0000000000
55448  -50.847  -35.993  53.517 0.0000000000
56509  -50.988  -34.791  53.732 0.0000000000
150497  -50.173  -35.565  56.641 0.0000000000
56489  -50.384  -35.485  56.182 0.0000000000
58660  -50.535  -32.934  56.057 0.0000000000
57571  -50.602  -33.581  55.665 0.0000000000
58675  -50.551  -32.820  55.332 0.0000000000
58687  -50.767  -32.629  54.635 0.0000000000
59721  -51.075  -31.941  54.186 0.0000000000
59711  -50.622  -32.030  54.888 0.0000000000
61533  -49.950  -30.314  55.026 0.0000000000
61534  -49.840  -30.594  55.063 0.0000000000
140945  -15.743  -52.926  62.597 0.0000000000
36765  -16.183  -52.795  61.710 0.0000000000
143225  -16.548  -52.716  62.594 0.0000000000
37873  -17.543  -52.080  64.298 0.0000000000
41462  -17.392  -50.628  63.503 0.0000000000
41453  -17.909  -50.577  63.226 0.0000000000
39052  -22.297  -51.957  61.155 0.0000000000
39053  -23.105  -51.844  60.306 0.0000000000
40255  -23.515  -50.816  60.108 0.0000000000
43832  -19.715  -47.020  61.129 0.0000000000
43817  -19.822  -47.230  61.523 0.0000000000
42718  -21.648  -48.293  60.956 0.0000000000
42708  -24.047  -48.519  61.495 0.0000000000
42719  -23.359  -48.689  60.811 0.0000000000
41490  -24.245  -49.385  60.667 0.0000000000
133919  -24.164  -50.224  60.315 0.0000000000
40240  -24.964  -50.196  60.445 0.0000000000
40257  -25.488  -51.049  60.235 0.0000000000
40212  -26.259  -49.948  62.914 0.0000000000
40225  -26.341  -50.425  62.032 0.0000000000
40213  -26.887  -50.331  62.985 0.0000000000
40227  -27.337  -50.838  62.369 0.0000000000
40214  -27.477  -50.409  62.999 0.0000000000
41444  -28.503  -48.420  64.583 0.0000000000
41447  -27.508  -48.715  64.574 0.0000000000
41448  -28.172  -49.044  64.148 0.0000000000
40203  -28.534  -49.836  63.329 0.0000000000
152277  -29.202  -50.007  63.006 0.0000000000
40204  -29.648  -50.006  62.918 0.0000000000
42682  -30.836  -48.302  62.845 0.0000000000
41458  -30.846  -49.727  62.460 0.0000000000
154897  -31.416  -49.995  62.066 0.0000000000
41459  -32.058  -50.065  61.751 0.0000000000
46971  -32.761  -44.744  64.278 0.0000000000
46985  -32.335  -44.399  63.331 0.0000000000
46970  -31.994  -44.867  64.442 0.0000000000
46969  -31.170  -45.098  64.329 0.0000000000
44844  -32.016  -45.923  64.317 0.0000000000
44853  -32.384  -46.227  63.520 0.0000000000
44868  -33.525  -46.147  62.428 0.0000000000
43797  -32.738  -46.597  62.649 0.0000000000
43810  -33.044  -47.201  61.872 0.0000000000
42695  -32.930  -48.268  61.687 0.0000000000
44912  -35.424  -46.540  59.863 0.0000000000
43841  -35.183  -47.362  59.920 0.0000000000
46996  -36.961  -43.967  62.022 0.0000000000
46995  -36.521  -44.303  61.658 0.0000000000
47008  -37.160  -43.832  61.231 0.0000000000
51220  -37.876  -40.359  58.532 0.0000000000
52252  -38.232  -39.626  58.671 0.0000000000
53227  -39.438  -38.785  59.762 0.0000000000
52227  -39.092  -39.352  60.088 0.0000000000
53215  -39.548  -39.383  60.075 0.0000000000
51184  -39.574  -40.679  60.303 0.0000000000
143479  -40.267  -39.794  59.857 0.0000000000
147915  -42.563  -37.017  60.079 0.0000000000
54252  -41.221  -37.410  59.935 0.0000000000
54267  -41.900  -37.543  59.598 0.0000000000
52254  -41.636  -39.183  58.345 0.0000000000
52242  -41.434  -38.943  58.842 0.0000000000
52253  -41.168  -39.607  58.739 0.0000000000
51210  -40.858  -40.034  58.841 0.0000000000
51221  -41.131  -40.179  58.245 0.0000000000
51231  -41.468  -40.583  57.575 0.0000000000
50182  -42.415  -41.127  56.751 0.0000000000
139526  -41.926  -41.068  57.130 0.0000000000
50169  -43.124  -42.048  56.994 0.0000000000
52296  -44.696  -39.998  54.376 0.0000000000
53297  -46.668  -38.086  56.923 0.0000000000
143242  -45.826  -38.512  55.459 0.0000000000
53315  -46.705  -38.253  55.814 0.0000000000
145107  -47.849  -38.627  53.584 0.0000000000
53343  -46.953  -38.587  53.961 0.0000000000
52308  -47.606  -39.660  53.291 0.0000000000
130464  -49.395  -40.863  53.221 0.0000000000
137235  -49.006  -39.999  52.876 0.0000000000
53361  -50.127  -38.120  52.427 0.0000000000
52319  -49.871  -39.156  52.519 0.0000000000
52320  -50.605  -39.313  52.213 0.0000000000
36752  -14.519  -52.451  64.599 0.0000000000
36751  -13.684  -52.771  64.525 0.0000000000
134251  -14.884  -53.153  62.703 0.0000000000
59748  -51.508  -32.059  51.451 0.0000000000
59757  -51.936  -32.927  50.912 0.0000000000
59756  -51.523  -32.348  50.378 0.0000000000
65868  -49.516  -25.594  52.627 0.0000000000
65895  -51.764  -26.110  51.639 0.0000000000
65912  -52.327  -26.649  50.990 0.0000000000
64776  -51.432  -27.780  49.810 0.0000000000
64777  -52.334  -27.535  49.927 0.0000000000
66950  -54.847  -25.128  51.251 0.0000000000
66949  -54.536  -25.580  51.582 0.0000000000
64748  -55.044  -26.731  50.892 0.0000000000
63664  -55.009  -28.597  50.046 0.0000000000
62565  -54.608  -29.068  49.367 0.0000000000
62580  -53.648  -28.886  48.888 0.0000000000
141733  -54.094  -29.443  48.451 0.0000000000
144289  -52.512  -26.123  44.551 0.0000000000
153831  -53.406  -19.509  48.389 0.0000000000
73858  -52.878  -18.856  47.690 0.0000000000
130519  -52.943  -20.503  48.171 0.0000000000
130386  -52.811  -22.442  46.450 0.0000000000
130068  -52.266  -21.643  47.003 0.0000000000
148896  -51.938  -22.152  46.310 0.0000000000
130405  -51.127  -21.893  45.315 0.0000000000
130451  -51.653  -22.936  45.556 0.0000000000
147995  -51.470  -23.670  45.058 0.0000000000
148050  -52.006  -23.769  45.658 0.0000000000
130054  -52.884  -25.855  43.721 0.0000000000
130615  -52.600  -25.779  44.307 0.0000000000
130049  -53.082  -26.230  44.198 0.0000000000
141563  -53.530  -26.602  44.581 0.0000000000
65995  -54.062  -26.841  44.876 0.0000000000
55390  -47.654  -35.645  57.885 0.0000000000
55391  -48.436  -35.508  57.776 0.0000000000
57538  -47.526  -34.449  57.729 0.0000000000
49116  -35.775  -42.280  60.213 0.0000000000
50119  -36.126  -41.806  61.177 0.0000000000
50134  -36.251  -41.735  60.219 0.0000000000
50120  -36.718  -41.287  60.730 0.0000000000
51207  -37.181  -40.804  60.067 0.0000000000
56456  -43.653  -35.809  57.466 0.0000000000
56441  -43.964  -35.659  59.287 0.0000000000
56442  -44.557  -35.380  58.941 0.0000000000
55375  -45.814  -36.082  59.301 0.0000000000
54271  -45.825  -36.767  59.222 0.0000000000
54287  -46.211  -37.243  58.528 0.0000000000
54272  -46.373  -36.489  58.608 0.0000000000
55389  -47.003  -36.007  58.158 0.0000000000
62523  -50.509  -29.532  54.100 0.0000000000
62535  -50.889  -29.974  53.175 0.0000000000
62534  -50.534  -29.215  53.405 0.0000000000
63616  -50.100  -28.441  52.711 0.0000000000
133123  -49.860  -27.662  52.128 0.0000000000
130278  -54.465  -23.768  48.074 0.0000000000
68923  -55.060  -23.875  49.558 0.0000000000
66995  -54.880  -25.504  48.465 0.0000000000
65942  -55.807  -27.195  49.083 0.0000000000
64803  -56.711  -27.841  48.019 0.0000000000
64802  -55.777  -27.396  47.946 0.0000000000
64823  -55.505  -27.333  47.038 0.0000000000
65971  -55.909  -27.239  46.538 0.0000000000
71897  -56.520  -20.380  44.883 0.0000000000
148377  -56.077  -20.361  45.201 0.0000000000
148560  -55.585  -20.772  43.899 0.0000000000
75945  -58.505  -16.757  45.260 0.0000000000
157699  -58.302  -17.297  46.180 0.0000000000
74922  -59.403  -16.984  45.782 0.0000000000
157601  -59.663  -18.593  45.605 0.0000000000
73911  -60.062  -18.991  45.118 0.0000000000
72892  -59.591  -19.489  43.631 0.0000000000
72874  -60.267  -19.092  44.107 0.0000000000
72893  -60.571  -18.932  43.139 0.0000000000
72909  -61.044  -18.532  41.846 0.0000000000
77043  -63.132  -14.979  40.373 0.0000000000
76011  -62.864  -15.784  40.848 0.0000000000
76018  -63.133  -15.974  40.149 0.0000000000
157837  -62.824  -16.969  39.766 0.0000000000
75027  -62.118  -17.428  38.765 0.0000000000
53346  -50.047  -37.360  53.013 0.0000000000
54351  -50.365  -36.769  53.631 0.0000000000
55432  -50.394  -35.702  55.108 0.0000000000
57541  -49.866  -34.174  57.308 0.0000000000
57555  -50.366  -33.891  56.813 0.0000000000
58645  -50.014  -33.358  57.081 0.0000000000
58659  -50.262  -32.998  56.618 0.0000000000
152126  -50.316  -32.521  56.225 0.0000000000
60634  -50.397  -31.438  55.054 0.0000000000
60622  -50.124  -31.924  56.146 0.0000000000
61523  -49.896  -31.054  55.486 0.0000000000
61532  -49.451  -30.841  55.001 0.0000000000
153841  -15.380  -52.443  64.411 0.0000000000
36755  -16.079  -52.629  63.521 0.0000000000
37867  -16.205  -52.007  64.941 0.0000000000
130788  -16.716  -51.923  64.678 0.0000000000
37868  -17.207  -51.939  64.365 0.0000000000
144562  -21.954  -50.351  60.763 0.0000000000
42706  -22.441  -47.962  61.116 0.0000000000
137938  -24.783  -48.904  62.088 0.0000000000
154539  -25.636  -49.430  63.070 0.0000000000
41456  -25.613  -49.121  63.796 0.0000000000
145920  -29.106  -48.307  64.019 0.0000000000
41450  -29.589  -49.060  63.274 0.0000000000
42678  -29.776  -48.163  63.695 0.0000000000
42679  -30.376  -47.973  63.461 0.0000000000
43792  -30.838  -47.405  63.467 0.0000000000
48055  -33.743  -43.762  62.152 0.0000000000
48054  -32.950  -43.991  62.786 0.0000000000
48044  -33.628  -43.827  63.189 0.0000000000
46972  -33.458  -44.632  64.158 0.0000000000
45907  -33.157  -45.141  64.195 0.0000000000
44845  -32.803  -45.641  64.103 0.0000000000
44886  -34.832  -45.961  61.286 0.0000000000
45956  -35.350  -45.848  60.650 0.0000000000
48066  -37.945  -43.235  61.409 0.0000000000
153350  -38.323  -43.055  60.719 0.0000000000
48080  -38.394  -43.178  59.603 0.0000000000
48091  -40.596  -42.938  57.572 0.0000000000
53274  -38.791  -38.621  58.123 0.0000000000
53254  -38.556  -39.008  58.364 0.0000000000
54281  -39.169  -38.252  58.648 0.0000000000
54250  -39.857  -38.110  59.674 0.0000000000
53228  -40.015  -38.498  59.829 0.0000000000
54283  -42.588  -37.567  58.957 0.0000000000
53257  -42.804  -37.887  58.176 0.0000000000
53275  -42.264  -38.715  57.908 0.0000000000
52266  -41.771  -39.463  57.732 0.0000000000
51244  -42.217  -40.132  56.723 0.0000000000
51245  -42.701  -40.378  56.163 0.0000000000
51254  -43.402  -40.485  55.468 0.0000000000
52288  -43.908  -39.780  54.939 0.0000000000
53327  -44.636  -39.204  54.787 0.0000000000
53299  -48.260  -37.649  56.333 0.0000000000
53316  -47.682  -38.065  55.659 0.0000000000
53330  -48.653  -37.998  54.331 0.0000000000
53344  -48.820  -38.341  53.399 0.0000000000
52310  -49.205  -39.103  52.824 0.0000000000
154688  -14.426  -51.513  61.312 0.0000000000
39032  -13.951  -51.737  61.993 0.0000000000
39016  -13.526  -52.100  62.883 0.0000000000
37865  -14.386  -52.130  64.724 0.0000000000
60696  -50.696  -31.145  49.978 0.0000000000
60697  -51.086  -31.817  49.671 0.0000000000
60706  -51.212  -31.925  48.627 0.0000000000
67922  -50.638  -24.142  53.456 0.0000000000
66935  -51.261  -24.710  53.324 0.0000000000
66921  -51.739  -24.309  53.567 0.0000000000
65882  -53.581  -25.635  52.092 0.0000000000
64763  -56.167  -27.861  50.063 0.0000000000
63649  -55.672  -27.958  50.283 0.0000000000
70871  -53.433  -21.927  46.578 0.0000000000
130438  -53.376  -21.655  47.376 0.0000000000
130058  -53.280  -22.220  46.860 0.0000000000
130065  -52.995  -22.650  46.035 0.0000000000
130061  -52.578  -23.558  45.324 0.0000000000
130059  -52.426  -24.255  45.190 0.0000000000
130067  -52.552  -25.505  43.729 0.0000000000
67047  -53.264  -25.770  43.480 0.0000000000
75997  -60.532  -15.678  43.025 0.0000000000
155008  -61.223  -15.862  43.409 0.0000000000
77029  -61.148  -15.087  42.516 0.0000000000
77030  -61.666  -14.769  42.083 0.0000000000
78059  -62.273  -14.605  41.524 0.0000000000
77052  -61.651  -14.405  40.267 0.0000000000
78076  -62.638  -14.341  40.733 0.0000000000
79088  -63.070  -13.861  40.217 0.0000000000
54317  -49.863  -36.655  56.017 0.0000000000
55416  -49.527  -36.508  56.481 0.0000000000
55404  -49.662  -35.865  56.840 0.0000000000
56460  -49.935  -35.131  57.266 0.0000000000
140907  -49.361  -34.737  57.591 0.0000000000
58658  -49.268  -32.950  56.606 0.0000000000
58674  -48.939  -33.190  55.955 0.0000000000
41475  -17.321  -50.456  62.616 0.0000000000
42689  -18.543  -49.552  62.271 0.0000000000
42690  -19.115  -48.880  61.897 0.0000000000
152715  -19.631  -48.218  62.221 0.0000000000
45898  -29.054  -45.917  65.232 0.0000000000
48045  -34.413  -43.611  62.857 0.0000000000
49057  -35.002  -43.734  63.237 0.0000000000
48035  -35.456  -43.999  63.234 0.0000000000
45927  -35.923  -44.666  62.748 0.0000000000
141542  -36.153  -44.198  62.751 0.0000000000
46987  -36.463  -43.952  62.230 0.0000000000
48047  -36.978  -43.501  61.814 0.0000000000
49083  -36.992  -42.049  61.937 0.0000000000
49070  -37.455  -42.562  61.718 0.0000000000
48048  -38.003  -42.868  61.622 0.0000000000
49084  -38.509  -42.165  61.225 0.0000000000
49099  -38.823  -42.045  61.023 0.0000000000
50121  -39.350  -41.193  60.421 0.0000000000
55400  -40.682  -37.144  57.684 0.0000000000
137484  -40.760  -36.821  59.508 0.0000000000
55388  -41.477  -36.598  59.200 0.0000000000
55373  -42.212  -36.162  60.014 0.0000000000
54254  -43.289  -36.816  60.078 0.0000000000
55361  -44.216  -36.195  59.901 0.0000000000
54255  -44.087  -36.724  60.117 0.0000000000
54284  -43.507  -37.535  58.876 0.0000000000
139048  -45.023  -38.212  56.807 0.0000000000
135531  -45.986  -38.182  57.164 0.0000000000
53261  -46.691  -37.793  57.973 0.0000000000
53280  -47.072  -37.792  57.383 0.0000000000
40265  -15.013  -50.894  60.060 0.0000000000
59737  -51.475  -32.027  53.071 0.0000000000
59738  -51.583  -32.529  52.434 0.0000000000
60665  -51.499  -31.799  52.510 0.0000000000
60676  -51.393  -31.306  52.153 0.0000000000
151866  -51.212  -31.466  51.388 0.0000000000
156565  -50.807  -29.944  52.373 0.0000000000
61586  -50.532  -30.418  50.509 0.0000000000
146538  -50.403  -29.648  49.773 0.0000000000
62577  -50.544  -29.726  48.895 0.0000000000
62578  -51.149  -29.185  48.553 0.0000000000
70786  -54.106  -22.208  51.926 0.0000000000
68884  -54.021  -23.671  52.217 0.0000000000
145615  -54.671  -23.098  51.002 0.0000000000
67945  -54.799  -24.171  51.036 0.0000000000
66961  -55.200  -25.633  50.604 0.0000000000
67968  -55.287  -24.631  50.044 0.0000000000
66973  -55.312  -25.578  50.203 0.0000000000
137335  -55.535  -26.496  50.141 0.0000000000
74917  -55.003  -17.595  46.399 0.0000000000
73860  -54.264  -17.798  46.847 0.0000000000
74888  -54.336  -17.974  47.573 0.0000000000
73821  -54.412  -18.911  48.086 0.0000000000
72812  -54.303  -19.633  48.042 0.0000000000
71876  -55.607  -20.272  45.588 0.0000000000
151408  -54.885  -20.090  46.389 0.0000000000
71864  -54.009  -20.788  46.308 0.0000000000
70872  -53.757  -21.224  45.447 0.0000000000
69926  -52.981  -22.186  44.285 0.0000000000
56474  -45.377  -35.525  56.579 0.0000000000
57552  -46.081  -35.115  57.327 0.0000000000
56487  -45.551  -35.709  55.599 0.0000000000
55412  -40.645  -37.653  56.969 0.0000000000
55402  -42.324  -36.632  57.434 0.0000000000
56471  -42.926  -36.109  56.967 0.0000000000
64720  -48.440  -27.025  52.929 0.0000000000
65867  -49.020  -26.680  52.912 0.0000000000
66917  -48.748  -25.808  52.456 0.0000000000
67920  -49.222  -24.959  52.584 0.0000000000
68883  -51.565  -23.162  53.000 0.0000000000
69819  -52.323  -22.817  52.592 0.0000000000
68896  -52.577  -22.903  51.559 0.0000000000
68904  -53.543  -23.001  50.616 0.0000000000
68913  -54.079  -22.868  49.583 0.0000000000
68922  -53.911  -23.223  48.597 0.0000000000
130476  -53.027  -24.427  47.837 0.0000000000
130066  -54.140  -23.637  47.767 0.0000000000
130393  -53.773  -23.986  47.111 0.0000000000
130050  -54.064  -24.818  47.024 0.0000000000
130309  -53.159  -25.871  46.056 0.0000000000
156443  -55.918  -18.145  43.918 0.0000000000
73884  -55.208  -17.905  45.326 0.0000000000
74918  -55.833  -17.460  46.115 0.0000000000
73840  -56.762  -17.810  47.264 0.0000000000
72841  -57.383  -18.894  46.886 0.0000000000
73862  -58.343  -18.138  46.632 0.0000000000
72842  -58.230  -18.733  46.639 0.0000000000
72858  -57.116  -19.615  46.174 0.0000000000
130918  -57.270  -20.185  44.282 0.0000000000
71913  -56.855  -20.444  43.081 0.0000000000
71927  -56.953  -20.539  42.191 0.0000000000
132705  -58.955  -19.978  41.992 0.0000000000
74974  -61.737  -17.191  42.677 0.0000000000
144596  -61.620  -17.820  41.956 0.0000000000
153020  -61.313  -18.321  41.398 0.0000000000
141545  -62.375  -17.353  40.681 0.0000000000
73963  -61.445  -18.252  40.930 0.0000000000
54352  -50.773  -36.476  53.165 0.0000000000
55454  -51.335  -36.218  52.517 0.0000000000
56522  -51.793  -35.675  52.151 0.0000000000
56510  -51.500  -34.950  52.604 0.0000000000
57606  -51.378  -34.158  52.992 0.0000000000
58696  -51.348  -33.298  53.277 0.0000000000
156829  -49.953  -36.425  55.759 0.0000000000
55431  -50.170  -35.954  55.656 0.0000000000
56476  -50.605  -34.472  56.127 0.0000000000
135555  -50.665  -34.389  55.217 0.0000000000
56498  -50.692  -35.075  54.742 0.0000000000
144387  -50.797  -34.320  54.462 0.0000000000
139695  -51.349  -32.400  53.510 0.0000000000
148428  -51.328  -31.651  53.641 0.0000000000
60654  -51.140  -31.023  54.028 0.0000000000
146123  -51.078  -30.499  53.870 0.0000000000
138076  -50.254  -31.009  54.995 0.0000000000
60644  -50.659  -30.637  54.429 0.0000000000
132156  -50.779  -29.851  53.924 0.0000000000
64711  -49.141  -28.069  53.905 0.0000000000
57568  -46.187  -35.252  56.295 0.0000000000
57570  -47.591  -34.373  55.474 0.0000000000
58673  -48.287  -33.732  55.850 0.0000000000
58686  -48.598  -33.383  54.972 0.0000000000
145540  -49.022  -32.499  54.948 0.0000000000
60653  -48.989  -31.585  54.488 0.0000000000
137481  -48.679  -27.815  53.463 0.0000000000
36774  -15.802  -52.847  60.866 0.0000000000
140887  -16.621  -52.607  60.976 0.0000000000
40208  -16.611  -50.945  63.967 0.0000000000
40200  -17.280  -51.596  63.971 0.0000000000
43803  -19.521  -47.978  61.681 0.0000000000
152182  -20.060  -47.833  61.824 0.0000000000
41487  -22.046  -49.361  60.676 0.0000000000
139517  -22.632  -48.958  60.599 0.0000000000
41488  -22.696  -50.062  60.516 0.0000000000
40241  -25.861  -50.419  61.075 0.0000000000
42675  -25.207  -48.339  64.734 0.0000000000
41446  -26.225  -48.899  64.306 0.0000000000
40201  -26.948  -49.770  63.649 0.0000000000
40205  -30.166  -49.970  62.804 0.0000000000
40218  -30.995  -50.807  63.345 0.0000000000
45902  -28.988  -45.823  64.702 0.0000000000
45903  -29.750  -45.668  64.895 0.0000000000
46984  -31.620  -44.798  63.040 0.0000000000
45912  -30.364  -45.258  64.287 0.0000000000
45904  -30.550  -45.639  64.705 0.0000000000
45900  -30.570  -45.962  64.922 0.0000000000
137538  -30.782  -46.774  64.056 0.0000000000
43795  -31.454  -47.601  62.846 0.0000000000
43796  -32.042  -46.968  62.751 0.0000000000
148976  -31.970  -47.846  62.376 0.0000000000
42694  -32.306  -48.603  61.958 0.0000000000
45940  -35.917  -44.662  61.973 0.0000000000
45957  -36.002  -45.021  60.932 0.0000000000
136347  -36.446  -45.052  59.943 0.0000000000
47007  -37.097  -44.419  60.112 0.0000000000
45972  -36.425  -45.740  59.162 0.0000000000
50150  -37.641  -41.242  58.240 0.0000000000
51197  -37.655  -40.378  60.417 0.0000000000
53240  -38.551  -39.239  59.251 0.0000000000
52226  -38.614  -39.673  60.233 0.0000000000
151584  -38.411  -40.318  60.672 0.0000000000
51183  -39.165  -40.838  60.496 0.0000000000
50106  -39.541  -40.891  60.302 0.0000000000
50122  -39.871  -40.717  59.950 0.0000000000
55371  -40.801  -36.998  60.013 0.0000000000
54251  -40.514  -37.574  59.791 0.0000000000
53229  -40.522  -38.291  59.704 0.0000000000
53243  -41.461  -38.445  59.201 0.0000000000
52229  -40.641  -39.138  59.640 0.0000000000
51199  -40.659  -39.794  59.367 0.0000000000
51209  -40.479  -40.339  59.341 0.0000000000
50137  -40.399  -40.781  59.194 0.0000000000
50151  -40.792  -40.982  58.191 0.0000000000
49133  -41.359  -41.486  57.528 0.0000000000
50167  -41.826  -41.425  57.276 0.0000000000
53314  -44.950  -38.589  55.631 0.0000000000
53328  -45.364  -38.789  54.905 0.0000000000
52297  -45.397  -39.296  54.289 0.0000000000
133570  -47.045  -38.329  54.872 0.0000000000
52307  -46.238  -39.245  53.805 0.0000000000
51279  -50.164  -41.059  53.003 0.0000000000
51290  -50.392  -40.282  52.540 0.0000000000
36759  -14.006  -53.370  62.655 0.0000000000
64732  -49.216  -26.837  52.888 0.0000000000
64733  -49.492  -27.085  52.653 0.0000000000
134768  -50.021  -26.887  51.828 0.0000000000
65880  -51.181  -25.419  52.553 0.0000000000
65894  -50.708  -26.303  51.700 0.0000000000
64758  -50.801  -27.525  50.510 0.0000000000
64775  -50.682  -28.309  49.919 0.0000000000
63661  -51.293  -28.428  49.234 0.0000000000
63676  -52.099  -28.575  48.738 0.0000000000
67935  -54.057  -24.558  52.428 0.0000000000
154743  -54.195  -25.749  51.738 0.0000000000
64746  -53.541  -26.716  51.087 0.0000000000
64761  -54.058  -27.338  50.613 0.0000000000
64778  -53.378  -27.747  49.842 0.0000000000
136884  -52.817  -28.830  48.582 0.0000000000
62579  -52.143  -29.173  48.109 0.0000000000
148064  -52.092  -26.591  45.378 0.0000000000
130568  -52.584  -26.382  45.817 0.0000000000
73907  -53.017  -18.924  45.745 0.0000000000
72857  -52.518  -19.453  46.054 0.0000000000
72856  -52.032  -19.970  45.546 0.0000000000
71849  -52.166  -20.962  47.201 0.0000000000
71863  -51.723  -20.567  46.014 0.0000000000
71874  -51.510  -20.551  45.223 0.0000000000
130198  -51.782  -24.486  44.562 0.0000000000
130328  -52.246  -24.598  44.648 0.0000000000
130045  -53.024  -26.560  44.755 0.0000000000
130043  -53.712  -26.924  45.411 0.0000000000
65984  -54.498  -27.076  45.679 0.0000000000
65985  -55.444  -27.016  45.860 0.0000000000
67030  -54.513  -26.008  44.455 0.0000000000
67016  -56.034  -25.829  45.524 0.0000000000
37866  -15.198  -52.051  64.783 0.0000000000
37872  -16.511  -52.227  64.439 0.0000000000
37878  -18.014  -52.450  63.367 0.0000000000
37907  -16.163  -52.548  60.135 0.0000000000
39003  -16.563  -51.751  64.700 0.0000000000
39006  -14.423  -51.660  63.984 0.0000000000
39051  -14.472  -51.477  60.547 0.0000000000
40197  -15.881  -50.907  65.047 0.0000000000
40198  -16.256  -50.986  64.759 0.0000000000
40199  -16.438  -51.135  64.221 0.0000000000
40206  -15.156  -51.155  63.962 0.0000000000
40207  -15.887  -50.933  64.375 0.0000000000
40256  -24.565  -50.939  59.991 0.0000000000
41452  -17.417  -50.632  63.430 0.0000000000
45899  -29.579  -45.896  65.272 0.0000000000
45905  -31.419  -45.569  64.526 0.0000000000
45908  -33.791  -45.028  64.096 0.0000000000
45913  -33.467  -45.326  63.905 0.0000000000
46974  -31.756  -44.664  63.966 0.0000000000
46975  -32.491  -44.441  64.012 0.0000000000
46977  -35.562  -44.490  63.107 0.0000000000
46978  -35.936  -43.886  63.045 0.0000000000
48030  -33.023  -44.245  64.037 0.0000000000
48033  -33.592  -44.038  63.920 0.0000000000
48046  -36.228  -43.750  62.426 0.0000000000
49067  -35.162  -43.335  62.678 0.0000000000
49068  -35.778  -43.072  62.504 0.0000000000
49085  -38.951  -41.780  60.716 0.0000000000
50088  -37.771  -41.799  61.657 0.0000000000
50090  -38.638  -41.333  60.873 0.0000000000
50105  -39.172  -41.326  60.486 0.0000000000
51182  -38.547  -40.777  60.821 0.0000000000
51196  -37.181  -40.797  60.787 0.0000000000
52211  -38.095  -40.247  60.705 0.0000000000
52213  -39.639  -40.158  60.309 0.0000000000
52225  -38.247  -39.760  60.049 0.0000000000
52240  -38.696  -39.265  59.723 0.0000000000
53226  -38.982  -39.046  59.738 0.0000000000
53255  -38.843  -38.667  58.855 0.0000000000
54249  -39.285  -38.545  59.516 0.0000000000
54253  -42.005  -37.032  60.180 0.0000000000
54256  -44.814  -36.655  59.850 0.0000000000
54264  -39.047  -38.511  59.176 0.0000000000
54265  -39.642  -37.963  59.399 0.0000000000
54269  -43.938  -37.216  59.797 0.0000000000
54270  -45.256  -37.155  59.623 0.0000000000
54299  -38.897  -38.650  57.552 0.0000000000
55358  -41.618  -36.769  60.110 0.0000000000
55359  -42.574  -36.527  60.160 0.0000000000
55370  -40.168  -37.208  59.583 0.0000000000
55387  -40.727  -36.841  58.629 0.0000000000
56414  -42.884  -36.040  60.074 0.0000000000
56415  -45.071  -36.130  59.581 0.0000000000
56425  -42.110  -36.102  59.631 0.0000000000
56427  -43.564  -35.939  59.811 0.0000000000
56439  -42.109  -36.467  58.821 0.0000000000
56440  -42.712  -35.897  58.909 0.0000000000
56444  -46.252  -35.417  58.898 0.0000000000
56485  -43.811  -36.018  55.948 0.0000000000
57519  -45.289  -35.131  58.606 0.0000000000
59696  -49.850  -32.412  56.454 0.0000000000
59763  -51.600  -32.497  49.449 0.0000000000
60621  -49.557  -31.811  55.628 0.0000000000
60623  -50.155  -32.000  55.868 0.0000000000
60686  -50.825  -31.162  50.824 0.0000000000
60705  -50.694  -31.185  49.037 0.0000000000
61535  -50.452  -30.278  54.491 0.0000000000
61545  -50.627  -30.182  54.248 0.0000000000
61577  -50.919  -30.869  51.542 0.0000000000
61595  -50.514  -30.433  49.422 0.0000000000
61626  -51.794  -30.641  47.173 0.0000000000
62506  -50.478  -29.893  54.316 0.0000000000
62599  -52.481  -29.840  47.440 0.0000000000
63590  -48.864  -28.474  53.992 0.0000000000
63647  -54.531  -27.958  50.182 0.0000000000
63677  -53.081  -28.318  49.072 0.0000000000
64712  -49.500  -28.521  54.058 0.0000000000
64722  -49.296  -27.785  53.540 0.0000000000
64759  -51.774  -27.188  50.375 0.0000000000
64762  -55.545  -27.283  50.390 0.0000000000
65896  -53.036  -26.168  51.674 0.0000000000
65897  -54.007  -26.219  51.522 0.0000000000
65898  -55.047  -26.020  51.074 0.0000000000
65914  -55.759  -27.128  50.166 0.0000000000
65927  -55.694  -26.625  49.923 0.0000000000
66918  -49.368  -25.101  52.707 0.0000000000
66920  -50.942  -24.338  53.528 0.0000000000
66936  -52.110  -24.914  53.153 0.0000000000
66937  -53.140  -25.048  52.762 0.0000000000
66938  -54.001  -25.210  52.316 0.0000000000
66939  -54.459  -25.037  51.941 0.0000000000
67924  -52.286  -23.912  53.513 0.0000000000
67925  -53.048  -23.880  53.341 0.0000000000
67956  -55.097  -23.922  50.178 0.0000000000
68873  -52.132  -23.612  53.370 0.0000000000
68874  -52.841  -23.414  53.398 0.0000000000
68885  -54.555  -23.766  51.538 0.0000000000
68895  -51.301  -23.019  52.123 0.0000000000
68897  -54.731  -23.367  50.827 0.0000000000
68912  -53.397  -23.572  49.583 0.0000000000
69796  -52.836  -23.134  53.317 0.0000000000
69797  -53.323  -22.987  52.994 0.0000000000
69805  -53.721  -22.640  52.184 0.0000000000
69806  -54.100  -22.485  51.843 0.0000000000
69807  -54.072  -23.109  51.944 0.0000000000
69820  -52.981  -22.661  52.153 0.0000000000
69821  -53.888  -22.436  52.101 0.0000000000
69822  -54.387  -22.800  51.248 0.0000000000
69838  -53.761  -22.544  51.545 0.0000000000
69839  -54.682  -23.202  50.948 0.0000000000
69851  -54.114  -22.622  50.755 0.0000000000
70804  -54.194  -22.600  51.461 0.0000000000
70816  -54.090  -22.364  51.535 0.0000000000
70818  -54.657  -22.818  50.802 0.0000000000
71850  -52.538  -20.573  47.649 0.0000000000
71851  -53.701  -21.256  47.237 0.0000000000
71852  -54.041  -20.393  47.768 0.0000000000
71865  -54.217  -20.426  47.065 0.0000000000
71866  -55.822  -19.756  46.371 0.0000000000
71877  -56.455  -20.089  45.747 0.0000000000
71878  -57.223  -20.026  45.423 0.0000000000
71915  -59.209  -19.752  42.749 0.0000000000
71926  -55.645  -20.883  42.345 0.0000000000
71930  -60.272  -19.514  41.896 0.0000000000
71943  -56.577  -20.677  41.485 0.0000000000
72810  -53.042  -19.722  48.377 0.0000000000
72811  -53.900  -19.619  48.334 0.0000000000
72821  -52.193  -20.126  47.162 0.0000000000
72822  -52.666  -19.692  47.879 0.0000000000
72823  -54.617  -19.747  47.388 0.0000000000
72824  -55.100  -18.848  47.684 0.0000000000
72825  -56.849  -18.230  47.322 0.0000000000
72838  -52.420  -19.360  47.026 0.0000000000
72859  -57.828  -19.434  46.146 0.0000000000
72894  -60.878  -18.427  42.606 0.0000000000
73819  -53.037  -19.062  48.290 0.0000000000
73820  -53.724  -19.034  48.343 0.0000000000
73836  -53.639  -18.652  47.920 0.0000000000
73837  -54.781  -18.247  47.910 0.0000000000
73838  -55.495  -18.159  47.730 0.0000000000
73839  -56.290  -18.001  47.588 0.0000000000
73863  -58.747  -17.545  46.170 0.0000000000
73881  -52.895  -18.789  46.676 0.0000000000
73882  -53.698  -18.569  46.182 0.0000000000
73886  -59.499  -17.777  45.762 0.0000000000
73887  -60.047  -18.135  45.261 0.0000000000
73909  -54.588  -18.568  44.656 0.0000000000
73938  -60.671  -18.640  43.643 0.0000000000
73939  -60.865  -18.050  43.344 0.0000000000
73955  -61.246  -18.315  41.977 0.0000000000
73980  -61.497  -18.336  40.461 0.0000000000
73981  -61.950  -17.935  40.079 0.0000000000
74890  -55.986  -17.765  47.397 0.0000000000
74903  -54.847  -17.655  47.114 0.0000000000
74904  -55.552  -17.488  46.988 0.0000000000
74906  -57.310  -17.559  46.733 0.0000000000
74907  -58.045  -17.624  46.523 0.0000000000
74919  -56.689  -17.312  45.924 0.0000000000
74920  -57.468  -17.126  45.821 0.0000000000
74921  -58.601  -16.925  45.937 0.0000000000
74946  -60.464  -17.646  44.758 0.0000000000
74947  -60.950  -17.327  44.215 0.0000000000
74972  -57.771  -17.502  43.351 0.0000000000
75008  -62.900  -16.774  40.109 0.0000000000
75946  -59.156  -16.754  45.445 0.0000000000
75947  -59.862  -16.574  45.087 0.0000000000
75962  -61.080  -16.414  44.016 0.0000000000
75981  -61.487  -16.361  43.190 0.0000000000
75982  -62.019  -16.203  42.647 0.0000000000
75998  -62.309  -16.097  42.025 0.0000000000
76028  -63.245  -16.274  39.509 0.0000000000
76996  -61.228  -15.413  43.109 0.0000000000
77017  -61.702  -14.981  42.648 0.0000000000
77031  -62.554  -15.538  41.632 0.0000000000
78035  -62.103  -14.786  42.232 0.0000000000
78075  -62.214  -14.298  40.899 0.0000000000
78077  -63.025  -14.304  40.512 0.0000000000
79103  -62.049  -13.840  39.583 0.0000000000
130041  -52.748  -26.357  45.039 0.0000000000
130047  -52.282  -25.290  44.161 0.0000000000
130051  -53.689  -23.690  47.680 0.0000000000
130056  -54.074  -23.353  48.248 0.0000000000
130057  -52.650  -22.097  47.025 0.0000000000
130064  -51.813  -21.197  46.523 0.0000000000
130069  -53.255  -20.967  47.914 0.0000000000
130070  -54.844  -24.214  48.649 0.0000000000
130071  -54.653  -23.369  49.481 0.0000000000
130283  -52.952  -25.233  46.261 0.0000000000
130383  -54.217  -23.161  48.981 0.0000000000
130416  -54.672  -23.268  50.484 0.0000000000
130429  -52.807  -21.463  47.596 0.0000000000
130448  -54.217  -23.992  47.392 0.0000000000
130462  -53.469  -20.223  48.303 0.0000000000
130496  -52.279  -23.824  45.528 0.0000000000
130929  -60.440  -16.236  44.349 0.0000000000
131031  -57.801  -20.083  43.311 0.0000000000
132403  -48.296  -27.695  53.051 0.0000000000
134213  -29.239  -46.041  65.492 0.0000000000
134455  -43.667  -35.663  58.573 0.0000000000
136892  -62.411  -14.920  41.909 0.0000000000
138070  -38.115  -40.708  61.176 0.0000000000
138137  -54.676  -23.606  48.850 0.0000000000
139701  -30.088  -45.845  65.172 0.0000000000
140194  -39.916  -40.106  60.188 0.0000000000
141973  -29.176  -46.445  65.425 0.0000000000
142315  -55.007  -24.730  50.721 0.0000000000
142614  -54.951  -24.000  50.554 0.0000000000
143847  -46.394  -34.987  58.487 0.0000000000
145968  -59.587  -19.345  44.652 0.0000000000
146467  -51.928  -20.541  46.661 0.0000000000
146514  -15.802  -50.792  61.340 0.0000000000
146969  -53.902  -20.181  48.178 0.0000000000
147617  -54.620  -26.191  51.303 0.0000000000
147854  -54.217  -18.548  48.031 0.0000000000
149107  -53.827  -23.017  52.242 0.0000000000
149253  -52.578  -22.975  45.590 0.0000000000
149324  -59.659  -19.775  42.182 0.0000000000
149735  -62.820  -16.687  40.531 0.0000000000
150494  -50.761  -29.877  53.906 0.0000000000
150726  -54.436  -22.884  51.189 0.0000000000
151787  -54.451  -22.948  50.775 0.0000000000
152185  -57.186  -17.326  46.388 0.0000000000
152264  -61.653  -17.922  40.969 0.0000000000
152995  -58.065  -16.919  45.739 0.0000000000
153059  -49.153  -32.025  54.967 0.0000000000
154628  -48.509  -34.049  57.497 0.0000000000
154726  -41.038  -37.097  60.087 0.0000000000
154902  -53.600  -24.032  52.903 0.0000000000
154976  -53.491  -21.913  47.074 0.0000000000
155500  -51.581  -38.590  51.693 0.0000000000
155952  -47.403  -35.399  58.182 0.0000000000
157040  -61.485  -18.123  41.446 0.0000000000
157333  -60.152  -19.245  43.430 0.0000000000
157939  -50.579  -27.002  51.161 0.0000000000
158017  -56.639  -18.716  47.123 0.0000000000
