#!ascii label  , from subject sub001 vox2ras=TkReg
2078
58600  -34.602  -32.333  60.744 0.0000000000
78099  -54.635  -14.665  39.344 0.0000000000
69849  -43.369  -21.580  49.308 0.0000000000
40456  -8.963  -50.480  45.189 0.0000000000
53249  -20.570  -38.314  58.609 0.0000000000
133947  -3.845  -38.652  52.466 0.0000000000
50153  -2.789  -42.113  57.343 0.0000000000
76956  -47.958  -15.780  44.348 0.0000000000
56566  -7.432  -36.153  48.232 0.0000000000
35758  -4.598  -54.761  51.747 0.0000000000
59745  -39.787  -32.528  50.800 0.0000000000
55411  -29.674  -35.932  57.141 0.0000000000
50131  -27.830  -40.105  59.864 0.0000000000
81079  -56.913  -11.345  36.212 0.0000000000
72820  -46.135  -19.798  47.249 0.0000000000
49210  -15.327  -42.046  52.545 0.0000000000
58677  -7.431  -33.552  54.393 0.0000000000
48206  -8.919  -43.697  49.034 0.0000000000
51366  -7.448  -40.939  46.549 0.0000000000
44050  -7.425  -47.671  43.163 0.0000000000
39067  -8.265  -49.916  58.334 0.0000000000
131812  -5.050  -50.928  57.060 0.0000000000
69803  -40.216  -22.278  52.465 0.0000000000
51146  -24.814  -39.766  64.494 0.0000000000
144391  -23.904  -38.812  54.711 0.0000000000
52290  -3.692  -39.944  55.148 0.0000000000
46096  -5.955  -46.192  51.437 0.0000000000
139156  -51.939  -14.728  42.190 0.0000000000
43893  -9.720  -47.310  56.895 0.0000000000
151763  -12.642  -44.123  54.263 0.0000000000
55473  -4.130  -35.968  49.116 0.0000000000
52430  -4.916  -39.961  43.918 0.0000000000
47009  -3.647  -44.542  59.600 0.0000000000
42782  -4.468  -47.959  53.827 0.0000000000
38047  -5.296  -52.574  48.676 0.0000000000
59643  -37.962  -30.624  59.635 0.0000000000
59672  -35.101  -31.612  57.380 0.0000000000
60619  -38.208  -30.639  55.952 0.0000000000
57516  -32.253  -33.927  58.915 0.0000000000
57551  -32.524  -32.959  56.570 0.0000000000
55356  -31.263  -35.780  61.077 0.0000000000
79125  -55.806  -13.522  37.857 0.0000000000
76033  -51.192  -15.583  38.026 0.0000000000
146260  -52.972  -15.439  36.189 0.0000000000
78133  -53.786  -13.637  35.043 0.0000000000
70839  -44.883  -20.305  48.073 0.0000000000
69862  -40.379  -22.460  47.978 0.0000000000
68933  -42.265  -22.177  47.029 0.0000000000
69906  -43.710  -21.256  45.553 0.0000000000
45066  -8.883  -46.481  48.038 0.0000000000
46147  -9.499  -45.351  46.030 0.0000000000
41721  -9.326  -49.004  44.117 0.0000000000
39268  -5.388  -51.204  42.083 0.0000000000
132677  -7.347  -52.773  42.756 0.0000000000
39143  -8.299  -51.124  54.844 0.0000000000
36828  -7.094  -53.256  55.549 0.0000000000
67918  -39.740  -24.598  53.762 0.0000000000
62532  -41.311  -29.496  52.072 0.0000000000
137101  -40.557  -29.504  49.378 0.0000000000
65891  -40.117  -26.863  51.257 0.0000000000
66957  -38.728  -25.451  50.695 0.0000000000
53160  -25.761  -37.979  66.784 0.0000000000
132768  -27.625  -41.451  55.079 0.0000000000
49159  -25.940  -40.558  56.424 0.0000000000
82957  -54.749  -9.523  34.481 0.0000000000
85685  -55.433  -6.414  34.759 0.0000000000
51234  -3.371  -41.053  56.246 0.0000000000
48134  -5.198  -43.754  53.515 0.0000000000
47079  -4.410  -44.773  53.973 0.0000000000
77011  -49.627  -15.221  43.076 0.0000000000
152035  -45.031  -18.332  43.460 0.0000000000
74983  -46.388  -17.010  42.145 0.0000000000
155772  -47.840  -16.007  40.891 0.0000000000
43829  -11.086  -46.837  60.195 0.0000000000
44920  -11.999  -45.697  58.840 0.0000000000
56500  -3.104  -35.300  54.098 0.0000000000
56513  -3.976  -35.093  52.474 0.0000000000
54373  -3.596  -37.464  50.467 0.0000000000
48259  -5.746  -43.174  44.206 0.0000000000
51379  -5.604  -40.473  45.441 0.0000000000
49344  -4.933  -42.591  42.625 0.0000000000
47011  -4.801  -44.710  60.024 0.0000000000
38000  -5.006  -52.893  54.273 0.0000000000
41547  -4.531  -49.189  55.656 0.0000000000
38023  -4.556  -52.024  52.528 0.0000000000
150655  -5.119  -50.292  51.009 0.0000000000
132462  -4.395  -54.045  50.011 0.0000000000
60631  -40.630  -30.998  54.450 0.0000000000
52174  -28.558  -38.643  64.393 0.0000000000
54231  -30.045  -37.314  62.340 0.0000000000
52250  -29.012  -38.636  58.299 0.0000000000
81993  -57.079  -9.713  35.521 0.0000000000
81096  -54.478  -11.127  34.620 0.0000000000
146836  -46.574  -17.936  46.371 0.0000000000
143406  -44.385  -20.921  44.876 0.0000000000
150290  -19.270  -38.360  54.404 0.0000000000
155635  -17.591  -40.093  55.349 0.0000000000
56528  -7.738  -35.493  51.692 0.0000000000
51308  -6.837  -40.392  50.475 0.0000000000
52347  -5.744  -39.598  48.877 0.0000000000
50305  -8.724  -41.615  47.411 0.0000000000
47191  -7.779  -43.997  44.827 0.0000000000
45119  -5.364  -46.291  42.907 0.0000000000
43798  -7.536  -47.378  61.644 0.0000000000
156974  -4.976  -47.236  60.286 0.0000000000
36766  -6.453  -51.729  58.152 0.0000000000
36816  -5.949  -53.812  55.853 0.0000000000
69817  -41.433  -22.051  51.088 0.0000000000
140126  -38.717  -23.571  50.106 0.0000000000
52208  -22.969  -38.635  61.668 0.0000000000
49065  -26.072  -40.094  62.879 0.0000000000
51204  -24.462  -39.586  59.533 0.0000000000
53291  -22.244  -37.784  56.337 0.0000000000
133245  -2.880  -36.514  55.164 0.0000000000
54305  -3.017  -37.344  56.418 0.0000000000
52299  -3.828  -39.346  53.689 0.0000000000
50225  -6.183  -41.785  52.767 0.0000000000
135347  -7.699  -45.337  50.024 0.0000000000
42839  -7.230  -48.321  48.718 0.0000000000
136927  -53.054  -14.852  40.419 0.0000000000
151610  -49.589  -15.780  39.388 0.0000000000
42688  -9.791  -47.475  61.129 0.0000000000
140873  -8.737  -48.794  57.648 0.0000000000
41560  -9.008  -49.263  54.254 0.0000000000
49157  -16.624  -41.290  56.603 0.0000000000
47038  -15.123  -42.415  57.372 0.0000000000
45993  -13.023  -43.929  58.263 0.0000000000
46012  -11.478  -45.022  55.656 0.0000000000
132048  -9.703  -48.442  52.735 0.0000000000
58664  -5.951  -33.395  55.553 0.0000000000
56515  -6.231  -35.298  52.354 0.0000000000
56564  -5.617  -35.697  48.282 0.0000000000
53419  -5.411  -38.527  47.488 0.0000000000
54425  -4.611  -37.482  46.353 0.0000000000
54444  -5.655  -37.031  45.425 0.0000000000
150234  -2.730  -43.304  58.457 0.0000000000
42723  -4.059  -47.589  59.002 0.0000000000
43892  -3.715  -46.797  56.883 0.0000000000
132215  -3.741  -45.493  54.965 0.0000000000
43946  -5.002  -47.323  52.246 0.0000000000
41614  -5.765  -49.487  49.749 0.0000000000
39226  -7.028  -51.590  47.068 0.0000000000
152781  -4.935  -57.378  49.641 0.0000000000
32466  -5.710  -57.253  48.052 0.0000000000
35875  -8.484  -54.555  44.899 0.0000000000
153507  -36.006  -31.432  59.883 0.0000000000
150223  -35.774  -31.321  61.667 0.0000000000
58627  -34.803  -32.215  58.997 0.0000000000
59660  -36.365  -31.352  58.289 0.0000000000
57518  -33.262  -33.051  59.388 0.0000000000
153911  -33.326  -32.861  58.747 0.0000000000
58588  -33.978  -32.911  61.197 0.0000000000
57495  -32.754  -33.905  60.575 0.0000000000
134814  -54.835  -14.289  38.590 0.0000000000
138121  -52.766  -15.092  38.978 0.0000000000
76045  -51.697  -15.669  37.094 0.0000000000
77057  -53.678  -14.759  38.170 0.0000000000
78119  -53.995  -14.191  36.848 0.0000000000
70838  -44.259  -20.584  48.393 0.0000000000
71827  -45.589  -20.202  49.575 0.0000000000
70814  -44.314  -20.870  50.416 0.0000000000
69878  -41.191  -22.508  47.064 0.0000000000
69879  -42.843  -21.711  47.465 0.0000000000
69880  -43.194  -21.300  47.206 0.0000000000
42882  -8.998  -48.786  46.570 0.0000000000
42883  -9.406  -47.994  45.931 0.0000000000
41720  -9.276  -49.782  44.301 0.0000000000
40478  -8.569  -50.855  43.472 0.0000000000
39241  -8.834  -51.421  43.958 0.0000000000
38013  -8.438  -51.812  53.127 0.0000000000
38012  -7.984  -52.493  53.842 0.0000000000
63601  -41.355  -28.221  53.316 0.0000000000
64742  -40.635  -27.945  51.380 0.0000000000
65877  -40.803  -26.869  52.867 0.0000000000
66931  -39.867  -26.014  52.521 0.0000000000
84789  -56.064  -7.988  34.826 0.0000000000
84787  -54.790  -8.089  34.505 0.0000000000
85686  -56.352  -6.148  35.088 0.0000000000
50170  -3.124  -41.848  56.683 0.0000000000
49181  -4.016  -42.876  55.164 0.0000000000
132912  -3.779  -43.420  55.357 0.0000000000
75977  -48.474  -15.622  43.639 0.0000000000
76977  -50.456  -14.904  44.183 0.0000000000
74941  -46.142  -17.349  44.325 0.0000000000
74968  -45.649  -17.575  42.819 0.0000000000
74970  -47.212  -16.528  43.055 0.0000000000
133225  -47.657  -16.111  42.603 0.0000000000
44876  -12.394  -45.144  60.646 0.0000000000
45947  -12.788  -44.608  60.547 0.0000000000
53223  -20.617  -38.487  60.332 0.0000000000
141080  -19.017  -39.265  59.049 0.0000000000
56554  -8.942  -35.951  49.336 0.0000000000
144934  -3.050  -37.137  52.831 0.0000000000
55456  -3.109  -36.647  52.153 0.0000000000
54364  -3.704  -38.295  51.294 0.0000000000
47212  -4.982  -44.374  42.733 0.0000000000
49339  -5.160  -43.017  43.462 0.0000000000
47237  -4.890  -44.637  41.935 0.0000000000
48071  -5.939  -43.846  59.288 0.0000000000
47012  -5.833  -44.751  59.716 0.0000000000
36844  -4.613  -53.887  53.182 0.0000000000
38011  -4.647  -52.493  53.687 0.0000000000
36850  -4.502  -53.636  52.432 0.0000000000
38036  -4.441  -52.724  50.785 0.0000000000
148484  -4.394  -54.209  50.949 0.0000000000
59675  -39.394  -30.454  57.260 0.0000000000
132178  -39.836  -30.948  55.204 0.0000000000
60620  -40.807  -29.844  55.879 0.0000000000
61543  -41.445  -29.591  55.232 0.0000000000
55385  -30.782  -35.575  59.469 0.0000000000
54262  -29.848  -37.096  60.121 0.0000000000
54298  -29.363  -37.521  57.551 0.0000000000
52285  -28.545  -39.381  55.910 0.0000000000
81090  -57.255  -10.470  35.910 0.0000000000
79142  -55.008  -12.904  35.786 0.0000000000
80169  -54.327  -12.213  34.732 0.0000000000
81088  -55.505  -11.298  35.150 0.0000000000
81098  -55.738  -10.605  35.015 0.0000000000
73857  -46.130  -19.318  46.899 0.0000000000
75925  -47.922  -17.091  47.851 0.0000000000
73817  -46.646  -18.916  47.685 0.0000000000
70858  -44.627  -20.781  46.090 0.0000000000
69924  -43.952  -21.366  45.024 0.0000000000
71873  -45.088  -20.536  45.807 0.0000000000
73880  -45.536  -18.982  45.575 0.0000000000
59713  -7.761  -32.644  53.811 0.0000000000
57608  -8.611  -34.471  52.709 0.0000000000
57591  -8.166  -34.320  53.340 0.0000000000
49267  -8.497  -42.477  49.962 0.0000000000
139838  -8.343  -41.226  48.978 0.0000000000
49286  -9.089  -42.767  48.618 0.0000000000
45105  -8.418  -46.537  44.016 0.0000000000
46157  -8.592  -44.624  44.841 0.0000000000
45104  -7.766  -45.870  43.919 0.0000000000
46162  -6.335  -45.075  43.881 0.0000000000
44062  -5.854  -47.398  42.884 0.0000000000
41746  -5.330  -48.928  42.026 0.0000000000
41472  -8.449  -49.020  60.691 0.0000000000
133737  -6.661  -49.383  60.738 0.0000000000
36768  -7.419  -51.253  57.995 0.0000000000
156208  -7.019  -54.189  54.375 0.0000000000
35717  -5.900  -53.844  56.018 0.0000000000
35730  -5.937  -54.519  54.533 0.0000000000
35729  -5.561  -54.463  54.272 0.0000000000
69816  -40.782  -21.964  51.696 0.0000000000
68880  -39.292  -23.594  52.471 0.0000000000
67951  -38.529  -24.669  50.466 0.0000000000
69832  -39.625  -22.608  51.207 0.0000000000
139738  -39.694  -22.516  50.354 0.0000000000
52170  -23.311  -38.890  65.502 0.0000000000
147359  -22.628  -38.649  64.145 0.0000000000
52188  -23.784  -39.319  63.260 0.0000000000
50087  -28.404  -39.243  62.325 0.0000000000
50068  -27.095  -39.780  63.787 0.0000000000
49095  -27.120  -40.260  60.778 0.0000000000
50188  -25.278  -40.176  55.739 0.0000000000
136895  -24.859  -39.990  58.098 0.0000000000
50176  -24.588  -39.750  56.874 0.0000000000
52262  -23.310  -38.549  57.546 0.0000000000
52283  -23.392  -38.363  55.301 0.0000000000
53322  -22.430  -37.828  54.700 0.0000000000
52267  -3.229  -39.218  56.410 0.0000000000
52280  -3.471  -39.111  55.542 0.0000000000
53319  -3.250  -38.193  55.208 0.0000000000
141217  -3.729  -39.606  54.398 0.0000000000
51281  -4.513  -40.124  53.281 0.0000000000
51266  -4.991  -40.983  53.482 0.0000000000
47120  -5.576  -45.286  52.164 0.0000000000
154011  -6.368  -44.735  51.622 0.0000000000
46097  -6.688  -45.819  51.046 0.0000000000
45056  -7.513  -46.682  49.369 0.0000000000
45049  -7.107  -46.769  50.120 0.0000000000
145740  -52.080  -14.842  41.343 0.0000000000
137786  -54.062  -15.389  42.036 0.0000000000
151400  -53.301  -15.101  42.718 0.0000000000
77034  -49.077  -15.604  41.546 0.0000000000
76013  -48.000  -15.946  40.441 0.0000000000
77035  -50.102  -15.481  40.943 0.0000000000
77047  -51.378  -15.342  39.768 0.0000000000
45918  -10.416  -45.350  62.038 0.0000000000
43845  -10.826  -46.699  59.002 0.0000000000
42736  -9.528  -47.643  58.891 0.0000000000
136217  -9.514  -47.693  57.386 0.0000000000
41534  -8.767  -48.842  55.998 0.0000000000
42759  -9.014  -48.542  55.462 0.0000000000
50212  -16.682  -40.334  54.145 0.0000000000
155872  -16.947  -40.745  55.666 0.0000000000
49183  -15.828  -41.436  54.336 0.0000000000
136041  -13.149  -43.753  53.738 0.0000000000
47058  -14.650  -42.442  55.886 0.0000000000
47049  -13.588  -43.218  56.363 0.0000000000
155291  -13.755  -43.295  57.935 0.0000000000
46003  -12.858  -43.863  56.652 0.0000000000
46002  -12.601  -44.523  56.987 0.0000000000
135929  -12.230  -44.461  55.530 0.0000000000
137320  -10.289  -47.014  52.811 0.0000000000
58663  -4.951  -33.307  56.053 0.0000000000
56537  -4.146  -35.582  50.670 0.0000000000
56514  -5.036  -35.086  52.367 0.0000000000
134520  -4.731  -35.278  50.732 0.0000000000
131670  -5.826  -35.411  50.439 0.0000000000
56563  -4.967  -35.654  48.301 0.0000000000
52379  -7.025  -40.069  47.672 0.0000000000
52360  -5.942  -39.009  47.993 0.0000000000
52378  -6.574  -39.805  47.236 0.0000000000
131548  -5.034  -40.480  44.468 0.0000000000
52397  -5.055  -38.866  45.909 0.0000000000
53462  -4.905  -38.651  44.988 0.0000000000
55512  -5.021  -36.982  45.883 0.0000000000
153962  -5.138  -38.132  44.665 0.0000000000
54487  -6.007  -37.928  44.325 0.0000000000
48068  -3.181  -43.862  59.507 0.0000000000
40273  -4.945  -49.374  58.486 0.0000000000
43843  -4.481  -46.961  59.804 0.0000000000
41506  -4.556  -48.751  58.334 0.0000000000
146498  -4.485  -48.896  54.853 0.0000000000
42749  -4.344  -47.984  56.473 0.0000000000
43904  -4.234  -47.518  55.592 0.0000000000
155208  -3.613  -46.287  55.951 0.0000000000
43917  -4.354  -46.991  54.341 0.0000000000
43931  -4.449  -46.605  53.796 0.0000000000
149597  -4.524  -47.456  53.391 0.0000000000
39207  -5.096  -52.184  49.287 0.0000000000
41613  -5.377  -50.014  50.224 0.0000000000
40393  -5.702  -50.847  49.161 0.0000000000
40406  -6.179  -50.414  48.800 0.0000000000
38057  -6.092  -52.359  47.886 0.0000000000
31248  -5.505  -58.859  48.818 0.0000000000
32448  -5.213  -57.119  48.808 0.0000000000
59644  -39.264  -30.136  59.451 0.0000000000
58667  -34.660  -31.788  55.228 0.0000000000
58669  -36.983  -31.151  54.444 0.0000000000
59689  -35.969  -31.021  56.695 0.0000000000
130528  -37.996  -30.796  57.811 0.0000000000
151506  -30.935  -34.846  58.321 0.0000000000
57534  -32.146  -33.763  58.005 0.0000000000
58655  -33.718  -32.346  56.715 0.0000000000
56423  -32.114  -34.800  60.123 0.0000000000
79136  -56.182  -12.672  36.920 0.0000000000
76065  -51.179  -16.327  35.660 0.0000000000
77085  -52.258  -15.832  34.643 0.0000000000
78131  -52.690  -14.867  34.550 0.0000000000
78123  -53.534  -14.475  35.490 0.0000000000
79135  -54.442  -13.622  36.244 0.0000000000
71847  -45.390  -20.510  47.025 0.0000000000
144779  -46.400  -19.777  48.358 0.0000000000
71828  -46.214  -20.031  49.294 0.0000000000
72769  -46.720  -19.190  50.698 0.0000000000
69876  -38.828  -22.869  47.775 0.0000000000
69889  -39.139  -22.693  46.978 0.0000000000
69891  -40.638  -22.738  46.185 0.0000000000
69903  -41.493  -22.830  45.428 0.0000000000
138689  -42.019  -22.597  44.753 0.0000000000
68943  -42.895  -21.560  46.063 0.0000000000
69894  -43.745  -20.866  46.308 0.0000000000
136232  -8.742  -44.984  48.883 0.0000000000
47170  -9.462  -44.242  47.251 0.0000000000
45078  -9.541  -46.240  46.248 0.0000000000
44040  -9.447  -47.045  44.938 0.0000000000
42937  -8.397  -48.234  43.371 0.0000000000
42954  -6.736  -48.967  42.601 0.0000000000
40489  -7.149  -50.503  42.599 0.0000000000
39270  -6.976  -51.286  42.581 0.0000000000
133825  -8.032  -50.452  56.909 0.0000000000
37962  -7.453  -51.730  56.782 0.0000000000
37990  -7.546  -52.280  55.469 0.0000000000
68869  -39.555  -23.582  53.496 0.0000000000
142418  -41.159  -30.707  51.451 0.0000000000
61584  -40.659  -30.866  50.381 0.0000000000
62555  -40.801  -29.472  50.430 0.0000000000
64756  -40.395  -28.160  50.451 0.0000000000
65924  -39.728  -27.326  49.673 0.0000000000
65890  -39.610  -26.543  50.852 0.0000000000
135062  -39.391  -25.488  52.277 0.0000000000
52162  -24.848  -39.415  66.288 0.0000000000
153820  -27.701  -40.394  57.273 0.0000000000
131883  -26.837  -40.490  58.292 0.0000000000
48119  -26.808  -40.654  55.567 0.0000000000
50203  -25.699  -40.757  54.513 0.0000000000
83883  -53.617  -9.139  34.249 0.0000000000
84785  -53.245  -7.627  34.306 0.0000000000
86727  -52.739  -6.044  34.232 0.0000000000
87739  -52.984  -5.082  34.146 0.0000000000
51247  -3.600  -40.683  55.636 0.0000000000
50209  -4.695  -41.826  54.355 0.0000000000
143709  -4.296  -42.340  54.866 0.0000000000
48133  -4.610  -43.964  54.054 0.0000000000
46071  -5.173  -45.736  52.816 0.0000000000
150553  -50.127  -15.175  42.623 0.0000000000
131234  -51.217  -14.795  43.713 0.0000000000
73958  -44.888  -17.884  41.513 0.0000000000
147273  -45.787  -17.080  40.890 0.0000000000
75002  -46.309  -16.517  40.450 0.0000000000
74995  -46.934  -16.451  41.172 0.0000000000
76008  -48.343  -15.737  42.028 0.0000000000
44859  -10.986  -46.005  61.868 0.0000000000
44875  -11.878  -45.695  60.833 0.0000000000
43846  -11.491  -46.305  59.390 0.0000000000
44939  -11.197  -46.173  57.731 0.0000000000
46053  -13.105  -43.868  52.607 0.0000000000
45004  -11.640  -45.285  52.765 0.0000000000
57572  -3.015  -34.748  54.963 0.0000000000
57573  -3.653  -34.437  54.833 0.0000000000
149384  -3.407  -35.322  53.155 0.0000000000
56524  -3.634  -35.706  51.444 0.0000000000
55472  -3.837  -36.185  49.877 0.0000000000
49313  -6.521  -42.308  44.936 0.0000000000
154665  -6.167  -40.700  45.768 0.0000000000
50360  -5.697  -41.821  44.616 0.0000000000
149245  -5.185  -41.366  44.264 0.0000000000
51414  -4.893  -41.107  42.813 0.0000000000
143069  -5.508  -42.210  59.160 0.0000000000
48069  -4.286  -43.033  60.104 0.0000000000
46998  -4.420  -44.859  59.936 0.0000000000
132201  -5.103  -52.041  55.675 0.0000000000
40297  -4.840  -50.496  56.481 0.0000000000
39125  -4.830  -51.629  55.075 0.0000000000
40323  -4.492  -50.500  54.475 0.0000000000
139247  -4.509  -49.868  53.250 0.0000000000
41581  -4.678  -49.232  52.749 0.0000000000
131345  -4.642  -51.331  51.845 0.0000000000
39190  -4.622  -52.089  50.329 0.0000000000
36883  -4.726  -53.442  48.878 0.0000000000
57618  -39.654  -33.565  51.774 0.0000000000
58670  -38.047  -31.285  54.449 0.0000000000
58683  -39.868  -31.715  53.843 0.0000000000
157865  -40.576  -31.612  52.448 0.0000000000
61553  -41.260  -30.508  53.324 0.0000000000
62521  -41.538  -29.022  54.187 0.0000000000
51179  -28.877  -38.679  61.769 0.0000000000
54248  -30.640  -36.452  61.466 0.0000000000
135016  -29.148  -38.130  60.807 0.0000000000
50133  -28.173  -39.874  58.770 0.0000000000
50164  -28.260  -40.202  57.007 0.0000000000
80178  -52.849  -12.710  34.129 0.0000000000
82000  -54.481  -10.104  34.428 0.0000000000
82959  -55.950  -9.058  34.813 0.0000000000
75943  -47.465  -16.282  45.291 0.0000000000
76948  -48.746  -15.347  45.978 0.0000000000
154677  -47.913  -16.725  47.147 0.0000000000
131684  -42.943  -22.084  44.136 0.0000000000
72885  -44.390  -19.947  43.876 0.0000000000
73906  -45.528  -18.218  44.721 0.0000000000
144355  -19.916  -38.239  56.615 0.0000000000
52273  -19.129  -38.877  56.753 0.0000000000
52291  -18.592  -38.808  54.959 0.0000000000
52300  -17.233  -39.506  53.424 0.0000000000
56540  -8.763  -35.574  50.764 0.0000000000
56539  -7.388  -35.740  49.856 0.0000000000
51306  -4.168  -40.224  50.793 0.0000000000
141822  -4.264  -40.154  49.973 0.0000000000
149713  -6.134  -40.102  49.633 0.0000000000
51337  -8.068  -40.772  48.401 0.0000000000
50324  -8.191  -41.529  46.498 0.0000000000
48230  -9.397  -43.641  46.512 0.0000000000
154725  -8.851  -42.511  46.006 0.0000000000
49314  -7.255  -42.373  45.410 0.0000000000
48261  -6.747  -43.574  44.539 0.0000000000
43828  -5.719  -46.594  60.578 0.0000000000
43813  -6.278  -47.189  61.000 0.0000000000
40247  -5.588  -49.545  59.432 0.0000000000
37925  -5.723  -51.780  57.837 0.0000000000
35706  -6.302  -53.047  57.180 0.0000000000
35711  -4.769  -54.898  57.824 0.0000000000
37977  -5.603  -52.979  56.608 0.0000000000
35722  -5.427  -53.943  54.590 0.0000000000
35738  -4.865  -54.439  53.403 0.0000000000
34649  -4.871  -55.324  52.335 0.0000000000
69836  -43.270  -21.933  50.112 0.0000000000
70813  -43.752  -21.601  50.885 0.0000000000
70800  -42.997  -21.891  51.994 0.0000000000
60703  -40.420  -30.940  49.208 0.0000000000
68921  -38.458  -23.445  48.381 0.0000000000
69846  -40.496  -22.356  49.723 0.0000000000
134457  -21.855  -38.536  62.803 0.0000000000
53237  -21.580  -38.369  60.040 0.0000000000
53169  -27.279  -38.194  65.516 0.0000000000
50058  -26.121  -39.837  64.374 0.0000000000
50073  -25.478  -39.885  63.865 0.0000000000
132133  -26.070  -40.482  58.977 0.0000000000
138295  -25.450  -40.162  61.292 0.0000000000
51177  -24.549  -39.658  61.845 0.0000000000
52223  -23.736  -39.024  60.465 0.0000000000
53238  -22.415  -38.386  59.364 0.0000000000
53270  -21.468  -37.939  57.534 0.0000000000
133078  -20.605  -37.892  55.131 0.0000000000
87747  -53.100  -4.152  32.788 0.0000000000
87752  -53.145  -4.062  31.758 0.0000000000
88730  -54.097  -3.840  30.440 0.0000000000
56491  -2.804  -35.453  54.725 0.0000000000
139216  -3.148  -37.826  53.943 0.0000000000
55418  -2.888  -36.371  55.471 0.0000000000
53332  -3.231  -38.174  54.528 0.0000000000
52311  -4.201  -39.323  52.763 0.0000000000
153268  -4.336  -39.904  52.511 0.0000000000
51309  -7.025  -41.086  51.431 0.0000000000
49225  -7.734  -43.023  51.116 0.0000000000
49195  -5.677  -42.704  53.354 0.0000000000
48169  -7.093  -43.861  51.338 0.0000000000
47146  -8.150  -44.819  49.818 0.0000000000
46122  -7.995  -46.087  49.273 0.0000000000
43979  -8.121  -47.176  48.365 0.0000000000
42881  -8.147  -49.113  47.339 0.0000000000
154938  -53.979  -14.890  40.291 0.0000000000
75013  -46.874  -16.170  40.178 0.0000000000
75023  -47.722  -15.871  38.975 0.0000000000
76030  -48.567  -15.917  38.455 0.0000000000
149549  -49.927  -15.853  38.771 0.0000000000
77048  -52.481  -15.052  39.769 0.0000000000
43799  -8.888  -47.075  61.749 0.0000000000
41484  -9.011  -48.626  59.598 0.0000000000
42701  -10.337  -47.158  60.941 0.0000000000
41498  -9.321  -48.016  59.414 0.0000000000
40275  -8.473  -49.419  58.458 0.0000000000
39144  -8.615  -50.625  54.194 0.0000000000
51240  -17.823  -39.984  56.895 0.0000000000
50145  -17.415  -40.534  58.363 0.0000000000
143163  -16.741  -41.270  58.353 0.0000000000
130776  -15.732  -41.705  55.624 0.0000000000
48109  -15.692  -42.099  56.824 0.0000000000
156679  -16.497  -41.530  58.662 0.0000000000
47025  -15.112  -42.498  58.882 0.0000000000
45964  -14.314  -43.208  60.195 0.0000000000
45963  -13.511  -43.844  60.113 0.0000000000
45976  -12.764  -44.643  58.948 0.0000000000
44953  -11.821  -45.560  57.318 0.0000000000
44952  -10.957  -46.097  56.861 0.0000000000
146771  -10.790  -46.043  53.993 0.0000000000
43920  -10.367  -46.367  54.721 0.0000000000
144393  -9.559  -47.443  55.343 0.0000000000
41573  -9.390  -49.081  53.315 0.0000000000
58676  -6.702  -33.489  55.044 0.0000000000
57588  -5.255  -34.724  54.002 0.0000000000
57589  -6.362  -34.753  53.966 0.0000000000
57590  -7.419  -34.465  53.814 0.0000000000
56527  -6.774  -35.476  51.390 0.0000000000
56552  -6.410  -35.605  49.691 0.0000000000
56565  -6.389  -35.963  48.130 0.0000000000
53390  -4.225  -38.726  49.599 0.0000000000
53402  -4.427  -38.167  48.747 0.0000000000
54397  -4.770  -37.646  47.962 0.0000000000
52398  -5.621  -39.364  46.261 0.0000000000
53418  -4.828  -38.043  46.786 0.0000000000
144187  -4.610  -36.321  47.839 0.0000000000
55490  -5.146  -36.267  47.001 0.0000000000
56587  -5.834  -36.123  46.955 0.0000000000
146061  -6.561  -36.250  46.901 0.0000000000
54465  -6.259  -37.251  44.990 0.0000000000
44889  -4.989  -46.437  60.364 0.0000000000
45942  -4.643  -45.653  60.026 0.0000000000
45959  -4.154  -45.840  59.733 0.0000000000
41517  -4.427  -48.612  57.054 0.0000000000
43880  -3.838  -47.220  58.009 0.0000000000
45974  -3.392  -45.614  58.499 0.0000000000
47035  -3.156  -44.576  58.094 0.0000000000
47047  -3.317  -44.307  57.102 0.0000000000
47048  -3.407  -44.127  56.198 0.0000000000
47063  -3.804  -44.819  54.882 0.0000000000
46070  -4.854  -46.027  53.255 0.0000000000
45031  -5.406  -46.499  52.060 0.0000000000
42802  -4.884  -48.638  52.186 0.0000000000
42813  -5.652  -48.173  50.791 0.0000000000
43965  -6.232  -47.855  50.310 0.0000000000
42838  -6.736  -48.729  49.137 0.0000000000
41651  -7.059  -49.702  48.078 0.0000000000
40436  -7.604  -50.881  46.946 0.0000000000
33558  -5.016  -56.496  51.327 0.0000000000
32410  -5.006  -57.292  50.761 0.0000000000
34673  -4.715  -55.639  50.906 0.0000000000
34688  -4.581  -55.580  50.099 0.0000000000
34721  -5.195  -55.390  48.498 0.0000000000
35825  -5.246  -54.671  48.187 0.0000000000
33616  -6.214  -56.493  47.325 0.0000000000
35851  -5.725  -54.060  47.580 0.0000000000
36910  -6.872  -53.666  46.869 0.0000000000
139479  -8.054  -53.000  45.744 0.0000000000
38077  -8.576  -52.589  44.700 0.0000000000
36966  -8.359  -53.675  43.658 0.0000000000
35908  -7.028  -54.679  42.665 0.0000000000
134914  -35.349  -31.835  60.299 0.0000000000
59627  -36.123  -31.298  60.656 0.0000000000
59626  -35.405  -31.697  61.242 0.0000000000
58613  -34.644  -32.316  59.854 0.0000000000
59640  -35.462  -31.851  59.483 0.0000000000
58599  -33.848  -32.805  60.342 0.0000000000
58612  -33.903  -32.667  59.558 0.0000000000
58589  -34.687  -32.308  61.575 0.0000000000
78100  -55.465  -14.364  39.182 0.0000000000
157397  -56.207  -14.012  39.080 0.0000000000
153603  -56.345  -14.469  39.678 0.0000000000
146015  -53.548  -14.946  39.003 0.0000000000
77056  -52.983  -15.050  38.123 0.0000000000
142766  -54.246  -14.601  38.636 0.0000000000
69850  -43.709  -21.167  48.723 0.0000000000
70828  -44.316  -20.806  49.350 0.0000000000
69837  -43.779  -21.302  49.795 0.0000000000
69848  -42.639  -22.085  49.347 0.0000000000
69863  -42.817  -21.821  48.273 0.0000000000
140888  -43.221  -21.591  48.695 0.0000000000
69864  -43.269  -21.409  47.989 0.0000000000
41702  -9.144  -49.611  45.656 0.0000000000
40467  -8.989  -50.651  44.133 0.0000000000
39234  -8.750  -51.170  44.858 0.0000000000
64719  -41.337  -27.354  53.676 0.0000000000
49155  -3.322  -42.412  56.260 0.0000000000
48108  -3.396  -43.219  56.064 0.0000000000
76975  -48.788  -15.173  44.659 0.0000000000
75961  -47.323  -16.329  44.342 0.0000000000
75960  -46.886  -16.670  43.858 0.0000000000
134200  -47.690  -16.065  43.460 0.0000000000
45932  -13.424  -43.949  61.142 0.0000000000
45948  -13.328  -44.046  60.804 0.0000000000
53236  -20.649  -38.421  59.458 0.0000000000
53235  -20.013  -38.674  59.806 0.0000000000
53248  -19.743  -38.762  59.029 0.0000000000
56567  -8.485  -36.063  48.389 0.0000000000
54363  -3.294  -37.624  52.218 0.0000000000
47224  -4.889  -44.667  42.269 0.0000000000
45961  -6.434  -45.504  60.155 0.0000000000
35745  -4.659  -54.474  52.576 0.0000000000
142081  -4.522  -53.977  51.724 0.0000000000
135948  -4.529  -54.998  51.171 0.0000000000
59663  -39.910  -30.205  57.841 0.0000000000
59676  -40.005  -30.184  56.729 0.0000000000
142965  -40.837  -29.716  57.131 0.0000000000
61522  -41.000  -29.657  56.568 0.0000000000
55398  -29.926  -35.881  57.990 0.0000000000
55383  -29.508  -36.988  58.293 0.0000000000
55397  -29.566  -36.603  57.730 0.0000000000
80154  -55.745  -12.490  36.177 0.0000000000
80162  -55.322  -12.136  35.362 0.0000000000
80163  -56.045  -11.751  35.757 0.0000000000
81089  -56.295  -10.973  35.474 0.0000000000
71861  -45.132  -20.628  46.329 0.0000000000
72836  -45.433  -20.247  46.262 0.0000000000
72855  -45.665  -19.618  46.246 0.0000000000
60637  -7.185  -31.982  54.137 0.0000000000
58688  -8.077  -33.677  53.719 0.0000000000
49285  -8.771  -42.002  49.094 0.0000000000
135220  -8.716  -43.071  49.447 0.0000000000
42917  -8.332  -47.329  43.635 0.0000000000
45120  -7.322  -46.731  43.492 0.0000000000
46179  -6.720  -45.859  43.650 0.0000000000
44049  -6.520  -47.305  43.124 0.0000000000
42953  -5.471  -47.896  42.426 0.0000000000
42935  -6.420  -48.045  42.763 0.0000000000
39048  -8.264  -49.724  58.697 0.0000000000
39047  -7.946  -50.066  58.736 0.0000000000
39066  -7.982  -50.427  58.106 0.0000000000
35731  -6.530  -54.320  54.672 0.0000000000
70798  -41.101  -21.732  52.584 0.0000000000
151221  -40.550  -22.026  53.200 0.0000000000
154717  -39.757  -33.143  50.496 0.0000000000
68892  -39.165  -23.385  51.595 0.0000000000
148247  -40.151  -22.330  51.622 0.0000000000
134668  -24.433  -39.342  66.208 0.0000000000
134897  -24.175  -39.338  64.885 0.0000000000
52180  -23.965  -39.420  64.129 0.0000000000
50117  -27.939  -39.961  60.897 0.0000000000
50099  -27.295  -39.826  62.307 0.0000000000
49096  -27.553  -40.171  60.311 0.0000000000
51251  -24.831  -39.780  55.408 0.0000000000
50187  -24.724  -39.736  56.093 0.0000000000
51250  -24.258  -39.143  55.495 0.0000000000
51241  -24.198  -39.091  56.338 0.0000000000
52293  -23.234  -38.247  54.255 0.0000000000
51259  -23.937  -38.845  53.851 0.0000000000
52289  -3.556  -39.015  54.840 0.0000000000
133221  -3.994  -40.342  54.622 0.0000000000
51265  -4.326  -40.703  54.078 0.0000000000
46084  -6.078  -45.567  51.535 0.0000000000
45043  -6.600  -46.477  50.860 0.0000000000
77026  -52.791  -14.773  41.878 0.0000000000
154780  -52.512  -14.799  42.452 0.0000000000
149229  -50.093  -15.300  41.945 0.0000000000
77025  -51.129  -15.055  41.615 0.0000000000
77036  -51.285  -15.220  40.718 0.0000000000
43881  -9.965  -47.209  57.718 0.0000000000
42750  -9.037  -48.251  56.235 0.0000000000
133188  -9.382  -47.718  56.390 0.0000000000
50211  -16.125  -41.009  53.747 0.0000000000
50201  -16.388  -40.912  54.726 0.0000000000
49197  -15.564  -41.660  53.446 0.0000000000
46030  -13.134  -43.763  54.842 0.0000000000
47057  -13.610  -43.270  55.427 0.0000000000
46014  -12.992  -43.705  55.792 0.0000000000
46029  -12.689  -44.118  55.252 0.0000000000
46013  -12.584  -44.226  56.149 0.0000000000
156290  -12.310  -44.339  54.714 0.0000000000
58649  -4.208  -32.939  56.548 0.0000000000
56549  -4.190  -35.764  49.883 0.0000000000
133413  -4.639  -35.481  49.883 0.0000000000
56550  -4.563  -35.630  49.092 0.0000000000
51352  -6.961  -40.305  46.943 0.0000000000
143121  -6.690  -40.634  46.313 0.0000000000
52423  -5.016  -39.541  44.721 0.0000000000
54464  -4.735  -38.016  45.251 0.0000000000
53468  -5.150  -39.048  44.289 0.0000000000
53469  -5.634  -38.667  43.845 0.0000000000
52431  -5.358  -39.452  43.395 0.0000000000
48060  -4.044  -42.917  60.205 0.0000000000
48058  -3.587  -43.592  59.940 0.0000000000
135962  -5.045  -50.366  57.779 0.0000000000
130737  -4.769  -49.476  57.900 0.0000000000
155583  -4.485  -48.644  54.219 0.0000000000
42758  -4.427  -48.266  55.441 0.0000000000
42769  -4.363  -47.576  54.827 0.0000000000
146071  -4.242  -47.095  55.001 0.0000000000
43918  -4.424  -47.541  54.240 0.0000000000
43932  -4.462  -47.210  53.802 0.0000000000
39201  -5.334  -51.500  49.390 0.0000000000
39208  -5.583  -51.765  48.804 0.0000000000
131869  -5.716  -52.309  48.331 0.0000000000
38056  -5.602  -52.949  48.073 0.0000000000
141353  -5.815  -60.841  48.678 0.0000000000
28999  -5.693  -60.213  48.915 0.0000000000
30149  -5.739  -59.504  48.550 0.0000000000
132753  -38.678  -30.388  59.327 0.0000000000
59688  -35.089  -31.428  56.127 0.0000000000
59661  -37.259  -31.123  58.557 0.0000000000
59673  -37.249  -31.004  57.841 0.0000000000
131800  -38.173  -30.693  58.719 0.0000000000
149060  -38.726  -30.637  57.808 0.0000000000
56438  -31.944  -34.565  59.385 0.0000000000
56453  -31.637  -34.336  58.433 0.0000000000
135481  -32.515  -33.417  58.467 0.0000000000
58641  -34.530  -32.144  58.119 0.0000000000
58640  -33.726  -32.519  57.870 0.0000000000
58656  -34.356  -32.013  57.112 0.0000000000
146934  -34.281  -31.985  56.203 0.0000000000
57507  -32.683  -33.638  59.904 0.0000000000
56424  -32.388  -34.348  60.353 0.0000000000
57506  -32.310  -34.069  59.710 0.0000000000
56437  -31.295  -34.978  59.044 0.0000000000
79126  -56.403  -13.067  37.607 0.0000000000
80142  -56.997  -12.463  37.364 0.0000000000
80124  -57.459  -12.938  38.132 0.0000000000
76043  -49.818  -16.059  37.245 0.0000000000
136108  -49.644  -16.032  36.401 0.0000000000
76044  -50.639  -15.922  37.203 0.0000000000
77074  -52.536  -15.577  36.606 0.0000000000
76056  -52.002  -16.102  36.069 0.0000000000
154956  -52.626  -15.825  36.065 0.0000000000
76066  -51.798  -16.317  35.165 0.0000000000
77078  -52.634  -15.796  35.531 0.0000000000
77086  -52.923  -15.107  35.129 0.0000000000
77079  -53.151  -15.202  35.718 0.0000000000
78109  -55.070  -13.860  37.808 0.0000000000
78120  -54.617  -13.838  37.141 0.0000000000
149594  -55.416  -13.279  36.906 0.0000000000
71837  -45.522  -20.345  47.781 0.0000000000
71838  -46.123  -20.177  48.446 0.0000000000
140095  -45.543  -20.252  48.666 0.0000000000
143241  -45.573  -20.078  50.523 0.0000000000
71817  -46.214  -19.818  50.151 0.0000000000
71805  -46.056  -19.592  51.039 0.0000000000
69861  -39.421  -22.584  48.356 0.0000000000
156353  -39.498  -22.595  47.659 0.0000000000
133958  -41.881  -22.643  46.260 0.0000000000
156057  -40.513  -22.867  45.276 0.0000000000
69892  -42.339  -22.429  45.559 0.0000000000
68942  -42.526  -22.030  46.186 0.0000000000
69865  -43.691  -20.859  47.687 0.0000000000
146788  -43.507  -20.931  46.920 0.0000000000
69881  -44.078  -20.649  46.999 0.0000000000
70849  -44.877  -20.554  47.182 0.0000000000
46136  -9.260  -45.603  47.918 0.0000000000
45077  -9.312  -46.800  46.955 0.0000000000
151842  -9.393  -48.438  44.566 0.0000000000
42904  -9.474  -47.782  45.132 0.0000000000
42918  -9.294  -47.774  44.449 0.0000000000
149817  -8.948  -47.783  43.906 0.0000000000
41734  -9.165  -48.426  43.912 0.0000000000
41748  -7.762  -49.225  42.845 0.0000000000
41733  -8.783  -49.235  43.431 0.0000000000
39271  -7.731  -51.951  42.873 0.0000000000
40490  -7.938  -51.077  42.887 0.0000000000
134661  -6.137  -52.856  42.423 0.0000000000
37979  -7.936  -50.886  56.365 0.0000000000
37978  -7.575  -51.661  56.269 0.0000000000
39126  -7.882  -51.442  55.545 0.0000000000
67910  -39.970  -23.966  54.461 0.0000000000
141939  -41.305  -30.268  51.767 0.0000000000
62545  -41.114  -29.769  51.138 0.0000000000
63629  -40.815  -28.854  51.029 0.0000000000
65892  -40.548  -27.169  51.765 0.0000000000
64741  -40.276  -27.485  50.825 0.0000000000
64755  -40.077  -27.698  50.024 0.0000000000
65908  -39.942  -27.111  50.400 0.0000000000
66930  -39.738  -25.391  53.137 0.0000000000
53159  -25.128  -38.261  67.424 0.0000000000
52157  -25.639  -38.663  66.721 0.0000000000
49161  -27.700  -40.475  56.514 0.0000000000
48098  -26.868  -40.583  56.672 0.0000000000
48120  -27.002  -41.168  55.100 0.0000000000
82956  -54.180  -9.664  34.339 0.0000000000
82969  -53.618  -9.770  34.178 0.0000000000
83876  -54.384  -9.127  34.422 0.0000000000
141284  -55.139  -7.297  34.599 0.0000000000
84786  -54.017  -8.008  34.408 0.0000000000
146430  -54.428  -7.368  34.480 0.0000000000
85683  -53.568  -6.904  34.392 0.0000000000
86728  -53.478  -5.901  34.444 0.0000000000
152510  -54.819  -5.687  34.688 0.0000000000
50185  -3.638  -41.489  55.700 0.0000000000
50199  -3.938  -41.912  55.280 0.0000000000
152324  -4.069  -43.612  54.924 0.0000000000
49182  -4.367  -43.273  54.634 0.0000000000
48125  -4.246  -44.148  54.505 0.0000000000
47080  -4.823  -44.586  53.473 0.0000000000
47101  -4.709  -45.414  53.444 0.0000000000
77012  -50.753  -14.872  43.115 0.0000000000
76992  -50.408  -14.946  43.592 0.0000000000
73932  -44.441  -19.064  43.242 0.0000000000
74982  -45.705  -17.427  41.834 0.0000000000
74994  -46.422  -16.828  41.346 0.0000000000
135562  -46.529  -16.622  40.862 0.0000000000
147479  -46.723  -16.618  41.764 0.0000000000
142854  -48.226  -15.766  42.939 0.0000000000
75995  -47.992  -15.862  42.292 0.0000000000
75978  -48.554  -15.623  42.723 0.0000000000
77024  -49.244  -15.455  42.356 0.0000000000
45920  -11.937  -44.835  61.736 0.0000000000
44903  -12.383  -45.138  60.169 0.0000000000
44890  -11.931  -45.736  60.312 0.0000000000
44902  -11.950  -45.748  59.756 0.0000000000
44919  -11.370  -46.235  58.539 0.0000000000
46072  -12.631  -44.519  52.120 0.0000000000
56492  -2.901  -35.065  54.728 0.0000000000
56493  -3.286  -34.874  54.400 0.0000000000
54372  -3.341  -37.072  51.338 0.0000000000
55457  -3.374  -36.192  51.389 0.0000000000
55464  -3.561  -36.535  50.594 0.0000000000
56536  -3.764  -35.909  50.638 0.0000000000
150277  -3.701  -36.886  49.909 0.0000000000
48243  -6.289  -42.920  44.531 0.0000000000
50340  -6.200  -41.810  45.026 0.0000000000
49332  -6.018  -42.414  44.571 0.0000000000
144860  -4.935  -43.274  42.829 0.0000000000
49330  -5.234  -42.175  43.836 0.0000000000
132175  -4.964  -42.616  43.192 0.0000000000
155439  -5.028  -41.607  43.754 0.0000000000
50377  -4.882  -41.825  43.154 0.0000000000
49350  -5.323  -42.597  42.146 0.0000000000
48070  -4.950  -43.926  59.783 0.0000000000
48082  -5.241  -43.133  59.504 0.0000000000
47010  -4.207  -43.837  60.037 0.0000000000
158084  -4.388  -44.501  59.967 0.0000000000
37989  -5.093  -52.486  54.964 0.0000000000
131758  -4.698  -52.054  54.435 0.0000000000
155246  -4.517  -52.530  53.018 0.0000000000
39142  -4.467  -51.379  53.929 0.0000000000
149243  -4.516  -51.907  53.260 0.0000000000
40339  -4.475  -50.292  53.810 0.0000000000
39155  -4.493  -51.011  53.013 0.0000000000
40355  -4.629  -50.280  52.384 0.0000000000
131294  -4.415  -53.390  50.351 0.0000000000
36872  -4.553  -53.353  49.528 0.0000000000
132410  -4.629  -52.600  49.852 0.0000000000
57617  -39.236  -33.805  52.205 0.0000000000
57601  -38.867  -32.908  52.289 0.0000000000
59706  -37.614  -30.816  55.211 0.0000000000
59709  -40.340  -30.857  54.952 0.0000000000
58672  -39.839  -31.305  54.563 0.0000000000
59718  -40.393  -31.306  54.250 0.0000000000
58692  -40.430  -31.757  53.040 0.0000000000
145414  -40.843  -31.114  53.828 0.0000000000
60661  -41.105  -30.898  53.154 0.0000000000
60652  -41.056  -30.879  53.900 0.0000000000
62502  -41.741  -29.221  55.199 0.0000000000
57563  -31.427  -33.785  55.794 0.0000000000
53202  -29.418  -37.989  62.619 0.0000000000
52200  -29.043  -38.540  62.665 0.0000000000
52210  -29.150  -38.308  62.251 0.0000000000
55349  -31.616  -35.601  61.429 0.0000000000
53252  -29.218  -38.060  58.743 0.0000000000
146840  -29.552  -37.541  60.773 0.0000000000
52238  -28.994  -38.462  59.051 0.0000000000
52239  -28.834  -38.614  59.803 0.0000000000
52251  -28.800  -38.949  58.812 0.0000000000
50148  -28.184  -40.045  57.840 0.0000000000
51229  -28.476  -39.622  57.472 0.0000000000
50191  -28.290  -40.355  55.456 0.0000000000
82953  -57.301  -8.869  35.581 0.0000000000
78132  -53.302  -14.253  34.819 0.0000000000
78142  -53.027  -14.038  34.478 0.0000000000
138151  -54.279  -11.757  34.619 0.0000000000
151099  -53.404  -12.758  34.396 0.0000000000
80179  -53.413  -12.080  34.345 0.0000000000
81095  -53.929  -11.460  34.470 0.0000000000
144988  -53.675  -10.824  34.319 0.0000000000
152710  -54.647  -10.521  34.549 0.0000000000
82002  -55.675  -9.902  34.780 0.0000000000
82952  -56.426  -9.404  35.131 0.0000000000
145406  -56.527  -8.733  35.135 0.0000000000
74916  -46.913  -17.154  45.920 0.0000000000
75935  -47.601  -16.594  46.380 0.0000000000
74902  -47.226  -17.411  46.981 0.0000000000
74875  -47.946  -17.406  48.546 0.0000000000
72797  -47.292  -19.047  49.529 0.0000000000
73804  -47.596  -18.366  49.297 0.0000000000
69904  -42.803  -22.254  44.997 0.0000000000
69922  -42.292  -22.431  44.078 0.0000000000
69923  -43.436  -21.799  44.941 0.0000000000
70903  -44.073  -20.971  44.140 0.0000000000
71891  -44.395  -20.549  44.424 0.0000000000
74915  -46.095  -17.844  45.484 0.0000000000
53306  -19.498  -38.441  56.092 0.0000000000
136239  -17.783  -38.928  53.627 0.0000000000
58697  -8.950  -33.520  52.697 0.0000000000
56517  -8.189  -35.185  52.247 0.0000000000
57622  -8.889  -34.871  51.950 0.0000000000
56529  -8.450  -35.403  51.489 0.0000000000
133661  -8.391  -35.832  50.037 0.0000000000
134665  -7.798  -35.639  50.834 0.0000000000
135093  -5.042  -40.302  51.302 0.0000000000
144401  -4.697  -40.296  50.342 0.0000000000
50286  -8.600  -41.413  48.320 0.0000000000
51323  -7.894  -40.631  49.205 0.0000000000
51354  -8.309  -41.015  47.762 0.0000000000
48219  -9.387  -43.455  47.404 0.0000000000
143335  -9.454  -44.396  46.299 0.0000000000
148510  -8.769  -44.031  45.146 0.0000000000
48245  -8.445  -43.463  45.364 0.0000000000
49315  -8.180  -42.804  45.633 0.0000000000
48244  -7.501  -43.162  45.112 0.0000000000
157640  -6.832  -42.797  44.847 0.0000000000
47205  -6.940  -44.464  44.313 0.0000000000
46178  -5.827  -45.742  43.441 0.0000000000
157679  -6.507  -50.132  42.463 0.0000000000
41747  -5.992  -49.614  42.391 0.0000000000
40488  -5.281  -50.179  41.920 0.0000000000
143550  -6.472  -46.857  60.984 0.0000000000
42684  -6.854  -47.552  61.413 0.0000000000
39028  -6.913  -50.463  59.503 0.0000000000
41470  -5.965  -49.368  60.112 0.0000000000
39045  -5.900  -50.466  58.998 0.0000000000
39065  -5.622  -51.000  58.363 0.0000000000
37926  -5.972  -51.806  58.056 0.0000000000
36805  -7.157  -52.484  56.756 0.0000000000
36804  -6.772  -53.064  56.649 0.0000000000
34608  -5.664  -54.261  56.757 0.0000000000
153019  -5.394  -54.613  57.214 0.0000000000
35712  -5.233  -53.926  56.679 0.0000000000
36815  -5.852  -53.681  56.313 0.0000000000
36814  -5.409  -52.795  55.638 0.0000000000
36827  -5.662  -53.646  55.349 0.0000000000
34633  -5.539  -55.408  53.350 0.0000000000
34617  -5.320  -54.785  53.671 0.0000000000
34632  -5.024  -55.080  53.059 0.0000000000
69835  -42.354  -22.169  50.560 0.0000000000
69818  -43.053  -22.153  51.080 0.0000000000
151954  -42.193  -21.989  51.476 0.0000000000
137591  -40.726  -29.960  50.055 0.0000000000
61592  -40.590  -30.415  49.659 0.0000000000
61606  -40.556  -30.059  48.945 0.0000000000
67963  -38.409  -24.411  49.619 0.0000000000
144884  -38.281  -24.125  48.890 0.0000000000
68910  -38.551  -23.436  49.191 0.0000000000
69833  -40.483  -22.243  50.831 0.0000000000
69834  -41.483  -22.269  50.164 0.0000000000
52197  -22.855  -38.725  62.740 0.0000000000
53201  -21.882  -38.502  61.917 0.0000000000
53212  -21.258  -38.413  61.027 0.0000000000
53213  -22.220  -38.443  60.937 0.0000000000
50084  -26.307  -39.958  63.156 0.0000000000
50067  -26.399  -39.898  64.005 0.0000000000
50066  -26.162  -39.856  64.136 0.0000000000
50065  -25.455  -39.829  64.180 0.0000000000
136980  -25.960  -40.019  63.374 0.0000000000
157090  -26.103  -40.638  57.405 0.0000000000
131439  -26.467  -40.532  58.589 0.0000000000
149927  -25.813  -40.566  58.353 0.0000000000
135471  -24.973  -39.968  59.099 0.0000000000
50130  -25.431  -40.216  59.562 0.0000000000
50129  -24.931  -40.012  60.045 0.0000000000
50115  -25.014  -39.969  61.033 0.0000000000
51193  -24.392  -39.509  60.589 0.0000000000
52209  -23.773  -39.097  61.277 0.0000000000
147140  -23.977  -39.207  59.883 0.0000000000
52249  -23.332  -38.713  58.355 0.0000000000
53251  -22.394  -38.229  58.261 0.0000000000
53290  -21.460  -37.777  56.711 0.0000000000
53308  -21.312  -37.756  55.877 0.0000000000
52292  -22.330  -37.867  53.721 0.0000000000
132767  -21.219  -37.750  54.250 0.0000000000
87740  -53.832  -4.477  34.155 0.0000000000
157492  -53.205  -4.424  33.626 0.0000000000
88721  -53.804  -3.614  31.379 0.0000000000
88713  -54.255  -2.846  32.036 0.0000000000
56477  -2.798  -35.768  55.124 0.0000000000
55433  -2.799  -36.240  54.691 0.0000000000
54342  -2.893  -37.146  54.285 0.0000000000
132450  -2.984  -37.028  55.830 0.0000000000
149937  -3.489  -39.028  54.284 0.0000000000
53333  -3.406  -38.608  53.874 0.0000000000
51280  -4.157  -39.722  52.151 0.0000000000
147240  -4.309  -39.642  53.071 0.0000000000
51282  -5.707  -40.891  52.758 0.0000000000
51297  -6.402  -40.979  52.165 0.0000000000
50236  -7.529  -42.055  51.378 0.0000000000
50235  -6.867  -41.918  52.099 0.0000000000
49194  -4.952  -42.930  54.135 0.0000000000
50210  -5.258  -41.991  53.833 0.0000000000
47134  -7.206  -44.631  50.931 0.0000000000
48150  -6.392  -43.782  52.073 0.0000000000
152936  -7.856  -43.850  50.578 0.0000000000
47135  -7.758  -44.677  50.278 0.0000000000
46112  -8.213  -45.374  49.444 0.0000000000
43978  -7.461  -47.400  48.894 0.0000000000
43994  -7.811  -47.924  48.203 0.0000000000
42860  -8.377  -48.336  47.497 0.0000000000
42859  -7.521  -48.873  47.981 0.0000000000
77038  -53.760  -14.888  40.763 0.0000000000
77039  -54.444  -15.065  40.547 0.0000000000
77028  -54.309  -15.309  41.295 0.0000000000
70802  -44.349  -20.990  51.494 0.0000000000
75003  -46.883  -16.369  40.734 0.0000000000
75004  -47.332  -16.154  40.624 0.0000000000
76022  -48.857  -15.824  39.813 0.0000000000
76021  -48.088  -15.899  39.508 0.0000000000
144888  -49.057  -15.829  38.970 0.0000000000
76031  -49.437  -15.988  38.094 0.0000000000
77037  -52.253  -14.955  40.538 0.0000000000
77049  -53.431  -14.916  39.875 0.0000000000
44857  -8.895  -46.462  61.673 0.0000000000
42687  -9.127  -47.640  61.446 0.0000000000
156156  -8.902  -48.558  60.612 0.0000000000
42699  -9.325  -48.132  60.687 0.0000000000
44874  -11.274  -46.163  61.151 0.0000000000
43802  -10.635  -46.560  61.462 0.0000000000
43815  -10.928  -46.753  60.741 0.0000000000
41508  -9.069  -48.225  58.202 0.0000000000
42725  -9.880  -47.509  59.569 0.0000000000
154914  -8.980  -48.221  58.802 0.0000000000
136904  -8.756  -48.720  58.989 0.0000000000
41507  -8.713  -48.832  58.350 0.0000000000
135209  -8.489  -49.479  57.895 0.0000000000
41519  -8.489  -49.367  57.090 0.0000000000
41548  -8.760  -49.271  55.226 0.0000000000
40310  -8.605  -49.949  55.464 0.0000000000
40324  -8.787  -49.898  54.469 0.0000000000
39156  -8.688  -50.878  53.285 0.0000000000
40340  -8.929  -50.145  53.459 0.0000000000
52281  -18.349  -39.414  56.397 0.0000000000
52272  -18.370  -39.435  57.285 0.0000000000
51249  -17.809  -39.956  55.934 0.0000000000
136251  -16.968  -40.889  56.173 0.0000000000
50160  -17.391  -40.493  57.432 0.0000000000
50175  -17.024  -40.927  57.022 0.0000000000
50159  -17.042  -40.947  57.936 0.0000000000
49140  -16.730  -41.300  57.488 0.0000000000
135060  -14.960  -42.287  54.083 0.0000000000
47066  -14.306  -42.666  54.199 0.0000000000
47051  -14.909  -42.378  56.604 0.0000000000
48118  -15.352  -42.021  56.093 0.0000000000
48097  -15.901  -42.090  57.595 0.0000000000
48086  -15.953  -42.002  58.546 0.0000000000
139458  -15.357  -42.377  58.080 0.0000000000
47024  -14.388  -43.077  59.249 0.0000000000
45994  -13.759  -43.470  58.793 0.0000000000
45978  -13.789  -43.576  59.602 0.0000000000
45977  -13.163  -44.041  59.358 0.0000000000
154220  -12.613  -44.710  57.924 0.0000000000
46001  -12.173  -44.866  56.529 0.0000000000
45992  -12.388  -45.034  57.334 0.0000000000
44967  -11.409  -45.431  56.482 0.0000000000
44966  -10.709  -45.951  55.787 0.0000000000
45003  -11.334  -45.347  53.803 0.0000000000
45002  -10.902  -46.170  52.956 0.0000000000
43940  -10.137  -47.759  52.287 0.0000000000
43934  -10.255  -46.705  53.735 0.0000000000
43933  -9.792  -47.596  53.395 0.0000000000
43919  -9.735  -47.221  54.517 0.0000000000
156163  -9.565  -47.826  54.104 0.0000000000
42772  -9.378  -48.119  54.739 0.0000000000
42783  -9.465  -48.326  53.725 0.0000000000
59699  -5.608  -32.501  55.842 0.0000000000
59700  -6.393  -32.608  55.303 0.0000000000
151385  -6.212  -33.981  55.165 0.0000000000
57587  -4.063  -34.639  54.054 0.0000000000
57574  -4.769  -34.357  54.769 0.0000000000
56502  -4.550  -34.897  53.231 0.0000000000
56503  -5.755  -35.060  53.206 0.0000000000
56504  -6.866  -35.125  53.174 0.0000000000
56516  -7.309  -35.338  52.344 0.0000000000
153987  -5.654  -35.478  49.596 0.0000000000
139623  -5.983  -35.643  48.939 0.0000000000
139188  -6.884  -35.843  48.981 0.0000000000
155894  -5.916  -35.868  47.819 0.0000000000
51320  -5.044  -40.151  49.690 0.0000000000
52345  -4.238  -39.600  49.766 0.0000000000
52346  -4.852  -39.607  49.312 0.0000000000
52359  -5.365  -38.935  48.491 0.0000000000
53403  -5.067  -38.313  48.190 0.0000000000
136070  -4.967  -37.974  47.469 0.0000000000
156065  -5.760  -40.048  45.923 0.0000000000
53436  -4.617  -38.203  46.137 0.0000000000
54408  -4.710  -37.372  47.091 0.0000000000
157168  -4.678  -37.069  46.659 0.0000000000
55489  -4.744  -36.646  47.135 0.0000000000
139501  -4.974  -37.524  45.292 0.0000000000
55497  -5.456  -36.475  46.459 0.0000000000
132732  -5.910  -36.555  46.005 0.0000000000
138071  -6.136  -36.324  46.527 0.0000000000
55513  -6.533  -36.757  45.620 0.0000000000
49121  -2.582  -42.804  58.777 0.0000000000
43827  -5.287  -46.914  60.460 0.0000000000
141930  -5.243  -46.018  60.397 0.0000000000
42724  -4.298  -47.587  59.390 0.0000000000
44901  -4.305  -46.608  59.707 0.0000000000
44887  -4.370  -46.041  59.841 0.0000000000
44900  -3.999  -46.813  59.354 0.0000000000
139443  -4.719  -50.111  55.770 0.0000000000
41533  -4.624  -49.442  56.590 0.0000000000
150849  -4.022  -47.349  56.339 0.0000000000
141685  -4.068  -47.535  57.231 0.0000000000
152054  -3.677  -46.769  57.929 0.0000000000
145921  -3.580  -46.439  58.432 0.0000000000
44917  -3.535  -46.168  57.588 0.0000000000
46011  -3.538  -45.616  55.705 0.0000000000
46000  -3.424  -44.990  56.359 0.0000000000
144527  -3.544  -44.849  55.529 0.0000000000
47056  -3.646  -44.093  55.450 0.0000000000
133364  -4.594  -46.938  53.329 0.0000000000
155976  -4.493  -46.275  53.692 0.0000000000
45017  -4.692  -46.431  53.335 0.0000000000
45018  -5.104  -46.282  52.767 0.0000000000
144384  -5.305  -46.935  51.984 0.0000000000
41591  -4.883  -49.694  51.843 0.0000000000
41603  -5.649  -49.074  50.334 0.0000000000
42824  -5.972  -48.628  49.999 0.0000000000
43955  -5.950  -47.451  50.892 0.0000000000
42825  -6.436  -48.271  49.672 0.0000000000
42837  -6.230  -49.105  49.426 0.0000000000
140434  -6.423  -51.215  48.021 0.0000000000
40418  -6.608  -50.477  48.148 0.0000000000
40435  -6.837  -51.006  47.509 0.0000000000
40419  -7.188  -50.329  47.518 0.0000000000
32390  -5.267  -57.466  51.359 0.0000000000
31229  -5.235  -58.829  49.614 0.0000000000
150662  -5.151  -58.893  50.084 0.0000000000
144924  -4.914  -58.081  50.147 0.0000000000
144350  -4.849  -57.119  50.222 0.0000000000
144657  -4.805  -56.449  49.669 0.0000000000
33588  -5.107  -56.107  48.871 0.0000000000
33603  -5.466  -56.286  48.247 0.0000000000
34722  -5.515  -55.490  47.967 0.0000000000
133716  -6.037  -54.797  47.401 0.0000000000
143327  -6.665  -54.834  46.938 0.0000000000
35852  -6.399  -54.179  47.153 0.0000000000
36924  -7.573  -53.743  46.167 0.0000000000
36925  -8.325  -53.834  45.308 0.0000000000
38076  -8.145  -52.132  45.639 0.0000000000
151353  -8.533  -53.271  44.758 0.0000000000
36947  -8.725  -53.069  44.007 0.0000000000
137857  -36.879  -30.901  59.920 0.0000000000
59628  -36.845  -30.732  60.686 0.0000000000
59615  -36.172  -31.092  61.359 0.0000000000
150220  -35.863  -31.342  57.637 0.0000000000
134683  -35.683  -31.765  58.885 0.0000000000
59641  -36.430  -31.413  59.192 0.0000000000
57517  -32.742  -33.390  59.129 0.0000000000
58626  -33.930  -32.576  58.803 0.0000000000
57483  -32.951  -34.110  61.253 0.0000000000
57496  -33.364  -33.495  60.838 0.0000000000
57508  -33.235  -33.265  60.093 0.0000000000
58577  -34.263  -32.900  62.052 0.0000000000
79116  -55.617  -13.904  38.525 0.0000000000
79117  -56.644  -13.536  38.495 0.0000000000
76034  -52.149  -15.269  38.091 0.0000000000
77064  -52.505  -15.278  37.390 0.0000000000
77065  -53.105  -15.013  37.132 0.0000000000
78118  -53.473  -14.773  36.368 0.0000000000
77066  -53.664  -14.596  37.273 0.0000000000
78108  -54.262  -14.296  37.813 0.0000000000
70829  -44.866  -20.284  48.977 0.0000000000
70815  -44.928  -20.437  49.968 0.0000000000
71804  -45.553  -19.929  51.366 0.0000000000
131336  -41.660  -22.392  47.852 0.0000000000
156699  -42.423  -22.068  47.799 0.0000000000
68934  -42.812  -21.647  46.715 0.0000000000
44012  -9.207  -47.757  46.789 0.0000000000
42903  -9.407  -48.615  45.405 0.0000000000
132298  -8.856  -50.146  43.592 0.0000000000
39248  -8.415  -51.716  43.421 0.0000000000
38002  -8.314  -51.503  54.021 0.0000000000
38001  -7.817  -52.103  54.734 0.0000000000
36846  -8.134  -52.788  52.942 0.0000000000
63614  -41.072  -28.499  52.144 0.0000000000
64730  -40.968  -27.622  52.479 0.0000000000
65876  -40.259  -26.571  52.198 0.0000000000
65863  -40.351  -26.123  53.317 0.0000000000
54208  -26.634  -37.781  65.896 0.0000000000
49187  -27.284  -42.122  54.780 0.0000000000
83878  -55.685  -8.634  34.697 0.0000000000
83877  -55.015  -8.822  34.531 0.0000000000
84788  -55.496  -8.074  34.641 0.0000000000
137207  -56.054  -7.197  34.881 0.0000000000
86722  -57.267  -5.741  35.461 0.0000000000
50171  -3.418  -41.866  56.111 0.0000000000
49168  -3.625  -42.469  55.700 0.0000000000
48124  -3.948  -44.171  54.905 0.0000000000
76991  -48.883  -15.454  43.291 0.0000000000
131654  -49.707  -15.157  43.768 0.0000000000
76976  -49.148  -15.302  43.897 0.0000000000
132773  -49.744  -15.068  44.483 0.0000000000
74940  -45.616  -17.779  43.784 0.0000000000
74969  -46.448  -17.102  43.178 0.0000000000
74984  -47.020  -16.518  42.350 0.0000000000
45921  -12.714  -44.420  61.356 0.0000000000
45931  -12.787  -44.617  60.876 0.0000000000
44921  -12.415  -45.157  59.423 0.0000000000
53211  -20.434  -38.534  61.172 0.0000000000
144624  -9.254  -35.750  50.149 0.0000000000
56555  -9.814  -35.750  49.525 0.0000000000
55449  -2.865  -36.391  52.951 0.0000000000
56511  -2.992  -35.686  53.255 0.0000000000
157924  -3.860  -38.320  50.271 0.0000000000
155024  -5.176  -44.064  43.295 0.0000000000
48268  -5.347  -43.445  43.660 0.0000000000
48267  -4.985  -43.727  43.062 0.0000000000
48275  -4.938  -44.057  42.396 0.0000000000
48283  -5.155  -44.036  41.933 0.0000000000
45960  -5.427  -45.463  60.210 0.0000000000
131433  -4.818  -53.360  53.678 0.0000000000
131759  -4.548  -53.172  53.085 0.0000000000
153837  -4.434  -52.861  52.392 0.0000000000
38031  -4.491  -52.359  51.653 0.0000000000
36857  -4.396  -53.206  51.646 0.0000000000
149162  -4.384  -53.512  51.066 0.0000000000
59691  -39.015  -30.644  55.756 0.0000000000
59708  -39.405  -30.823  55.142 0.0000000000
59692  -39.546  -30.500  56.033 0.0000000000
59693  -39.907  -30.397  55.796 0.0000000000
60632  -40.567  -30.276  54.999 0.0000000000
61542  -41.093  -30.240  54.576 0.0000000000
145833  -41.078  -29.820  55.267 0.0000000000
58654  -33.109  -32.545  56.164 0.0000000000
55368  -31.069  -35.681  60.350 0.0000000000
54263  -30.573  -36.369  60.725 0.0000000000
55367  -30.339  -36.315  59.795 0.0000000000
54279  -29.403  -37.561  58.430 0.0000000000
53272  -29.239  -38.198  57.918 0.0000000000
52263  -28.849  -38.802  57.546 0.0000000000
134965  -29.006  -38.327  57.116 0.0000000000
81987  -57.963  -9.529  36.290 0.0000000000
79141  -54.326  -13.211  35.373 0.0000000000
79149  -54.104  -12.859  34.808 0.0000000000
80161  -54.641  -12.492  35.064 0.0000000000
80170  -54.803  -11.678  34.819 0.0000000000
81097  -55.094  -10.723  34.743 0.0000000000
81992  -56.375  -10.185  35.230 0.0000000000
141926  -46.036  -18.725  46.318 0.0000000000
74901  -46.634  -18.426  47.044 0.0000000000
74886  -47.268  -17.937  47.840 0.0000000000
70868  -44.240  -21.012  45.588 0.0000000000
70869  -44.670  -20.838  45.616 0.0000000000
71892  -44.792  -20.515  45.161 0.0000000000
72854  -45.259  -19.998  45.521 0.0000000000
53334  -19.540  -38.207  53.467 0.0000000000
58689  -8.537  -33.875  53.214 0.0000000000
50247  -7.670  -41.238  50.685 0.0000000000
51322  -7.687  -40.640  49.982 0.0000000000
50261  -8.263  -41.430  49.833 0.0000000000
50287  -9.001  -42.032  48.213 0.0000000000
45106  -9.169  -46.376  44.673 0.0000000000
47192  -9.259  -44.544  45.431 0.0000000000
144366  -8.584  -45.886  44.390 0.0000000000
46164  -8.205  -45.256  44.414 0.0000000000
47206  -7.746  -44.695  44.482 0.0000000000
44048  -6.037  -46.666  43.265 0.0000000000
44061  -5.406  -47.060  42.698 0.0000000000
41460  -7.985  -48.577  61.524 0.0000000000
157937  -7.468  -48.592  61.500 0.0000000000
41471  -7.559  -49.251  61.043 0.0000000000
39029  -7.433  -50.515  59.066 0.0000000000
36767  -6.804  -51.672  58.165 0.0000000000
36838  -7.105  -53.690  54.828 0.0000000000
35725  -6.500  -53.680  55.518 0.0000000000
35724  -6.024  -54.108  55.286 0.0000000000
35723  -5.774  -54.097  54.968 0.0000000000
34618  -5.775  -54.977  53.909 0.0000000000
155048  -41.472  -21.817  51.798 0.0000000000
70799  -42.016  -21.691  52.281 0.0000000000
62574  -40.302  -28.846  48.876 0.0000000000
67941  -38.672  -24.908  51.162 0.0000000000
68891  -38.711  -24.005  51.064 0.0000000000
68902  -39.107  -23.070  50.749 0.0000000000
154255  -39.142  -22.801  50.053 0.0000000000
52179  -23.340  -38.935  64.530 0.0000000000
52187  -23.184  -38.896  63.709 0.0000000000
51150  -28.565  -39.072  63.719 0.0000000000
51149  -27.844  -39.510  63.870 0.0000000000
50077  -27.389  -39.707  63.433 0.0000000000
138250  -26.739  -39.940  62.639 0.0000000000
49066  -26.416  -40.111  62.369 0.0000000000
151266  -25.762  -40.480  55.939 0.0000000000
49141  -25.469  -40.446  57.852 0.0000000000
50177  -25.139  -40.233  56.530 0.0000000000
50161  -24.517  -39.673  57.690 0.0000000000
51216  -23.916  -39.206  58.035 0.0000000000
136823  -24.057  -39.060  57.154 0.0000000000
52274  -23.313  -38.346  56.412 0.0000000000
53309  -22.445  -37.820  55.614 0.0000000000
84792  -51.764  -7.849  33.745 0.0000000000
140809  -3.091  -37.756  56.121 0.0000000000
51264  -4.078  -39.886  53.885 0.0000000000
50224  -5.590  -41.633  53.282 0.0000000000
151912  -5.318  -44.347  53.012 0.0000000000
48149  -5.771  -43.680  52.804 0.0000000000
47103  -5.695  -44.480  52.355 0.0000000000
132656  -6.752  -45.259  51.184 0.0000000000
46098  -7.248  -45.281  50.636 0.0000000000
46111  -7.600  -46.020  49.748 0.0000000000
46110  -7.201  -45.974  50.429 0.0000000000
43967  -7.144  -47.273  49.487 0.0000000000
140175  -53.018  -14.768  41.131 0.0000000000
77027  -53.603  -14.952  41.589 0.0000000000
139155  -53.272  -14.989  42.287 0.0000000000
131112  -48.202  -15.852  41.239 0.0000000000
76014  -48.914  -15.740  40.654 0.0000000000
76015  -49.739  -15.706  40.039 0.0000000000
76023  -50.350  -15.667  39.480 0.0000000000
77046  -50.591  -15.528  40.153 0.0000000000
143288  -10.157  -46.534  61.800 0.0000000000
142272  -11.044  -46.816  59.725 0.0000000000
42726  -10.456  -47.179  59.886 0.0000000000
43864  -10.092  -47.139  58.550 0.0000000000
42743  -9.554  -47.679  58.015 0.0000000000
41520  -9.142  -48.186  57.484 0.0000000000
41535  -8.796  -48.670  56.801 0.0000000000
42771  -9.033  -48.810  54.768 0.0000000000
51257  -17.301  -40.118  54.792 0.0000000000
51248  -17.285  -40.442  55.655 0.0000000000
141636  -16.885  -40.580  55.120 0.0000000000
50186  -16.628  -40.981  55.595 0.0000000000
150827  -16.091  -41.362  55.200 0.0000000000
47065  -13.680  -43.224  54.431 0.0000000000
150825  -14.053  -42.838  55.861 0.0000000000
47050  -14.281  -42.693  56.378 0.0000000000
138810  -14.178  -42.824  57.154 0.0000000000
47036  -13.329  -43.517  57.284 0.0000000000
156084  -12.773  -44.157  57.399 0.0000000000
43941  -10.724  -46.966  51.835 0.0000000000
42804  -10.056  -48.527  51.729 0.0000000000
57561  -5.435  -33.973  55.404 0.0000000000
56525  -4.028  -35.363  51.509 0.0000000000
135696  -4.545  -35.164  51.647 0.0000000000
56526  -5.469  -35.235  51.462 0.0000000000
56538  -5.123  -35.344  49.904 0.0000000000
56551  -5.152  -35.438  49.104 0.0000000000
52361  -6.549  -39.551  48.040 0.0000000000
52377  -5.995  -39.213  47.126 0.0000000000
52411  -5.209  -40.059  45.151 0.0000000000
52412  -5.404  -39.627  45.652 0.0000000000
139887  -5.076  -39.139  45.360 0.0000000000
53453  -4.722  -38.373  45.566 0.0000000000
156809  -4.666  -37.227  46.063 0.0000000000
138528  -5.519  -37.520  44.900 0.0000000000
41482  -4.753  -48.231  59.773 0.0000000000
42712  -4.632  -47.526  59.878 0.0000000000
41496  -4.512  -48.344  59.199 0.0000000000
42735  -4.228  -48.074  58.752 0.0000000000
132553  -4.488  -49.812  55.033 0.0000000000
41532  -4.457  -48.695  56.247 0.0000000000
44951  -3.511  -45.867  56.592 0.0000000000
155376  -3.908  -46.846  55.635 0.0000000000
137670  -3.775  -46.155  55.201 0.0000000000
46026  -4.018  -46.032  54.534 0.0000000000
45001  -4.268  -46.442  54.242 0.0000000000
43939  -4.653  -47.341  52.886 0.0000000000
40379  -5.105  -50.961  50.355 0.0000000000
40392  -5.329  -50.895  49.746 0.0000000000
147040  -5.613  -50.249  49.599 0.0000000000
40417  -6.073  -51.084  48.531 0.0000000000
39216  -6.073  -51.762  48.221 0.0000000000
39217  -6.494  -51.708  47.661 0.0000000000
30148  -5.508  -59.509  49.237 0.0000000000
133369  -5.216  -58.076  49.227 0.0000000000
32449  -5.642  -58.125  48.378 0.0000000000
149568  -5.951  -57.958  47.872 0.0000000000
158016  -7.332  -54.902  46.459 0.0000000000
58668  -35.737  -31.310  54.743 0.0000000000
59705  -36.401  -30.929  55.487 0.0000000000
59690  -37.131  -30.728  56.220 0.0000000000
60609  -36.710  -30.927  57.288 0.0000000000
60610  -37.715  -30.700  56.971 0.0000000000
59674  -38.745  -30.630  56.782 0.0000000000
59662  -39.184  -30.396  58.500 0.0000000000
56452  -30.286  -35.241  57.763 0.0000000000
57533  -30.911  -34.433  57.578 0.0000000000
150751  -31.651  -33.989  57.463 0.0000000000
57550  -32.059  -33.499  57.008 0.0000000000
58625  -32.981  -32.940  58.236 0.0000000000
58639  -33.077  -32.667  57.199 0.0000000000
58666  -33.834  -32.239  55.651 0.0000000000
55357  -31.802  -35.360  60.994 0.0000000000
56413  -32.487  -34.601  60.941 0.0000000000
56412  -32.166  -34.990  60.694 0.0000000000
55369  -31.738  -35.300  60.565 0.0000000000
56422  -31.582  -35.168  59.866 0.0000000000
56436  -30.517  -35.441  58.574 0.0000000000
80155  -56.538  -12.098  36.554 0.0000000000
80156  -57.524  -11.727  37.089 0.0000000000
76055  -50.972  -16.099  36.390 0.0000000000
76054  -50.385  -16.220  35.831 0.0000000000
149423  -50.817  -16.529  34.966 0.0000000000
135030  -53.861  -14.182  36.109 0.0000000000
78124  -53.951  -13.804  35.634 0.0000000000
72808  -46.471  -19.498  47.939 0.0000000000
71848  -46.009  -20.200  47.615 0.0000000000
72796  -46.662  -19.680  49.055 0.0000000000
72782  -46.808  -19.500  49.853 0.0000000000
69877  -40.042  -22.563  47.074 0.0000000000
69890  -39.597  -22.618  46.419 0.0000000000
69920  -41.057  -22.825  44.469 0.0000000000
68952  -42.790  -22.009  45.696 0.0000000000
69893  -43.171  -21.207  46.498 0.0000000000
155426  -43.736  -21.016  45.884 0.0000000000
69882  -44.454  -20.700  46.468 0.0000000000
144956  -44.844  -20.681  46.565 0.0000000000
59712  -7.104  -32.627  54.652 0.0000000000
47147  -8.606  -44.557  49.294 0.0000000000
47159  -9.168  -44.200  48.385 0.0000000000
46124  -9.216  -44.951  48.156 0.0000000000
46137  -9.473  -45.031  47.101 0.0000000000
44031  -9.575  -47.086  45.865 0.0000000000
45094  -9.477  -46.224  45.407 0.0000000000
44039  -9.023  -47.146  44.281 0.0000000000
42936  -7.503  -48.482  42.903 0.0000000000
139435  -7.058  -49.767  42.573 0.0000000000
41749  -8.103  -50.125  42.955 0.0000000000
39269  -6.108  -51.441  42.390 0.0000000000
150951  -5.686  -52.033  42.294 0.0000000000
39092  -7.996  -50.540  57.707 0.0000000000
37946  -7.905  -50.889  57.699 0.0000000000
37963  -7.747  -50.960  56.934 0.0000000000
36829  -7.374  -52.997  55.217 0.0000000000
36839  -7.580  -53.134  54.491 0.0000000000
35732  -7.356  -54.020  54.072 0.0000000000
69793  -39.956  -22.619  53.421 0.0000000000
69794  -40.511  -22.235  54.006 0.0000000000
68870  -40.052  -23.061  54.294 0.0000000000
60673  -40.851  -31.258  51.702 0.0000000000
60682  -40.257  -31.572  50.370 0.0000000000
61573  -40.990  -30.302  50.762 0.0000000000
62562  -40.615  -29.277  49.859 0.0000000000
63645  -40.547  -28.779  50.101 0.0000000000
63658  -40.408  -28.802  49.479 0.0000000000
63644  -40.233  -28.254  49.708 0.0000000000
64773  -39.910  -27.826  49.344 0.0000000000
64772  -39.540  -27.461  49.027 0.0000000000
65907  -39.514  -26.765  50.025 0.0000000000
66945  -39.111  -25.726  51.335 0.0000000000
66946  -39.710  -26.277  51.746 0.0000000000
67942  -38.971  -24.547  51.895 0.0000000000
52155  -24.363  -38.971  67.252 0.0000000000
51138  -24.961  -39.675  65.318 0.0000000000
49114  -27.737  -40.167  58.663 0.0000000000
49112  -27.225  -40.356  58.998 0.0000000000
49126  -27.178  -40.374  58.101 0.0000000000
49144  -26.721  -40.610  57.041 0.0000000000
48110  -26.494  -40.555  55.929 0.0000000000
49185  -26.012  -41.778  54.656 0.0000000000
49171  -26.087  -40.888  54.910 0.0000000000
50189  -25.709  -40.513  55.240 0.0000000000
50202  -25.279  -40.160  54.954 0.0000000000
51260  -24.585  -39.524  54.589 0.0000000000
144617  -52.669  -8.593  34.008 0.0000000000
144921  -54.028  -8.722  34.382 0.0000000000
83875  -53.394  -8.353  34.288 0.0000000000
84793  -52.621  -7.764  34.110 0.0000000000
85688  -51.988  -7.030  33.841 0.0000000000
147489  -52.161  -6.334  33.899 0.0000000000
86729  -53.987  -5.342  34.490 0.0000000000
86730  -55.619  -5.456  34.873 0.0000000000
51246  -3.394  -40.048  55.913 0.0000000000
51256  -3.865  -40.923  55.219 0.0000000000
50200  -4.185  -41.313  54.791 0.0000000000
156331  -4.559  -42.649  54.561 0.0000000000
47102  -5.146  -45.013  52.856 0.0000000000
46083  -5.505  -45.963  52.113 0.0000000000
141109  -51.010  -14.868  42.448 0.0000000000
77013  -51.769  -14.786  42.920 0.0000000000
73950  -44.943  -18.171  42.508 0.0000000000
76006  -47.342  -16.226  41.116 0.0000000000
75994  -47.421  -16.220  41.775 0.0000000000
76007  -47.796  -15.980  41.579 0.0000000000
46981  -11.480  -44.473  62.120 0.0000000000
44860  -11.598  -45.530  61.493 0.0000000000
43816  -11.488  -46.309  60.483 0.0000000000
45930  -12.317  -45.120  61.097 0.0000000000
43830  -11.573  -46.402  60.022 0.0000000000
43865  -10.645  -46.683  58.156 0.0000000000
43882  -10.388  -46.664  57.320 0.0000000000
49226  -15.211  -42.383  51.649 0.0000000000
48152  -14.731  -42.701  52.244 0.0000000000
48151  -14.138  -43.044  52.417 0.0000000000
47081  -13.736  -43.190  53.199 0.0000000000
46052  -12.537  -44.182  53.170 0.0000000000
46051  -11.948  -44.523  53.719 0.0000000000
137141  -12.167  -44.711  52.679 0.0000000000
57559  -3.420  -34.313  55.595 0.0000000000
57560  -4.307  -34.013  55.503 0.0000000000
56501  -3.646  -35.002  53.555 0.0000000000
56523  -3.165  -35.923  52.227 0.0000000000
56512  -3.483  -35.490  52.310 0.0000000000
134944  -3.911  -36.694  49.199 0.0000000000
50341  -6.688  -41.792  45.424 0.0000000000
50322  -6.753  -41.184  45.855 0.0000000000
148553  -6.310  -41.367  45.440 0.0000000000
50339  -5.878  -41.238  45.237 0.0000000000
49331  -5.516  -42.691  44.110 0.0000000000
51394  -5.401  -40.955  44.924 0.0000000000
51403  -4.886  -40.948  43.618 0.0000000000
51404  -5.079  -40.317  43.013 0.0000000000
49103  -4.714  -42.475  59.898 0.0000000000
132533  -4.007  -43.812  60.024 0.0000000000
46997  -4.062  -44.544  59.873 0.0000000000
39108  -5.054  -51.508  56.379 0.0000000000
40286  -4.814  -49.949  57.252 0.0000000000
132396  -4.769  -51.110  55.760 0.0000000000
40309  -4.604  -50.746  55.121 0.0000000000
131957  -4.583  -51.277  54.611 0.0000000000
41559  -4.492  -49.497  54.266 0.0000000000
41571  -4.548  -48.945  53.616 0.0000000000
40369  -4.923  -51.139  51.004 0.0000000000
39178  -4.599  -51.872  50.948 0.0000000000
137508  -4.801  -51.556  50.452 0.0000000000
39200  -4.917  -51.680  49.875 0.0000000000
38046  -4.824  -52.878  49.079 0.0000000000
38055  -5.085  -53.240  48.487 0.0000000000
149921  -40.009  -33.864  51.575 0.0000000000
58705  -39.809  -32.679  51.138 0.0000000000
58679  -36.512  -31.717  53.672 0.0000000000
58681  -38.271  -31.874  53.670 0.0000000000
58671  -38.959  -31.241  54.433 0.0000000000
58682  -39.210  -31.826  53.747 0.0000000000
57584  -38.660  -32.365  52.957 0.0000000000
58691  -39.942  -32.078  53.045 0.0000000000
58700  -40.261  -32.043  52.140 0.0000000000
59734  -40.212  -31.969  51.684 0.0000000000
60662  -40.968  -31.172  52.527 0.0000000000
61563  -41.192  -30.821  52.378 0.0000000000
134433  -41.361  -30.258  52.566 0.0000000000
62501  -41.342  -29.959  54.335 0.0000000000
146345  -41.392  -29.777  53.275 0.0000000000
156053  -41.368  -28.999  52.987 0.0000000000
52182  -28.829  -38.666  64.000 0.0000000000
51178  -28.688  -38.992  61.991 0.0000000000
50118  -28.186  -39.745  60.594 0.0000000000
54238  -30.066  -37.098  61.806 0.0000000000
54247  -30.030  -36.977  61.150 0.0000000000
53225  -29.576  -37.602  61.480 0.0000000000
53214  -29.549  -37.755  62.075 0.0000000000
51195  -28.736  -38.830  60.765 0.0000000000
51205  -28.348  -39.519  60.265 0.0000000000
50132  -28.023  -40.001  59.148 0.0000000000
50147  -28.019  -40.059  58.196 0.0000000000
49146  -27.946  -40.407  56.945 0.0000000000
49162  -27.869  -40.555  55.978 0.0000000000
51242  -28.467  -39.806  56.745 0.0000000000
50190  -28.103  -40.517  55.686 0.0000000000
79148  -53.551  -13.312  34.598 0.0000000000
79157  -52.966  -13.435  34.297 0.0000000000
79156  -52.264  -13.511  33.916 0.0000000000
81999  -53.962  -10.221  34.291 0.0000000000
82001  -54.997  -10.015  34.550 0.0000000000
82958  -55.336  -9.336  34.610 0.0000000000
83879  -56.284  -8.333  34.972 0.0000000000
83871  -57.010  -8.091  35.366 0.0000000000
76957  -48.162  -15.591  45.205 0.0000000000
75944  -48.015  -15.980  45.951 0.0000000000
75936  -48.326  -16.167  46.730 0.0000000000
157055  -46.843  -18.965  48.198 0.0000000000
73818  -47.351  -18.335  48.512 0.0000000000
73933  -44.736  -19.156  44.104 0.0000000000
72886  -44.799  -19.980  44.677 0.0000000000
73905  -45.109  -19.152  44.845 0.0000000000
155128  -45.170  -18.484  44.197 0.0000000000
75942  -46.701  -16.858  44.887 0.0000000000
53288  -19.779  -38.422  57.362 0.0000000000
53268  -19.774  -38.579  58.164 0.0000000000
52282  -18.947  -38.931  55.842 0.0000000000
51258  -17.858  -39.607  55.043 0.0000000000
144730  -17.952  -39.028  54.400 0.0000000000
52301  -17.487  -39.540  54.232 0.0000000000
51267  -17.041  -39.837  54.039 0.0000000000
50227  -16.428  -40.518  52.966 0.0000000000
50226  -15.827  -41.288  52.804 0.0000000000
49227  -15.640  -41.606  51.956 0.0000000000
57609  -9.261  -34.096  52.153 0.0000000000
56553  -7.933  -35.978  49.140 0.0000000000
51294  -3.865  -39.930  51.334 0.0000000000
52333  -3.984  -39.746  50.642 0.0000000000
136740  -7.173  -40.098  49.505 0.0000000000
51321  -6.614  -39.808  48.945 0.0000000000
51336  -7.315  -40.164  48.493 0.0000000000
51353  -7.680  -40.507  47.546 0.0000000000
48207  -9.262  -43.345  48.222 0.0000000000
49302  -9.229  -42.869  46.630 0.0000000000
48246  -9.231  -43.802  45.705 0.0000000000
48229  -9.063  -43.119  45.902 0.0000000000
49301  -8.922  -42.084  46.573 0.0000000000
49300  -8.146  -42.130  45.926 0.0000000000
50323  -7.389  -41.662  45.912 0.0000000000
48260  -6.025  -43.592  44.266 0.0000000000
47204  -6.130  -44.282  44.102 0.0000000000
47203  -5.582  -44.016  43.780 0.0000000000
47213  -5.200  -44.643  43.155 0.0000000000
135606  -5.854  -48.671  42.465 0.0000000000
148365  -5.792  -46.982  60.689 0.0000000000
43812  -5.557  -47.374  60.582 0.0000000000
42698  -6.808  -48.462  61.336 0.0000000000
42697  -5.814  -48.378  60.639 0.0000000000
41483  -5.216  -48.673  59.954 0.0000000000
40263  -5.409  -49.869  58.725 0.0000000000
40274  -5.276  -50.342  58.233 0.0000000000
150634  -5.295  -51.348  57.436 0.0000000000
36782  -7.573  -51.262  57.737 0.0000000000
35698  -6.937  -52.375  57.406 0.0000000000
35697  -6.414  -52.647  57.531 0.0000000000
35718  -6.277  -53.500  56.326 0.0000000000
34598  -6.089  -54.231  57.101 0.0000000000
35695  -5.845  -52.952  57.886 0.0000000000
36792  -5.324  -52.898  57.560 0.0000000000
37961  -5.621  -52.884  56.962 0.0000000000
39091  -5.327  -51.926  56.947 0.0000000000
37976  -5.398  -52.426  56.363 0.0000000000
36826  -5.320  -53.278  54.811 0.0000000000
35728  -5.191  -54.226  53.979 0.0000000000
150767  -4.882  -53.944  53.702 0.0000000000
154341  -43.471  -21.911  51.445 0.0000000000
60693  -40.354  -31.294  49.871 0.0000000000
59760  -40.174  -31.935  49.380 0.0000000000
61622  -40.248  -30.625  48.474 0.0000000000
148314  -38.363  -23.544  47.617 0.0000000000
149115  -39.988  -22.423  48.917 0.0000000000
69831  -39.569  -22.538  49.587 0.0000000000
139179  -41.013  -22.386  48.757 0.0000000000
69847  -41.546  -22.326  49.338 0.0000000000
138325  -21.779  -38.551  64.201 0.0000000000
53191  -21.203  -38.523  63.417 0.0000000000
53200  -21.088  -38.488  62.481 0.0000000000
143608  -20.974  -38.463  61.739 0.0000000000
53168  -26.445  -38.385  66.130 0.0000000000
51141  -27.185  -39.469  64.697 0.0000000000
51133  -26.675  -39.319  65.317 0.0000000000
52164  -26.208  -39.055  66.051 0.0000000000
51131  -25.150  -39.656  65.493 0.0000000000
50056  -25.122  -39.794  64.733 0.0000000000
150114  -24.914  -39.849  64.106 0.0000000000
136413  -27.130  -40.288  59.791 0.0000000000
49094  -26.712  -40.279  60.180 0.0000000000
49093  -26.252  -40.295  60.632 0.0000000000
157259  -25.767  -40.383  59.099 0.0000000000
49109  -25.890  -40.294  59.896 0.0000000000
50098  -25.707  -40.267  61.998 0.0000000000
50083  -25.606  -40.088  62.799 0.0000000000
50097  -25.061  -39.931  62.775 0.0000000000
51156  -24.546  -39.714  63.737 0.0000000000
51163  -24.454  -39.662  62.905 0.0000000000
52198  -23.742  -39.184  62.290 0.0000000000
52222  -23.109  -38.660  60.736 0.0000000000
52237  -23.818  -39.114  59.010 0.0000000000
52236  -23.288  -38.711  59.801 0.0000000000
53224  -22.540  -38.452  60.182 0.0000000000
140718  -21.469  -38.258  58.988 0.0000000000
53269  -20.558  -38.143  57.829 0.0000000000
53289  -20.599  -38.000  57.071 0.0000000000
53307  -20.212  -38.044  55.909 0.0000000000
136757  -21.593  -37.717  55.105 0.0000000000
53321  -20.048  -38.066  54.364 0.0000000000
87746  -52.542  -4.674  33.194 0.0000000000
86738  -51.904  -4.926  32.463 0.0000000000
87755  -52.733  -4.474  31.082 0.0000000000
56478  -2.792  -35.052  55.164 0.0000000000
56499  -2.832  -35.712  54.213 0.0000000000
55441  -2.763  -36.322  53.860 0.0000000000
54353  -2.921  -37.135  53.537 0.0000000000
53347  -3.395  -37.994  53.236 0.0000000000
54318  -3.038  -37.311  55.497 0.0000000000
54332  -2.982  -37.229  54.955 0.0000000000
53348  -3.796  -38.832  53.262 0.0000000000
51295  -4.219  -40.138  51.719 0.0000000000
132149  -6.150  -40.532  51.336 0.0000000000
51296  -4.981  -40.201  52.495 0.0000000000
150070  -5.720  -40.480  52.056 0.0000000000
49246  -8.111  -42.176  50.648 0.0000000000
48185  -8.388  -43.330  50.067 0.0000000000
49209  -6.383  -42.835  52.553 0.0000000000
49224  -7.076  -42.946  51.822 0.0000000000
48197  -8.350  -44.032  49.807 0.0000000000
46123  -8.631  -45.729  48.747 0.0000000000
45057  -8.042  -46.593  48.820 0.0000000000
43995  -8.630  -47.432  47.678 0.0000000000
41677  -8.324  -49.692  46.816 0.0000000000
77050  -54.106  -14.864  39.775 0.0000000000
78088  -55.414  -14.770  39.848 0.0000000000
145603  -55.303  -15.161  40.474 0.0000000000
70803  -44.989  -20.395  51.123 0.0000000000
75012  -46.128  -16.270  39.813 0.0000000000
75022  -46.882  -15.931  39.319 0.0000000000
75014  -47.456  -16.016  40.147 0.0000000000
134378  -47.354  -15.951  39.707 0.0000000000
155688  -47.429  -15.843  38.672 0.0000000000
134313  -48.102  -15.899  37.971 0.0000000000
76042  -49.076  -16.030  37.454 0.0000000000
76032  -50.278  -15.910  38.013 0.0000000000
76024  -50.807  -15.615  38.830 0.0000000000
77055  -51.792  -15.301  38.929 0.0000000000
42686  -8.218  -47.688  61.738 0.0000000000
41461  -8.702  -48.297  61.181 0.0000000000
41473  -8.994  -48.782  60.081 0.0000000000
40249  -8.635  -49.181  59.330 0.0000000000
44858  -10.563  -45.933  61.982 0.0000000000
157027  -10.597  -46.262  61.844 0.0000000000
43801  -10.134  -46.983  61.457 0.0000000000
42714  -9.927  -47.657  59.916 0.0000000000
42700  -9.850  -47.727  60.389 0.0000000000
156624  -8.974  -48.503  59.422 0.0000000000
40264  -8.614  -49.126  58.930 0.0000000000
136154  -8.310  -50.007  57.883 0.0000000000
40287  -8.317  -49.866  57.381 0.0000000000
40298  -8.339  -50.099  56.466 0.0000000000
39127  -8.321  -50.630  55.591 0.0000000000
134107  -8.608  -49.379  56.169 0.0000000000
150870  -8.563  -50.406  54.920 0.0000000000
52261  -19.076  -38.994  57.691 0.0000000000
52260  -18.400  -39.497  58.132 0.0000000000
150964  -18.518  -39.494  58.743 0.0000000000
51239  -17.371  -40.466  56.520 0.0000000000
51228  -17.848  -40.028  57.819 0.0000000000
51215  -17.922  -40.031  58.750 0.0000000000
50127  -17.009  -40.970  59.663 0.0000000000
48135  -15.373  -41.933  53.977 0.0000000000
48127  -15.472  -41.789  54.764 0.0000000000
48126  -14.951  -42.189  55.141 0.0000000000
49169  -16.071  -41.705  56.372 0.0000000000
49156  -16.328  -41.707  57.109 0.0000000000
49125  -16.652  -41.354  59.098 0.0000000000
49108  -16.504  -41.569  59.761 0.0000000000
48075  -15.937  -42.006  60.218 0.0000000000
47037  -14.514  -42.824  58.198 0.0000000000
138073  -14.860  -42.631  59.698 0.0000000000
47003  -14.736  -42.827  60.946 0.0000000000
135968  -13.207  -44.143  60.518 0.0000000000
45962  -12.839  -44.537  59.948 0.0000000000
44941  -12.461  -45.127  58.631 0.0000000000
44940  -12.242  -45.357  57.997 0.0000000000
155476  -11.803  -45.845  58.072 0.0000000000
43906  -10.131  -46.637  56.447 0.0000000000
46028  -11.658  -44.720  54.700 0.0000000000
44985  -11.029  -45.518  54.762 0.0000000000
147299  -9.911  -46.773  55.509 0.0000000000
43905  -9.637  -47.287  56.085 0.0000000000
42760  -9.311  -47.877  55.733 0.0000000000
41561  -9.222  -48.740  54.146 0.0000000000
41582  -9.712  -49.151  52.184 0.0000000000
41572  -9.087  -49.628  53.623 0.0000000000
57575  -5.865  -34.377  54.714 0.0000000000
57576  -6.730  -34.210  54.619 0.0000000000
148603  -6.852  -35.564  50.440 0.0000000000
56579  -6.963  -36.263  47.450 0.0000000000
135513  -4.167  -39.111  50.586 0.0000000000
53391  -4.717  -38.948  48.992 0.0000000000
135117  -3.879  -37.692  49.488 0.0000000000
54396  -4.245  -37.285  48.558 0.0000000000
55481  -4.279  -36.454  48.449 0.0000000000
52399  -6.226  -40.008  46.497 0.0000000000
53437  -5.195  -38.693  46.595 0.0000000000
54407  -4.548  -36.928  47.788 0.0000000000
56576  -4.852  -36.005  47.644 0.0000000000
56577  -5.487  -35.887  47.595 0.0000000000
55496  -4.830  -36.878  46.459 0.0000000000
56578  -6.186  -36.040  47.437 0.0000000000
55498  -6.830  -36.461  46.281 0.0000000000
55531  -7.140  -37.009  45.182 0.0000000000
138721  -6.923  -37.584  44.580 0.0000000000
45944  -6.047  -46.088  60.489 0.0000000000
45943  -4.750  -45.338  60.107 0.0000000000
43826  -4.783  -46.857  60.170 0.0000000000
149151  -4.812  -45.958  60.237 0.0000000000
45941  -4.399  -45.373  59.875 0.0000000000
152675  -4.084  -45.187  59.777 0.0000000000
41518  -4.570  -49.094  57.544 0.0000000000
42734  -4.084  -47.749  58.220 0.0000000000
152325  -4.303  -48.040  57.407 0.0000000000
43863  -3.919  -47.287  58.862 0.0000000000
44918  -3.741  -46.893  58.711 0.0000000000
45975  -3.717  -46.321  59.255 0.0000000000
47021  -3.247  -44.684  59.054 0.0000000000
138736  -2.937  -43.890  58.730 0.0000000000
45991  -3.412  -45.250  57.342 0.0000000000
133580  -2.965  -43.702  57.816 0.0000000000
48107  -3.169  -43.446  56.932 0.0000000000
49154  -3.078  -42.645  56.812 0.0000000000
47064  -4.122  -44.831  54.425 0.0000000000
46049  -4.286  -46.043  54.001 0.0000000000
136627  -4.324  -45.450  53.971 0.0000000000
45042  -5.877  -46.852  51.334 0.0000000000
42792  -4.574  -48.130  53.037 0.0000000000
145745  -4.774  -47.808  52.450 0.0000000000
42812  -5.291  -49.133  51.159 0.0000000000
42803  -5.139  -48.024  51.719 0.0000000000
43947  -5.493  -47.411  51.507 0.0000000000
43956  -6.461  -47.165  50.599 0.0000000000
43966  -6.693  -47.533  49.918 0.0000000000
42858  -7.056  -49.078  48.582 0.0000000000
41626  -6.569  -49.652  48.814 0.0000000000
41676  -7.597  -49.687  47.488 0.0000000000
140400  -7.723  -50.206  47.046 0.0000000000
40455  -8.369  -51.040  45.945 0.0000000000
33541  -5.080  -56.174  52.104 0.0000000000
34659  -4.796  -55.562  51.620 0.0000000000
31215  -5.173  -58.685  50.424 0.0000000000
135500  -5.173  -58.154  50.846 0.0000000000
35771  -4.427  -54.849  50.486 0.0000000000
138750  -4.509  -54.709  49.619 0.0000000000
34705  -4.792  -55.446  49.248 0.0000000000
133579  -4.561  -53.965  49.149 0.0000000000
35801  -4.802  -54.632  48.788 0.0000000000
36896  -4.909  -53.928  48.395 0.0000000000
35826  -5.307  -54.174  47.939 0.0000000000
32467  -5.984  -57.367  47.628 0.0000000000
33604  -5.760  -56.426  47.781 0.0000000000
34731  -5.851  -55.572  47.591 0.0000000000
133742  -5.571  -54.759  47.771 0.0000000000
36897  -5.361  -53.633  47.989 0.0000000000
36908  -5.757  -53.442  47.706 0.0000000000
38068  -6.125  -52.948  47.599 0.0000000000
143106  -6.773  -53.008  47.162 0.0000000000
35853  -7.093  -54.268  46.585 0.0000000000
145094  -7.326  -53.160  46.582 0.0000000000
38070  -7.366  -52.361  46.641 0.0000000000
39227  -7.807  -51.590  46.391 0.0000000000
158032  -8.360  -51.565  45.524 0.0000000000
144962  -8.646  -51.842  44.658 0.0000000000
38082  -8.763  -52.247  43.897 0.0000000000
147463  -6.488  -54.133  42.529 0.0000000000
33570  -4.823  -56.432  50.546 0.0000000000
34596  -5.015  -55.107  58.098 0.0000000000
34597  -5.561  -54.763  57.905 0.0000000000
34603  -4.940  -55.174  57.773 0.0000000000
34604  -5.342  -55.113  57.697 0.0000000000
34739  -7.804  -55.432  46.080 0.0000000000
35696  -6.062  -52.896  57.678 0.0000000000
35703  -4.962  -54.408  58.099 0.0000000000
35704  -5.353  -54.199  58.090 0.0000000000
35705  -5.959  -53.775  57.024 0.0000000000
35713  -6.189  -53.349  56.856 0.0000000000
36779  -5.825  -52.497  57.665 0.0000000000
36780  -5.938  -52.391  57.782 0.0000000000
36781  -6.439  -52.129  57.903 0.0000000000
36793  -7.351  -51.808  57.414 0.0000000000
36803  -5.021  -54.036  57.558 0.0000000000
36817  -6.924  -53.155  56.155 0.0000000000
36837  -5.139  -53.627  54.167 0.0000000000
36909  -6.234  -53.557  47.373 0.0000000000
36985  -6.888  -53.496  42.607 0.0000000000
37884  -6.844  -50.923  58.986 0.0000000000
37885  -7.175  -50.765  59.046 0.0000000000
37901  -6.117  -51.082  58.626 0.0000000000
37902  -6.861  -51.266  58.588 0.0000000000
37903  -7.228  -51.056  58.553 0.0000000000
37904  -7.694  -50.705  58.202 0.0000000000
37927  -7.682  -51.015  57.731 0.0000000000
37960  -5.507  -52.227  57.354 0.0000000000
38069  -6.611  -52.313  47.363 0.0000000000
38120  -6.679  -52.061  42.546 0.0000000000
39030  -7.797  -50.078  59.135 0.0000000000
39046  -6.575  -50.788  59.047 0.0000000000
39064  -5.401  -51.205  57.869 0.0000000000
39078  -7.822  -50.970  57.832 0.0000000000
39079  -7.990  -50.538  57.990 0.0000000000
40231  -6.635  -49.957  60.092 0.0000000000
40232  -7.330  -50.043  60.054 0.0000000000
40233  -8.017  -49.660  60.039 0.0000000000
40234  -8.550  -49.294  59.826 0.0000000000
40248  -8.230  -49.660  59.197 0.0000000000
40437  -8.396  -50.363  46.370 0.0000000000
41474  -9.424  -48.311  60.078 0.0000000000
41485  -9.469  -48.160  59.817 0.0000000000
41497  -4.976  -48.947  59.288 0.0000000000
41625  -6.023  -49.971  49.272 0.0000000000
41703  -9.397  -49.099  44.747 0.0000000000
42685  -7.477  -48.031  61.653 0.0000000000
42713  -5.027  -47.842  60.241 0.0000000000
42715  -10.442  -47.200  60.323 0.0000000000
42742  -4.368  -48.375  57.925 0.0000000000
42751  -9.273  -47.982  56.875 0.0000000000
42770  -4.448  -48.115  54.548 0.0000000000
43800  -9.642  -47.086  61.645 0.0000000000
43814  -7.089  -47.041  61.381 0.0000000000
43842  -4.175  -47.130  59.406 0.0000000000
43844  -10.271  -47.106  59.347 0.0000000000
43977  -6.884  -47.903  49.289 0.0000000000
44888  -4.638  -46.338  60.067 0.0000000000
44984  -4.124  -46.588  54.778 0.0000000000
45030  -4.914  -46.797  52.687 0.0000000000
45067  -9.462  -45.892  47.061 0.0000000000
45919  -11.121  -45.295  62.175 0.0000000000
45958  -3.685  -45.436  59.412 0.0000000000
46027  -4.053  -45.459  54.421 0.0000000000
46050  -4.541  -45.977  53.632 0.0000000000
46158  -9.180  -45.407  44.933 0.0000000000
46163  -7.243  -45.190  44.102 0.0000000000
48076  -16.305  -41.709  59.318 0.0000000000
48111  -26.758  -40.550  56.341 0.0000000000
48112  -26.982  -40.582  55.945 0.0000000000
49077  -25.814  -40.259  61.028 0.0000000000
49078  -26.125  -40.291  61.899 0.0000000000
49079  -26.932  -40.051  61.835 0.0000000000
49080  -27.493  -40.029  61.328 0.0000000000
49110  -26.364  -40.361  59.556 0.0000000000
49111  -26.781  -40.416  59.200 0.0000000000
49113  -27.511  -40.242  59.333 0.0000000000
49127  -27.535  -40.287  57.896 0.0000000000
49128  -27.834  -40.232  57.787 0.0000000000
49139  -16.447  -41.632  57.939 0.0000000000
49142  -25.876  -40.612  57.461 0.0000000000
49143  -26.431  -40.607  56.928 0.0000000000
49145  -26.957  -40.561  57.415 0.0000000000
49158  -25.566  -40.486  56.967 0.0000000000
49160  -27.206  -40.604  56.101 0.0000000000
49170  -16.337  -41.348  55.944 0.0000000000
49172  -26.500  -40.980  54.991 0.0000000000
49173  -27.152  -40.838  55.400 0.0000000000
49174  -27.731  -40.764  55.540 0.0000000000
49186  -26.477  -42.138  54.648 0.0000000000
49294  -9.224  -42.558  47.572 0.0000000000
49349  -5.111  -43.362  42.272 0.0000000000
50057  -25.452  -39.816  64.538 0.0000000000
50059  -26.557  -39.814  64.351 0.0000000000
50064  -24.979  -39.840  64.381 0.0000000000
50074  -25.900  -39.922  63.627 0.0000000000
50075  -26.111  -39.928  63.509 0.0000000000
50076  -26.610  -39.855  63.492 0.0000000000
50082  -25.169  -40.006  63.223 0.0000000000
50085  -27.022  -39.838  63.018 0.0000000000
50086  -27.858  -39.571  62.819 0.0000000000
50100  -27.874  -39.651  61.875 0.0000000000
50101  -28.270  -39.445  61.480 0.0000000000
50116  -25.429  -40.181  60.471 0.0000000000
50146  -25.428  -40.293  58.701 0.0000000000
50162  -25.001  -40.223  57.359 0.0000000000
50163  -28.032  -40.292  57.365 0.0000000000
50178  -28.102  -40.364  56.610 0.0000000000
50179  -28.279  -40.242  56.210 0.0000000000
51132  -25.780  -39.556  65.475 0.0000000000
51137  -24.841  -39.675  65.038 0.0000000000
51139  -25.556  -39.786  64.957 0.0000000000
51140  -26.240  -39.713  64.858 0.0000000000
51142  -27.811  -39.354  64.356 0.0000000000
51147  -24.971  -39.803  64.774 0.0000000000
51148  -27.153  -39.741  64.136 0.0000000000
51157  -28.222  -39.345  63.361 0.0000000000
51165  -28.838  -38.838  62.619 0.0000000000
51166  -28.948  -38.635  62.354 0.0000000000
51194  -28.503  -39.187  61.172 0.0000000000
51206  -28.519  -39.310  59.461 0.0000000000
51217  -24.468  -39.613  58.579 0.0000000000
51218  -28.462  -39.572  58.358 0.0000000000
51252  -28.452  -39.948  55.994 0.0000000000
51307  -5.629  -40.341  50.425 0.0000000000
51367  -8.169  -41.036  47.105 0.0000000000
52156  -25.020  -38.994  67.125 0.0000000000
52163  -25.398  -39.323  66.262 0.0000000000
52165  -27.047  -38.760  65.570 0.0000000000
52171  -24.300  -39.340  65.586 0.0000000000
52181  -28.360  -39.032  64.226 0.0000000000
52224  -29.154  -38.209  61.625 0.0000000000
52248  -19.086  -39.102  58.461 0.0000000000
52264  -28.715  -39.204  57.942 0.0000000000
52275  -28.618  -39.011  56.748 0.0000000000
52276  -28.569  -39.404  57.206 0.0000000000
52323  -4.093  -39.395  51.642 0.0000000000
53192  -22.261  -38.597  63.499 0.0000000000
53193  -29.387  -38.059  63.144 0.0000000000
53199  -20.220  -38.550  62.105 0.0000000000
53239  -29.218  -37.902  59.814 0.0000000000
53250  -21.275  -38.119  58.242 0.0000000000
53253  -29.432  -37.509  59.223 0.0000000000
53271  -22.446  -37.946  57.137 0.0000000000
53301  -3.234  -38.326  55.859 0.0000000000
54280  -29.723  -36.959  59.091 0.0000000000
54443  -4.609  -37.653  45.753 0.0000000000
55384  -30.027  -36.269  58.712 0.0000000000
55482  -4.529  -35.893  48.378 0.0000000000
56403  -32.103  -35.159  61.223 0.0000000000
57535  -32.519  -33.154  57.598 0.0000000000
57602  -39.422  -32.707  52.188 0.0000000000
57607  -7.827  -34.898  52.996 0.0000000000
57634  -39.646  -34.109  51.808 0.0000000000
58684  -40.306  -31.586  53.779 0.0000000000
58690  -39.349  -32.263  53.017 0.0000000000
58699  -39.954  -32.415  52.270 0.0000000000
58704  -39.750  -32.906  51.508 0.0000000000
58711  -39.922  -33.532  50.875 0.0000000000
59613  -35.241  -31.764  61.929 0.0000000000
59614  -36.083  -30.950  61.737 0.0000000000
59642  -37.308  -31.021  59.203 0.0000000000
59659  -35.372  -31.794  58.269 0.0000000000
59677  -40.540  -29.938  56.372 0.0000000000
59694  -40.413  -30.165  55.483 0.0000000000
59707  -38.635  -30.767  55.078 0.0000000000
59719  -40.585  -31.347  53.809 0.0000000000
59725  -40.685  -31.442  53.023 0.0000000000
59726  -40.897  -31.203  52.915 0.0000000000
59735  -40.647  -31.524  52.145 0.0000000000
59746  -40.252  -31.797  51.334 0.0000000000
59754  -39.933  -32.093  50.565 0.0000000000
60611  -40.482  -29.953  57.394 0.0000000000
60642  -40.856  -30.465  54.607 0.0000000000
60683  -40.464  -31.455  50.918 0.0000000000
61530  -41.065  -29.725  56.034 0.0000000000
61574  -40.958  -30.979  51.016 0.0000000000
70801  -43.817  -21.554  51.852 0.0000000000
70848  -44.324  -20.486  47.641 0.0000000000
70886  -44.061  -21.220  44.555 0.0000000000
71862  -45.633  -20.275  46.862 0.0000000000
72809  -47.008  -19.143  48.700 0.0000000000
78087  -54.716  -14.897  40.046 0.0000000000
80168  -53.883  -12.341  34.551 0.0000000000
83882  -51.013  -8.132  33.443 0.0000000000
85682  -52.692  -6.936  34.168 0.0000000000
130700  -26.002  -40.125  63.138 0.0000000000
131317  -26.554  -40.603  57.676 0.0000000000
131852  -15.602  -42.211  59.518 0.0000000000
132029  -43.354  -21.201  45.926 0.0000000000
132159  -7.619  -50.532  58.593 0.0000000000
132260  -26.019  -40.653  55.516 0.0000000000
134535  -26.358  -39.880  63.681 0.0000000000
135361  -18.287  -39.337  55.644 0.0000000000
135797  -26.058  -40.689  57.923 0.0000000000
135857  -28.526  -39.525  56.517 0.0000000000
136104  -40.848  -29.887  55.257 0.0000000000
136374  -25.143  -39.773  64.989 0.0000000000
136690  -14.215  -42.765  55.175 0.0000000000
136723  -20.677  -37.914  56.423 0.0000000000
137333  -27.365  -40.484  57.167 0.0000000000
137925  -7.128  -51.906  57.718 0.0000000000
139895  -24.666  -38.507  67.656 0.0000000000
140694  -44.306  -21.105  45.157 0.0000000000
140817  -54.484  -8.631  34.452 0.0000000000
140854  -28.211  -39.806  59.544 0.0000000000
141873  -23.070  -38.612  58.949 0.0000000000
141958  -6.260  -50.151  59.578 0.0000000000
142212  -4.818  -50.562  51.578 0.0000000000
143316  -7.294  -51.661  57.834 0.0000000000
143779  -6.995  -52.576  57.051 0.0000000000
144571  -54.211  -10.699  34.460 0.0000000000
146818  -25.979  -40.152  62.849 0.0000000000
147468  -54.025  -14.823  39.032 0.0000000000
148330  -6.180  -47.682  61.033 0.0000000000
150502  -4.509  -49.610  53.766 0.0000000000
150710  -45.864  -19.824  46.730 0.0000000000
151976  -23.835  -38.729  55.892 0.0000000000
152002  -6.804  -52.116  57.769 0.0000000000
152041  -25.253  -40.057  61.978 0.0000000000
152480  -28.201  -40.708  55.141 0.0000000000
153536  -26.606  -40.248  61.292 0.0000000000
153559  -4.175  -46.365  59.670 0.0000000000
153873  -28.131  -39.917  59.904 0.0000000000
154092  -8.147  -48.789  43.091 0.0000000000
154702  -16.678  -41.130  56.096 0.0000000000
155274  -7.286  -54.055  42.747 0.0000000000
156354  -27.449  -40.282  58.551 0.0000000000
156507  -24.942  -39.883  63.413 0.0000000000
156671  -27.466  -39.048  65.134 0.0000000000
156741  -41.197  -30.582  53.884 0.0000000000
156787  -7.550  -52.707  54.971 0.0000000000
156807  -16.749  -41.264  59.493 0.0000000000
157098  -8.203  -43.013  50.510 0.0000000000
157576  -41.187  -30.277  51.227 0.0000000000
157801  -24.746  -39.551  65.501 0.0000000000
157972  -6.091  -50.618  42.358 0.0000000000
