#!ascii label  , from subject sub001 vox2ras=TkReg
1219
38032  -8.784  -52.340  51.247 0.0000000000
137677  -35.049  -34.469  48.579 0.0000000000
62645  -36.700  -29.801  43.976 0.0000000000
49250  -27.587  -42.567  50.910 0.0000000000
150415  -42.282  -17.289  35.233 0.0000000000
68091  -38.161  -23.594  38.454 0.0000000000
58678  -35.253  -31.819  54.115 0.0000000000
56531  -29.260  -35.372  51.794 0.0000000000
75035  -47.852  -15.741  37.212 0.0000000000
77092  -51.413  -16.014  33.602 0.0000000000
144729  -51.246  -11.134  33.519 0.0000000000
67982  -37.986  -24.345  47.075 0.0000000000
66034  -35.333  -26.548  41.392 0.0000000000
130904  -40.417  -22.925  43.812 0.0000000000
70930  -42.995  -20.978  41.975 0.0000000000
52335  -18.799  -38.539  50.226 0.0000000000
34635  -6.592  -55.392  53.466 0.0000000000
58775  -38.409  -33.368  46.036 0.0000000000
64788  -39.442  -27.487  48.354 0.0000000000
52384  -23.920  -39.094  47.168 0.0000000000
50330  -28.437  -41.511  46.794 0.0000000000
80213  -49.407  -12.410  29.266 0.0000000000
86734  -51.574  -6.282  33.445 0.0000000000
70966  -39.801  -21.135  37.209 0.0000000000
73976  -44.779  -16.825  39.692 0.0000000000
40381  -10.572  -49.543  49.964 0.0000000000
28964  -6.158  -60.699  51.085 0.0000000000
76063  -49.794  -16.283  35.102 0.0000000000
69919  -38.807  -22.725  45.213 0.0000000000
133344  -17.148  -41.603  47.987 0.0000000000
36851  -7.863  -53.699  52.725 0.0000000000
57745  -36.167  -34.343  44.773 0.0000000000
57699  -37.433  -34.526  47.569 0.0000000000
50263  -25.207  -41.281  49.086 0.0000000000
50308  -26.280  -41.166  46.711 0.0000000000
50266  -27.969  -42.216  49.191 0.0000000000
154863  -31.959  -34.452  51.068 0.0000000000
56557  -29.129  -34.943  49.480 0.0000000000
58738  -31.526  -33.839  47.637 0.0000000000
50229  -24.975  -41.515  52.842 0.0000000000
51299  -24.012  -38.859  50.941 0.0000000000
75110  -48.070  -16.981  30.036 0.0000000000
78175  -49.789  -14.678  29.635 0.0000000000
153499  -51.801  -8.772  33.639 0.0000000000
68075  -35.694  -24.123  39.776 0.0000000000
69060  -39.477  -23.367  38.356 0.0000000000
72917  -43.480  -19.243  41.481 0.0000000000
47136  -13.736  -44.089  50.393 0.0000000000
46085  -12.841  -45.038  51.168 0.0000000000
43941  -10.724  -46.966  51.835 0.0000000000
42827  -11.712  -47.997  49.105 0.0000000000
28978  -7.175  -60.378  50.797 0.0000000000
57630  -35.713  -34.194  51.893 0.0000000000
57650  -38.614  -34.496  50.314 0.0000000000
57600  -38.270  -32.956  52.411 0.0000000000
155579  -28.606  -40.118  54.380 0.0000000000
52328  -28.772  -39.195  51.477 0.0000000000
55434  -29.148  -36.014  54.601 0.0000000000
131251  -32.415  -33.873  53.413 0.0000000000
137232  -45.078  -16.061  36.345 0.0000000000
75068  -46.593  -16.042  34.422 0.0000000000
76094  -49.060  -16.267  32.418 0.0000000000
76109  -49.738  -15.953  31.641 0.0000000000
79172  -49.004  -14.030  31.680 0.0000000000
79155  -51.380  -13.568  33.564 0.0000000000
65993  -37.335  -27.179  44.718 0.0000000000
63760  -35.784  -28.515  42.221 0.0000000000
67045  -36.614  -25.437  43.372 0.0000000000
69012  -36.711  -23.535  41.765 0.0000000000
68047  -38.987  -23.033  40.685 0.0000000000
146690  -40.497  -22.898  40.069 0.0000000000
69000  -41.921  -22.456  42.502 0.0000000000
51298  -17.069  -40.022  51.308 0.0000000000
146632  -15.498  -43.006  49.093 0.0000000000
135858  -50.165  -7.199  27.288 0.0000000000
34633  -5.539  -55.408  53.350 0.0000000000
57747  -37.126  -33.269  44.431 0.0000000000
60741  -37.828  -31.201  45.441 0.0000000000
59766  -39.978  -32.971  48.184 0.0000000000
61641  -39.403  -30.032  47.150 0.0000000000
63708  -38.391  -28.624  45.884 0.0000000000
66992  -38.334  -25.987  47.643 0.0000000000
148844  -28.914  -38.625  49.344 0.0000000000
53352  -21.399  -37.777  52.337 0.0000000000
157337  -20.920  -38.224  48.759 0.0000000000
81113  -48.477  -11.698  32.238 0.0000000000
82984  -48.403  -9.142  31.370 0.0000000000
84826  -48.843  -7.952  28.916 0.0000000000
86742  -52.103  -4.744  31.402 0.0000000000
36884  -9.507  -53.750  48.938 0.0000000000
154523  -8.416  -55.613  49.977 0.0000000000
74007  -40.577  -18.726  36.541 0.0000000000
146219  -41.692  -21.287  39.893 0.0000000000
72946  -41.834  -19.107  39.096 0.0000000000
73998  -43.334  -16.784  38.266 0.0000000000
75021  -45.975  -16.011  38.997 0.0000000000
40370  -9.797  -50.076  51.159 0.0000000000
32393  -7.365  -57.152  51.244 0.0000000000
31184  -6.344  -58.166  51.656 0.0000000000
32390  -5.267  -57.466  51.359 0.0000000000
36852  -8.315  -53.060  52.003 0.0000000000
58741  -34.036  -33.941  47.104 0.0000000000
57697  -34.979  -34.394  46.956 0.0000000000
57681  -35.982  -34.527  48.576 0.0000000000
50251  -25.760  -42.129  50.131 0.0000000000
50264  -26.138  -41.722  48.712 0.0000000000
50253  -28.020  -42.428  50.130 0.0000000000
143561  -33.302  -34.480  50.049 0.0000000000
147818  -31.741  -34.384  49.497 0.0000000000
57679  -33.381  -34.221  48.651 0.0000000000
58755  -32.624  -33.530  46.590 0.0000000000
151072  -27.699  -42.562  53.506 0.0000000000
134867  -25.760  -42.359  54.183 0.0000000000
49212  -25.848  -42.521  51.940 0.0000000000
51313  -24.657  -41.057  50.566 0.0000000000
77129  -50.197  -15.260  29.102 0.0000000000
60747  -36.395  -31.472  43.554 0.0000000000
61683  -35.975  -30.917  42.986 0.0000000000
68090  -36.610  -24.174  38.441 0.0000000000
67101  -36.446  -24.878  37.815 0.0000000000
136963  -38.948  -23.448  38.585 0.0000000000
45051  -13.512  -45.669  48.900 0.0000000000
46086  -13.331  -44.546  50.771 0.0000000000
45050  -12.940  -46.048  49.256 0.0000000000
43958  -12.125  -46.437  50.088 0.0000000000
43980  -12.339  -47.504  48.449 0.0000000000
133466  -35.475  -32.624  52.768 0.0000000000
57615  -37.190  -33.704  52.369 0.0000000000
134565  -36.766  -32.346  52.944 0.0000000000
131401  -28.961  -37.598  56.152 0.0000000000
53323  -28.638  -37.996  54.561 0.0000000000
55425  -29.322  -36.183  55.411 0.0000000000
58666  -33.834  -32.239  55.651 0.0000000000
57577  -32.276  -33.286  54.948 0.0000000000
57579  -33.871  -32.377  54.075 0.0000000000
131478  -33.376  -32.987  52.763 0.0000000000
75048  -45.831  -15.914  37.199 0.0000000000
75067  -45.577  -16.148  35.376 0.0000000000
75059  -47.693  -15.694  35.628 0.0000000000
76074  -50.810  -16.613  34.088 0.0000000000
136356  -49.612  -16.461  33.852 0.0000000000
151430  -50.291  -16.538  33.309 0.0000000000
154084  -49.519  -16.245  32.138 0.0000000000
77101  -50.503  -16.296  32.828 0.0000000000
78149  -50.396  -14.683  32.642 0.0000000000
78140  -51.597  -15.113  33.686 0.0000000000
67015  -37.557  -25.877  45.570 0.0000000000
66011  -36.829  -26.185  44.188 0.0000000000
67996  -37.507  -24.623  45.362 0.0000000000
154450  -39.714  -22.842  44.587 0.0000000000
69942  -38.131  -23.085  43.993 0.0000000000
68996  -38.733  -23.205  42.848 0.0000000000
69013  -37.545  -23.296  41.547 0.0000000000
155823  -39.495  -23.145  42.561 0.0000000000
68998  -40.604  -22.908  42.168 0.0000000000
68985  -41.129  -22.754  42.816 0.0000000000
53350  -19.510  -38.158  52.182 0.0000000000
52312  -17.667  -39.033  52.642 0.0000000000
51311  -17.678  -39.622  50.607 0.0000000000
49287  -16.496  -42.289  48.257 0.0000000000
85713  -51.364  -5.893  28.843 0.0000000000
85726  -51.838  -6.038  27.176 0.0000000000
34634  -6.019  -55.541  53.525 0.0000000000
57717  -37.329  -34.246  46.202 0.0000000000
136759  -36.690  -33.880  44.609 0.0000000000
133905  -38.009  -32.956  45.542 0.0000000000
58791  -37.476  -32.511  45.030 0.0000000000
59807  -38.332  -31.992  45.766 0.0000000000
57652  -39.938  -33.887  50.296 0.0000000000
58717  -39.686  -33.868  49.024 0.0000000000
58718  -40.029  -32.882  49.531 0.0000000000
63674  -40.107  -28.317  49.073 0.0000000000
62595  -40.291  -29.743  48.264 0.0000000000
63699  -39.682  -28.775  47.523 0.0000000000
62612  -38.863  -28.939  46.528 0.0000000000
64815  -39.196  -27.804  47.082 0.0000000000
65967  -38.681  -27.225  46.826 0.0000000000
152280  -39.138  -27.073  48.135 0.0000000000
50309  -27.028  -41.603  47.172 0.0000000000
54354  -28.747  -36.831  52.228 0.0000000000
152316  -28.867  -38.984  50.558 0.0000000000
145376  -28.536  -37.429  50.390 0.0000000000
54409  -28.622  -37.333  47.182 0.0000000000
52303  -23.170  -38.287  53.252 0.0000000000
134421  -23.283  -39.251  49.192 0.0000000000
52350  -22.214  -38.297  49.792 0.0000000000
53422  -22.594  -38.638  47.585 0.0000000000
53438  -21.025  -38.981  46.471 0.0000000000
80175  -50.003  -12.292  33.028 0.0000000000
79164  -48.738  -13.159  32.154 0.0000000000
81103  -49.811  -11.508  33.008 0.0000000000
156388  -51.161  -7.595  33.463 0.0000000000
137307  -49.544  -8.747  32.374 0.0000000000
84797  -49.961  -7.413  32.386 0.0000000000
83906  -48.544  -8.417  30.234 0.0000000000
85691  -49.875  -6.774  31.648 0.0000000000
85703  -50.600  -6.112  30.370 0.0000000000
86738  -51.904  -4.926  32.463 0.0000000000
149389  -35.417  -27.432  41.490 0.0000000000
62672  -34.724  -29.779  40.963 0.0000000000
72010  -39.964  -20.377  35.317 0.0000000000
71996  -39.752  -20.353  36.651 0.0000000000
69968  -41.723  -22.420  41.244 0.0000000000
69991  -41.224  -22.456  40.039 0.0000000000
70940  -42.231  -21.369  40.880 0.0000000000
72927  -43.709  -18.228  40.655 0.0000000000
72925  -42.552  -19.232  40.326 0.0000000000
133043  -43.402  -17.318  39.453 0.0000000000
130965  -42.504  -17.399  38.481 0.0000000000
73985  -43.907  -16.713  38.749 0.0000000000
73999  -44.552  -16.281  38.301 0.0000000000
75011  -45.351  -16.386  39.416 0.0000000000
43948  -11.029  -47.480  50.784 0.0000000000
42804  -10.056  -48.527  51.729 0.0000000000
139257  -9.728  -49.684  51.606 0.0000000000
157798  -10.284  -49.844  50.409 0.0000000000
39202  -10.257  -51.215  49.518 0.0000000000
39203  -10.689  -50.755  49.054 0.0000000000
32428  -8.415  -57.219  49.726 0.0000000000
33571  -7.873  -56.666  50.581 0.0000000000
32412  -7.677  -57.605  50.583 0.0000000000
28966  -6.580  -60.355  51.039 0.0000000000
31201  -6.596  -58.968  51.274 0.0000000000
31200  -6.212  -59.026  51.414 0.0000000000
31183  -5.958  -58.310  51.671 0.0000000000
30113  -5.782  -59.827  51.191 0.0000000000
155977  -31.288  -34.073  57.098 0.0000000000
76042  -49.076  -16.030  37.454 0.0000000000
76053  -49.313  -15.979  35.841 0.0000000000
132318  -50.193  -16.062  36.558 0.0000000000
68951  -38.308  -23.010  45.649 0.0000000000
151720  -18.833  -39.212  48.097 0.0000000000
51338  -17.779  -40.186  48.861 0.0000000000
36839  -7.580  -53.134  54.491 0.0000000000
140517  -7.239  -54.991  53.223 0.0000000000
58774  -34.544  -34.166  45.356 0.0000000000
57716  -36.515  -34.478  46.292 0.0000000000
57718  -37.940  -34.294  46.844 0.0000000000
65923  -39.339  -26.985  49.349 0.0000000000
52353  -24.320  -40.101  48.545 0.0000000000
51357  -25.239  -40.042  46.864 0.0000000000
51340  -25.496  -40.999  48.232 0.0000000000
50290  -27.039  -41.913  48.066 0.0000000000
50311  -28.605  -41.589  47.895 0.0000000000
57625  -30.309  -34.369  51.528 0.0000000000
132654  -28.827  -35.645  50.181 0.0000000000
57658  -30.064  -34.344  49.622 0.0000000000
57676  -30.528  -34.284  48.732 0.0000000000
58754  -31.265  -33.454  46.144 0.0000000000
136589  -25.210  -40.222  54.049 0.0000000000
51268  -23.963  -38.848  52.797 0.0000000000
141925  -24.564  -39.619  51.446 0.0000000000
51312  -24.313  -40.151  50.394 0.0000000000
75109  -47.378  -17.145  30.605 0.0000000000
157258  -49.167  -13.053  29.580 0.0000000000
82012  -53.296  -10.253  34.093 0.0000000000
82967  -51.698  -9.616  33.567 0.0000000000
67085  -35.093  -25.052  40.216 0.0000000000
68113  -39.271  -24.165  36.638 0.0000000000
70006  -39.828  -22.587  37.448 0.0000000000
72904  -44.057  -19.908  43.062 0.0000000000
71939  -43.169  -20.334  41.865 0.0000000000
73957  -44.125  -18.916  42.231 0.0000000000
48171  -14.655  -42.967  51.238 0.0000000000
48170  -14.182  -43.286  51.623 0.0000000000
46052  -12.537  -44.182  53.170 0.0000000000
45032  -11.958  -45.995  50.930 0.0000000000
43957  -11.568  -47.264  50.081 0.0000000000
42826  -11.241  -48.417  49.612 0.0000000000
40407  -11.045  -50.321  48.500 0.0000000000
41628  -11.462  -49.245  48.127 0.0000000000
57646  -35.011  -34.384  50.176 0.0000000000
57664  -36.538  -34.540  49.413 0.0000000000
57632  -37.133  -34.370  51.297 0.0000000000
57633  -38.734  -34.180  52.128 0.0000000000
49216  -29.069  -41.793  52.811 0.0000000000
50241  -29.070  -41.926  51.243 0.0000000000
136601  -28.672  -39.649  53.128 0.0000000000
54343  -28.737  -37.541  52.940 0.0000000000
149883  -29.150  -35.825  52.952 0.0000000000
57562  -30.720  -34.112  55.926 0.0000000000
134283  -31.264  -34.088  54.316 0.0000000000
57611  -30.904  -34.277  52.801 0.0000000000
131249  -32.746  -34.208  52.698 0.0000000000
57628  -33.988  -34.217  51.881 0.0000000000
50204  -28.489  -41.118  54.737 0.0000000000
149250  -43.198  -16.917  35.607 0.0000000000
131566  -43.296  -17.266  33.775 0.0000000000
75066  -44.727  -16.562  34.815 0.0000000000
76078  -45.376  -16.422  33.488 0.0000000000
76092  -46.462  -16.320  32.680 0.0000000000
75060  -48.603  -15.869  34.994 0.0000000000
76080  -47.517  -16.207  33.015 0.0000000000
144408  -47.124  -16.238  32.185 0.0000000000
76122  -48.032  -16.571  30.867 0.0000000000
76123  -48.804  -16.550  30.512 0.0000000000
77117  -49.605  -15.825  30.662 0.0000000000
78166  -49.572  -15.022  30.363 0.0000000000
78156  -49.685  -15.461  31.346 0.0000000000
79166  -50.494  -13.721  33.121 0.0000000000
80176  -50.849  -12.695  33.419 0.0000000000
79157  -52.966  -13.435  34.297 0.0000000000
81107  -53.394  -11.418  34.290 0.0000000000
63745  -36.944  -28.326  44.296 0.0000000000
63761  -36.159  -28.749  42.958 0.0000000000
64869  -36.403  -28.122  43.519 0.0000000000
154304  -35.973  -27.316  42.646 0.0000000000
66035  -35.655  -25.979  42.055 0.0000000000
150040  -37.293  -24.030  43.908 0.0000000000
148912  -36.379  -24.742  42.713 0.0000000000
67074  -35.651  -24.759  41.608 0.0000000000
146510  -36.077  -23.738  41.233 0.0000000000
68062  -37.340  -23.134  40.012 0.0000000000
68063  -38.451  -23.105  39.911 0.0000000000
68079  -39.481  -23.119  39.399 0.0000000000
69036  -39.804  -22.937  40.698 0.0000000000
69017  -41.330  -22.758  41.386 0.0000000000
69959  -42.797  -21.795  42.701 0.0000000000
69948  -42.947  -21.879  43.418 0.0000000000
70916  -43.812  -21.096  43.301 0.0000000000
153156  -16.098  -41.029  52.207 0.0000000000
51324  -17.077  -40.747  49.443 0.0000000000
50248  -16.233  -41.482  50.654 0.0000000000
49247  -15.197  -42.624  50.787 0.0000000000
48198  -14.874  -43.440  49.626 0.0000000000
59805  -37.120  -31.928  44.562 0.0000000000
150145  -37.065  -30.739  44.604 0.0000000000
57683  -37.709  -34.533  48.320 0.0000000000
57701  -39.048  -34.124  47.831 0.0000000000
151563  -39.376  -33.111  46.646 0.0000000000
60718  -39.407  -31.007  47.207 0.0000000000
59793  -39.063  -31.723  46.649 0.0000000000
61657  -38.430  -30.371  46.048 0.0000000000
61656  -37.968  -29.816  45.537 0.0000000000
63725  -37.448  -28.686  44.904 0.0000000000
64850  -37.648  -27.891  45.013 0.0000000000
65966  -38.108  -26.642  46.124 0.0000000000
66991  -37.865  -25.500  47.007 0.0000000000
66979  -38.713  -25.941  49.030 0.0000000000
138091  -38.299  -25.058  49.015 0.0000000000
50268  -29.538  -41.228  50.013 0.0000000000
52354  -29.581  -40.380  48.849 0.0000000000
52366  -29.523  -40.194  47.932 0.0000000000
54385  -28.634  -37.063  48.967 0.0000000000
53408  -29.092  -38.941  47.925 0.0000000000
53335  -20.461  -37.953  53.622 0.0000000000
132199  -20.029  -38.006  51.255 0.0000000000
52327  -23.196  -38.264  51.386 0.0000000000
53379  -21.539  -37.771  50.849 0.0000000000
53392  -19.334  -38.163  49.546 0.0000000000
52382  -20.021  -38.678  47.603 0.0000000000
78155  -48.907  -14.111  30.756 0.0000000000
79181  -48.533  -13.313  30.403 0.0000000000
80212  -48.257  -12.593  30.056 0.0000000000
143706  -49.828  -10.018  32.995 0.0000000000
82024  -48.092  -10.583  31.552 0.0000000000
140668  -47.699  -11.244  29.924 0.0000000000
83002  -47.773  -10.076  29.011 0.0000000000
83003  -48.175  -9.626  28.216 0.0000000000
83009  -48.545  -9.592  27.348 0.0000000000
141172  -49.432  -7.477  28.510 0.0000000000
85704  -51.337  -5.664  29.857 0.0000000000
38037  -9.125  -52.778  50.501 0.0000000000
36859  -8.549  -53.372  51.107 0.0000000000
35785  -8.939  -54.273  49.609 0.0000000000
61682  -35.618  -30.407  42.298 0.0000000000
74017  -40.888  -18.248  35.945 0.0000000000
152349  -39.599  -23.193  39.034 0.0000000000
69999  -40.459  -22.692  38.876 0.0000000000
70956  -40.700  -21.829  38.751 0.0000000000
71953  -42.392  -20.427  40.705 0.0000000000
71964  -41.769  -20.208  39.699 0.0000000000
72944  -40.724  -19.639  38.095 0.0000000000
72955  -41.457  -19.016  38.337 0.0000000000
151071  -41.811  -17.824  37.192 0.0000000000
75044  -42.807  -16.948  36.543 0.0000000000
75030  -43.716  -16.497  37.376 0.0000000000
75032  -45.079  -16.053  37.844 0.0000000000
75034  -46.965  -15.815  38.258 0.0000000000
40356  -9.100  -50.388  52.523 0.0000000000
40341  -9.354  -49.733  52.617 0.0000000000
39179  -9.117  -51.376  51.524 0.0000000000
38038  -9.577  -52.381  49.904 0.0000000000
36885  -10.187  -53.181  48.467 0.0000000000
35772  -8.227  -54.991  50.862 0.0000000000
34660  -7.795  -55.549  51.484 0.0000000000
33528  -6.928  -55.959  52.806 0.0000000000
31216  -7.113  -58.905  51.001 0.0000000000
32392  -6.816  -57.526  51.704 0.0000000000
141629  -6.419  -56.575  52.602 0.0000000000
33543  -6.029  -56.756  52.624 0.0000000000
151279  -5.240  -56.920  51.877 0.0000000000
28963  -5.711  -60.508  50.774 0.0000000000
30125  -5.315  -59.317  50.321 0.0000000000
38024  -8.588  -52.060  52.187 0.0000000000
57680  -34.555  -34.289  47.837 0.0000000000
49249  -26.783  -42.497  50.336 0.0000000000
57662  -34.624  -34.426  49.329 0.0000000000
57661  -33.794  -34.371  49.318 0.0000000000
132957  -34.190  -34.310  48.591 0.0000000000
58726  -33.722  -34.037  47.908 0.0000000000
49214  -27.521  -42.597  52.721 0.0000000000
49213  -26.769  -42.642  52.328 0.0000000000
49229  -26.764  -42.569  51.352 0.0000000000
49228  -25.844  -42.364  50.984 0.0000000000
77128  -49.801  -15.710  29.572 0.0000000000
61673  -36.402  -30.517  43.606 0.0000000000
156726  -37.409  -23.714  38.563 0.0000000000
67102  -37.400  -24.342  37.930 0.0000000000
68099  -38.252  -24.164  37.707 0.0000000000
45045  -13.201  -45.457  49.586 0.0000000000
45058  -13.264  -46.271  48.608 0.0000000000
43981  -12.604  -46.675  48.926 0.0000000000
57580  -34.842  -32.193  53.619 0.0000000000
57581  -35.891  -32.236  53.182 0.0000000000
54311  -29.315  -36.954  56.750 0.0000000000
54323  -28.984  -36.958  55.679 0.0000000000
140449  -29.516  -36.255  56.242 0.0000000000
57567  -34.239  -32.166  54.649 0.0000000000
57566  -33.267  -32.442  55.063 0.0000000000
57597  -34.504  -32.462  53.123 0.0000000000
53292  -29.125  -37.780  56.745 0.0000000000
75049  -46.805  -15.809  37.271 0.0000000000
135019  -46.713  -15.770  36.396 0.0000000000
154754  -47.730  -15.691  36.436 0.0000000000
76084  -51.183  -16.463  33.702 0.0000000000
132376  -50.733  -16.536  33.467 0.0000000000
76083  -50.510  -16.449  33.034 0.0000000000
77091  -50.845  -16.423  33.267 0.0000000000
77102  -50.851  -15.656  33.110 0.0000000000
67988  -37.557  -25.000  46.259 0.0000000000
67028  -37.217  -25.391  44.772 0.0000000000
69944  -39.633  -22.958  43.697 0.0000000000
69943  -38.806  -22.931  43.645 0.0000000000
68997  -39.352  -22.978  43.131 0.0000000000
68984  -40.205  -22.934  42.942 0.0000000000
69945  -41.089  -22.754  43.538 0.0000000000
52325  -19.077  -38.306  51.118 0.0000000000
53363  -18.410  -38.628  51.855 0.0000000000
52324  -18.237  -38.861  50.855 0.0000000000
86759  -52.270  -5.337  28.529 0.0000000000
85719  -51.708  -5.924  27.887 0.0000000000
34620  -6.921  -54.656  53.959 0.0000000000
34619  -6.258  -54.941  54.034 0.0000000000
57733  -37.580  -33.699  45.552 0.0000000000
153762  -38.130  -32.416  45.585 0.0000000000
58776  -38.772  -32.769  45.923 0.0000000000
134631  -39.863  -33.367  50.089 0.0000000000
58712  -39.823  -32.862  50.090 0.0000000000
64789  -39.786  -27.894  48.676 0.0000000000
150094  -39.998  -28.368  48.411 0.0000000000
63687  -39.603  -27.945  47.895 0.0000000000
63698  -39.439  -28.284  47.335 0.0000000000
65952  -39.198  -27.422  47.638 0.0000000000
52403  -22.783  -38.876  46.075 0.0000000000
52404  -23.633  -39.029  46.240 0.0000000000
55450  -29.007  -35.999  52.341 0.0000000000
153949  -28.619  -37.255  51.348 0.0000000000
55458  -28.855  -36.206  51.604 0.0000000000
52383  -23.259  -38.914  47.664 0.0000000000
52364  -22.907  -38.895  48.414 0.0000000000
143428  -22.302  -38.633  46.748 0.0000000000
81104  -50.652  -11.685  33.343 0.0000000000
157094  -49.311  -12.075  32.844 0.0000000000
85687  -51.301  -7.065  33.461 0.0000000000
84791  -50.630  -7.340  33.072 0.0000000000
85693  -50.904  -6.388  32.886 0.0000000000
85692  -50.322  -6.630  32.347 0.0000000000
86736  -50.730  -5.838  31.940 0.0000000000
86737  -51.378  -5.623  32.687 0.0000000000
63801  -34.931  -28.025  40.736 0.0000000000
64906  -34.940  -27.121  40.715 0.0000000000
139593  -39.612  -21.927  36.846 0.0000000000
141699  -39.635  -22.905  36.062 0.0000000000
70977  -39.552  -21.189  36.310 0.0000000000
70929  -42.498  -21.558  41.558 0.0000000000
69983  -42.008  -22.009  41.066 0.0000000000
73975  -43.969  -17.408  39.933 0.0000000000
150677  -44.183  -16.888  39.331 0.0000000000
73986  -44.680  -16.480  39.009 0.0000000000
41605  -10.754  -48.817  50.039 0.0000000000
41593  -10.482  -48.482  50.763 0.0000000000
145609  -10.319  -49.277  50.517 0.0000000000
40394  -10.393  -50.330  49.936 0.0000000000
40395  -10.770  -49.907  49.355 0.0000000000
28965  -6.291  -60.470  51.111 0.0000000000
30115  -6.402  -59.696  51.251 0.0000000000
30114  -6.124  -59.800  51.345 0.0000000000
31199  -5.889  -59.082  51.391 0.0000000000
69889  -39.139  -22.693  46.978 0.0000000000
52380  -18.592  -39.857  47.627 0.0000000000
36845  -7.725  -53.449  53.617 0.0000000000
35732  -7.356  -54.020  54.072 0.0000000000
35739  -7.522  -54.239  53.361 0.0000000000
57698  -35.781  -34.530  47.190 0.0000000000
57715  -35.756  -34.537  46.512 0.0000000000
133640  -36.300  -34.554  46.924 0.0000000000
131847  -37.009  -34.502  46.909 0.0000000000
51339  -24.933  -40.251  47.778 0.0000000000
51327  -24.832  -40.685  48.647 0.0000000000
50265  -27.096  -42.211  48.882 0.0000000000
50291  -27.908  -42.042  48.367 0.0000000000
135134  -31.206  -34.334  51.081 0.0000000000
57643  -30.202  -34.360  50.651 0.0000000000
57644  -30.982  -34.316  50.089 0.0000000000
57677  -31.476  -34.204  48.624 0.0000000000
57659  -30.961  -34.334  49.313 0.0000000000
57696  -30.882  -34.120  48.100 0.0000000000
57695  -30.232  -34.267  47.983 0.0000000000
58737  -30.707  -33.974  47.369 0.0000000000
157457  -31.165  -33.679  46.871 0.0000000000
58772  -32.788  -33.483  45.670 0.0000000000
49198  -25.222  -42.118  53.544 0.0000000000
49184  -25.639  -41.684  54.289 0.0000000000
50214  -25.403  -41.094  53.712 0.0000000000
50213  -25.064  -40.407  53.062 0.0000000000
51286  -24.626  -39.581  52.377 0.0000000000
50228  -24.845  -40.730  52.013 0.0000000000
50250  -25.068  -41.519  49.925 0.0000000000
51326  -24.465  -40.577  49.560 0.0000000000
142812  -23.866  -39.848  49.126 0.0000000000
66061  -34.788  -25.698  39.551 0.0000000000
67094  -35.358  -24.804  39.256 0.0000000000
68100  -38.902  -23.812  37.660 0.0000000000
69071  -39.360  -23.490  37.459 0.0000000000
136603  -39.614  -23.124  37.237 0.0000000000
69998  -39.951  -23.080  38.089 0.0000000000
73932  -44.441  -19.064  43.242 0.0000000000
71940  -43.624  -19.998  42.405 0.0000000000
73958  -44.888  -17.884  41.513 0.0000000000
48186  -14.162  -43.535  50.791 0.0000000000
47121  -13.693  -43.851  51.176 0.0000000000
45034  -13.017  -45.246  50.296 0.0000000000
46073  -13.185  -44.208  51.609 0.0000000000
45020  -12.133  -45.224  51.734 0.0000000000
153297  -12.437  -45.479  51.058 0.0000000000
138307  -11.916  -47.015  49.683 0.0000000000
42815  -11.610  -47.685  49.665 0.0000000000
42840  -11.308  -48.777  48.960 0.0000000000
132445  -35.378  -34.361  51.110 0.0000000000
132444  -36.234  -34.452  51.151 0.0000000000
57631  -36.429  -34.230  51.857 0.0000000000
57599  -37.460  -32.788  52.495 0.0000000000
131477  -37.720  -34.183  52.089 0.0000000000
150693  -38.671  -33.799  52.388 0.0000000000
50216  -28.775  -40.537  53.892 0.0000000000
50230  -28.869  -40.836  52.878 0.0000000000
51270  -28.694  -39.896  53.802 0.0000000000
157857  -28.828  -36.568  54.181 0.0000000000
53337  -28.720  -37.842  53.787 0.0000000000
131742  -28.736  -36.951  53.608 0.0000000000
131544  -28.879  -36.525  52.947 0.0000000000
55442  -29.038  -36.031  53.686 0.0000000000
57549  -31.552  -33.793  56.606 0.0000000000
157733  -31.153  -33.861  56.278 0.0000000000
132775  -32.511  -33.147  54.032 0.0000000000
132180  -31.784  -33.810  55.031 0.0000000000
131479  -32.120  -33.807  54.207 0.0000000000
57593  -30.653  -34.315  53.596 0.0000000000
57594  -31.602  -34.154  53.494 0.0000000000
57612  -31.848  -34.237  52.697 0.0000000000
131250  -32.814  -33.380  53.080 0.0000000000
57613  -35.075  -33.600  52.231 0.0000000000
131247  -34.221  -33.666  52.284 0.0000000000
57629  -34.856  -34.126  51.856 0.0000000000
132446  -34.497  -34.317  51.060 0.0000000000
51261  -28.499  -39.900  55.098 0.0000000000
50205  -28.490  -40.561  54.719 0.0000000000
141633  -29.056  -41.985  53.569 0.0000000000
75045  -43.797  -16.602  36.278 0.0000000000
75055  -43.904  -16.770  35.222 0.0000000000
75056  -44.613  -16.396  35.848 0.0000000000
76071  -45.532  -16.346  34.274 0.0000000000
76079  -46.097  -16.285  33.569 0.0000000000
149611  -46.905  -16.155  33.547 0.0000000000
148282  -48.597  -15.799  35.736 0.0000000000
76062  -49.307  -16.097  35.126 0.0000000000
76082  -49.648  -16.409  33.113 0.0000000000
76081  -48.676  -16.211  33.286 0.0000000000
76093  -48.000  -16.239  32.360 0.0000000000
75100  -47.326  -16.528  31.397 0.0000000000
135903  -48.248  -16.313  31.729 0.0000000000
76096  -50.011  -16.261  32.379 0.0000000000
76107  -48.869  -16.326  31.497 0.0000000000
76108  -49.392  -16.163  31.323 0.0000000000
76124  -49.319  -16.284  30.035 0.0000000000
78139  -51.055  -14.511  33.334 0.0000000000
81106  -52.678  -11.817  34.003 0.0000000000
152919  -37.074  -27.771  44.455 0.0000000000
157077  -36.602  -27.731  43.913 0.0000000000
132694  -36.404  -26.519  43.331 0.0000000000
66022  -36.021  -26.750  42.712 0.0000000000
67057  -36.155  -25.839  42.746 0.0000000000
68950  -37.815  -23.573  45.099 0.0000000000
69901  -38.202  -22.993  44.772 0.0000000000
68982  -37.524  -23.612  43.376 0.0000000000
68981  -36.769  -23.892  42.608 0.0000000000
68032  -36.147  -24.208  42.032 0.0000000000
69014  -38.591  -23.259  41.442 0.0000000000
69034  -36.866  -23.130  40.929 0.0000000000
69035  -37.967  -23.084  40.735 0.0000000000
68064  -39.313  -23.058  39.966 0.0000000000
68999  -41.353  -22.707  42.148 0.0000000000
154347  -40.866  -22.912  41.561 0.0000000000
69018  -41.876  -22.503  41.902 0.0000000000
69958  -42.283  -22.182  42.515 0.0000000000
70885  -43.574  -21.591  44.189 0.0000000000
149386  -43.811  -21.266  43.916 0.0000000000
70902  -43.430  -21.502  43.355 0.0000000000
71909  -44.087  -20.599  43.635 0.0000000000
51283  -16.988  -39.774  52.464 0.0000000000
134040  -16.825  -39.925  53.439 0.0000000000
50238  -16.519  -40.518  51.896 0.0000000000
50288  -17.450  -40.993  48.473 0.0000000000
51325  -17.698  -39.925  49.742 0.0000000000
157983  -15.951  -42.676  48.709 0.0000000000
50262  -16.427  -41.561  49.796 0.0000000000
137294  -15.776  -42.148  50.282 0.0000000000
48199  -15.358  -42.859  49.964 0.0000000000
34632  -5.024  -55.080  53.059 0.0000000000
57746  -36.270  -34.327  43.759 0.0000000000
59806  -37.649  -31.880  45.281 0.0000000000
60740  -37.311  -31.242  44.916 0.0000000000
60748  -36.859  -31.352  44.257 0.0000000000
148351  -37.283  -34.542  49.767 0.0000000000
139069  -37.432  -34.545  49.096 0.0000000000
57665  -38.040  -34.567  49.627 0.0000000000
130680  -39.633  -33.613  48.150 0.0000000000
57685  -39.262  -34.145  48.526 0.0000000000
149529  -39.288  -33.595  47.299 0.0000000000
58743  -39.617  -33.139  47.444 0.0000000000
133869  -39.867  -29.453  47.636 0.0000000000
61621  -39.893  -30.330  47.757 0.0000000000
60732  -38.917  -30.703  46.663 0.0000000000
60731  -38.566  -31.422  46.219 0.0000000000
62624  -38.426  -29.365  45.977 0.0000000000
62623  -37.926  -28.994  45.429 0.0000000000
62636  -37.492  -29.441  45.050 0.0000000000
63726  -37.841  -28.388  45.273 0.0000000000
137344  -37.389  -28.202  44.791 0.0000000000
65983  -38.317  -27.347  45.930 0.0000000000
67006  -38.244  -26.388  46.917 0.0000000000
147464  -37.808  -25.915  46.352 0.0000000000
66958  -39.106  -26.140  50.401 0.0000000000
66968  -39.041  -26.397  49.617 0.0000000000
66967  -38.599  -25.514  49.870 0.0000000000
67974  -38.124  -24.462  48.163 0.0000000000
51358  -25.673  -40.698  47.286 0.0000000000
51370  -24.875  -39.797  46.236 0.0000000000
51371  -25.555  -40.542  46.206 0.0000000000
51301  -29.077  -40.382  51.152 0.0000000000
50255  -29.402  -41.202  51.001 0.0000000000
51315  -28.953  -39.799  50.851 0.0000000000
139666  -29.079  -39.202  49.653 0.0000000000
157063  -29.429  -39.872  49.361 0.0000000000
53396  -29.286  -39.366  48.825 0.0000000000
138186  -29.401  -34.819  50.379 0.0000000000
55474  -28.675  -35.955  49.290 0.0000000000
53336  -21.323  -37.807  53.224 0.0000000000
53351  -20.439  -37.923  52.785 0.0000000000
53364  -20.603  -37.819  51.904 0.0000000000
51285  -24.027  -38.798  51.771 0.0000000000
52314  -23.155  -38.331  52.266 0.0000000000
53406  -21.562  -38.250  49.163 0.0000000000
52336  -22.353  -38.087  50.413 0.0000000000
53394  -21.309  -37.957  50.032 0.0000000000
137256  -20.246  -37.803  49.959 0.0000000000
53393  -20.506  -38.008  49.229 0.0000000000
134379  -19.598  -38.224  48.782 0.0000000000
53405  -20.370  -38.279  48.312 0.0000000000
150548  -49.410  -14.737  31.211 0.0000000000
80194  -48.196  -12.379  31.692 0.0000000000
79171  -48.427  -13.338  31.229 0.0000000000
80205  -48.065  -12.609  30.731 0.0000000000
80193  -47.764  -11.864  30.967 0.0000000000
82966  -50.719  -9.815  33.322 0.0000000000
134746  -50.912  -8.961  33.309 0.0000000000
83890  -48.956  -9.100  32.006 0.0000000000
82976  -48.609  -9.867  31.953 0.0000000000
82983  -48.035  -9.911  31.342 0.0000000000
82033  -47.640  -10.734  30.461 0.0000000000
82992  -47.810  -9.736  30.561 0.0000000000
81139  -47.855  -10.898  29.221 0.0000000000
82997  -47.765  -9.697  29.647 0.0000000000
84819  -49.008  -7.891  29.781 0.0000000000
82998  -47.933  -9.261  29.080 0.0000000000
83916  -48.389  -8.686  28.539 0.0000000000
83921  -48.529  -8.890  27.678 0.0000000000
83917  -48.836  -8.095  28.048 0.0000000000
138871  -49.489  -7.386  29.350 0.0000000000
86746  -51.127  -5.456  30.837 0.0000000000
85712  -50.620  -6.384  29.530 0.0000000000
86747  -52.017  -5.055  30.157 0.0000000000
86748  -52.375  -4.752  30.553 0.0000000000
36865  -9.348  -53.116  49.968 0.0000000000
36873  -9.262  -53.568  49.667 0.0000000000
62657  -35.732  -29.435  42.285 0.0000000000
72974  -39.861  -19.671  35.965 0.0000000000
74016  -40.360  -18.948  35.817 0.0000000000
74025  -40.769  -18.739  35.151 0.0000000000
68065  -40.014  -22.998  40.061 0.0000000000
69048  -40.077  -23.034  39.553 0.0000000000
70948  -41.328  -21.902  39.650 0.0000000000
70000  -40.915  -22.422  39.435 0.0000000000
71976  -41.246  -20.998  39.319 0.0000000000
72926  -42.854  -19.867  41.109 0.0000000000
72935  -42.193  -19.149  39.680 0.0000000000
72945  -41.270  -19.908  38.953 0.0000000000
73997  -42.115  -17.618  37.847 0.0000000000
74010  -42.772  -17.009  37.677 0.0000000000
74009  -42.243  -17.396  37.122 0.0000000000
75020  -45.167  -16.154  38.633 0.0000000000
75033  -45.874  -15.904  38.061 0.0000000000
40357  -9.517  -50.153  51.751 0.0000000000
39168  -9.270  -50.672  51.812 0.0000000000
39180  -9.651  -50.673  51.086 0.0000000000
38033  -9.444  -51.681  50.603 0.0000000000
134038  -9.838  -51.605  49.855 0.0000000000
39209  -10.591  -51.689  48.604 0.0000000000
38041  -10.051  -52.191  49.156 0.0000000000
38048  -10.545  -52.488  48.341 0.0000000000
35773  -8.557  -54.468  50.348 0.0000000000
35760  -8.384  -54.263  51.012 0.0000000000
33560  -7.590  -56.317  51.305 0.0000000000
33545  -7.405  -56.165  52.084 0.0000000000
33559  -7.183  -56.789  51.756 0.0000000000
30127  -7.503  -59.744  50.642 0.0000000000
31217  -7.880  -59.067  50.319 0.0000000000
154415  -6.781  -58.336  51.368 0.0000000000
32379  -6.331  -57.248  52.200 0.0000000000
33544  -6.810  -56.725  52.231 0.0000000000
32378  -5.969  -57.516  52.141 0.0000000000
32391  -5.582  -58.295  51.392 0.0000000000
32377  -5.630  -57.559  51.860 0.0000000000
33541  -5.080  -56.174  52.104 0.0000000000
27757  -5.597  -61.217  50.333 0.0000000000
30112  -5.503  -59.767  50.703 0.0000000000
58757  -34.298  -33.978  46.197 0.0000000000
131928  -35.458  -34.484  47.815 0.0000000000
157946  -36.489  -34.572  47.698 0.0000000000
50252  -26.417  -42.197  49.502 0.0000000000
150700  -27.244  -42.405  49.589 0.0000000000
156405  -32.658  -34.520  50.859 0.0000000000
153665  -31.875  -34.459  50.369 0.0000000000
57660  -32.546  -34.462  49.810 0.0000000000
57678  -32.496  -34.240  48.853 0.0000000000
58724  -32.175  -33.981  48.118 0.0000000000
58739  -32.392  -33.702  47.417 0.0000000000
58725  -32.911  -33.994  48.022 0.0000000000
58740  -33.208  -33.737  47.245 0.0000000000
134345  -27.737  -42.453  54.275 0.0000000000
49200  -26.350  -42.673  53.925 0.0000000000
49199  -25.923  -42.579  53.105 0.0000000000
49211  -25.150  -42.245  52.517 0.0000000000
50239  -24.797  -41.383  51.401 0.0000000000
50240  -25.128  -42.141  51.613 0.0000000000
131326  -25.134  -41.846  50.757 0.0000000000
76138  -48.940  -16.958  29.682 0.0000000000
59815  -36.618  -32.121  43.704 0.0000000000
68089  -35.927  -24.130  38.953 0.0000000000
67100  -35.783  -24.729  38.439 0.0000000000
46113  -13.709  -44.942  49.240 0.0000000000
46099  -13.446  -44.763  50.005 0.0000000000
45044  -12.711  -45.883  49.840 0.0000000000
45033  -12.552  -45.666  50.513 0.0000000000
43969  -12.386  -46.507  49.520 0.0000000000
43968  -12.072  -47.219  49.273 0.0000000000
42841  -11.808  -48.434  48.224 0.0000000000
57614  -36.107  -33.664  52.315 0.0000000000
57598  -36.476  -32.779  52.501 0.0000000000
57582  -37.440  -32.160  53.228 0.0000000000
53311  -28.663  -38.902  55.049 0.0000000000
53324  -28.769  -38.724  54.106 0.0000000000
53310  -28.669  -37.866  55.404 0.0000000000
149089  -28.678  -37.330  54.936 0.0000000000
133642  -29.623  -35.564  55.122 0.0000000000
57564  -32.044  -33.409  55.909 0.0000000000
57565  -32.587  -32.859  55.634 0.0000000000
157826  -32.627  -32.831  54.873 0.0000000000
57595  -32.981  -32.812  53.459 0.0000000000
57596  -33.576  -32.591  53.373 0.0000000000
132774  -34.218  -32.825  52.605 0.0000000000
52284  -28.738  -38.445  56.161 0.0000000000
75057  -45.767  -15.907  36.344 0.0000000000
75058  -46.640  -15.807  35.480 0.0000000000
132490  -47.700  -15.794  34.758 0.0000000000
76064  -50.280  -16.508  34.638 0.0000000000
136352  -49.822  -16.425  34.533 0.0000000000
76073  -50.340  -16.597  33.930 0.0000000000
76095  -49.983  -16.411  32.721 0.0000000000
77109  -50.137  -15.713  32.292 0.0000000000
151294  -51.758  -14.236  33.708 0.0000000000
134583  -37.365  -26.364  44.904 0.0000000000
149679  -36.674  -27.167  43.975 0.0000000000
67027  -37.073  -24.919  43.997 0.0000000000
145911  -38.728  -22.830  44.392 0.0000000000
68983  -38.223  -23.271  43.346 0.0000000000
155761  -38.000  -23.421  42.852 0.0000000000
137610  -38.191  -23.389  42.201 0.0000000000
130483  -39.124  -23.366  42.096 0.0000000000
69015  -39.454  -23.113  41.430 0.0000000000
137005  -39.865  -23.146  42.113 0.0000000000
68986  -41.703  -22.552  42.796 0.0000000000
149792  -18.588  -38.545  53.972 0.0000000000
53349  -18.519  -38.474  52.961 0.0000000000
51284  -17.647  -39.314  51.591 0.0000000000
48208  -15.204  -43.637  48.748 0.0000000000
85724  -50.842  -6.481  27.869 0.0000000000
84851  -50.317  -7.468  26.423 0.0000000000
85725  -51.357  -6.341  27.312 0.0000000000
85741  -51.508  -6.507  26.670 0.0000000000
57732  -36.753  -34.247  45.531 0.0000000000
57651  -39.492  -34.265  50.287 0.0000000000
57666  -39.022  -34.398  49.334 0.0000000000
150139  -39.702  -34.032  49.714 0.0000000000
57667  -39.882  -33.502  49.607 0.0000000000
58728  -40.083  -32.582  48.875 0.0000000000
143211  -40.417  -29.383  48.730 0.0000000000
62594  -40.196  -28.928  48.139 0.0000000000
62613  -39.325  -29.215  47.095 0.0000000000
61640  -38.901  -29.733  46.573 0.0000000000
156204  -39.268  -28.643  47.019 0.0000000000
63709  -38.914  -28.264  46.560 0.0000000000
64833  -38.308  -28.000  45.721 0.0000000000
64814  -38.720  -27.764  46.421 0.0000000000
65951  -38.765  -26.786  47.587 0.0000000000
66957  -38.728  -25.451  50.695 0.0000000000
53367  -28.672  -38.360  51.522 0.0000000000
53366  -28.618  -38.079  50.727 0.0000000000
56571  -28.909  -35.296  48.635 0.0000000000
55484  -28.681  -36.336  48.443 0.0000000000
52302  -22.294  -37.987  52.758 0.0000000000
52351  -23.048  -38.800  49.970 0.0000000000
52337  -23.194  -38.412  50.666 0.0000000000
53407  -22.526  -38.664  49.210 0.0000000000
136568  -21.278  -38.338  48.279 0.0000000000
53420  -20.889  -38.532  47.394 0.0000000000
53421  -21.814  -38.466  47.523 0.0000000000
52402  -21.851  -38.947  46.047 0.0000000000
79165  -49.591  -13.761  32.510 0.0000000000
80186  -49.341  -12.794  32.690 0.0000000000
80185  -48.743  -12.283  32.506 0.0000000000
81114  -49.002  -11.544  32.695 0.0000000000
82978  -50.094  -9.208  32.888 0.0000000000
83891  -50.191  -8.256  32.887 0.0000000000
145848  -49.587  -8.048  32.290 0.0000000000
83897  -49.093  -8.390  31.750 0.0000000000
82993  -48.197  -8.897  30.656 0.0000000000
84803  -49.150  -7.868  31.249 0.0000000000
84815  -49.437  -7.238  31.057 0.0000000000
84820  -49.586  -7.195  30.191 0.0000000000
85711  -50.209  -6.671  30.101 0.0000000000
85695  -50.353  -6.087  31.211 0.0000000000
86741  -51.472  -5.197  31.667 0.0000000000
35803  -10.099  -54.171  48.049 0.0000000000
35802  -9.400  -54.585  48.650 0.0000000000
64891  -35.769  -27.710  42.180 0.0000000000
138339  -35.280  -29.181  41.552 0.0000000000
142681  -35.397  -28.291  41.489 0.0000000000
63779  -34.801  -28.949  40.800 0.0000000000
70992  -39.779  -21.192  35.599 0.0000000000
72009  -39.637  -20.521  35.906 0.0000000000
72964  -40.223  -19.464  36.987 0.0000000000
69038  -41.290  -22.741  40.841 0.0000000000
69049  -40.988  -22.790  40.339 0.0000000000
69982  -41.489  -22.406  40.646 0.0000000000
70939  -41.739  -21.850  40.355 0.0000000000
156158  -43.082  -18.939  40.748 0.0000000000
73974  -43.125  -18.136  40.120 0.0000000000
72936  -42.616  -18.117  39.628 0.0000000000
73983  -42.207  -18.111  39.144 0.0000000000
73984  -42.945  -17.298  38.976 0.0000000000
152556  -44.031  -16.392  38.068 0.0000000000
42793  -10.445  -47.894  51.406 0.0000000000
43940  -10.137  -47.759  52.287 0.0000000000
41592  -10.005  -49.167  51.241 0.0000000000
41604  -9.998  -49.739  50.905 0.0000000000
40380  -10.024  -50.241  50.632 0.0000000000
39191  -9.954  -50.901  50.270 0.0000000000
33579  -8.391  -56.200  49.891 0.0000000000
34674  -8.087  -55.730  50.592 0.0000000000
30126  -6.839  -59.635  51.015 0.0000000000
56470  -30.100  -35.036  56.869 0.0000000000
58654  -33.109  -32.545  56.164 0.0000000000
76041  -48.822  -15.964  36.861 0.0000000000
75050  -48.532  -15.800  36.413 0.0000000000
136108  -49.644  -16.032  36.401 0.0000000000
132229  -50.026  -16.285  35.416 0.0000000000
76075  -51.477  -16.423  34.348 0.0000000000
77084  -51.731  -16.154  34.006 0.0000000000
77093  -52.052  -15.476  34.099 0.0000000000
148314  -38.363  -23.544  47.617 0.0000000000
148249  -37.874  -23.829  46.033 0.0000000000
68932  -38.476  -23.136  46.732 0.0000000000
150740  -38.888  -22.675  46.116 0.0000000000
69902  -39.601  -22.661  45.651 0.0000000000
69921  -41.694  -22.638  44.022 0.0000000000
52349  -18.649  -38.889  49.581 0.0000000000
52348  -18.252  -39.469  49.258 0.0000000000
52362  -18.365  -39.699  48.464 0.0000000000
137174  -18.055  -40.588  47.954 0.0000000000
154087  -7.267  -54.491  53.679 0.0000000000
57730  -35.261  -34.382  44.861 0.0000000000
57714  -35.132  -34.418  45.951 0.0000000000
57731  -35.931  -34.495  45.676 0.0000000000
150608  -37.993  -33.926  46.218 0.0000000000
58758  -38.542  -33.771  46.524 0.0000000000
64772  -39.540  -27.461  49.027 0.0000000000
149673  -24.288  -39.350  46.463 0.0000000000
138089  -24.324  -39.655  47.769 0.0000000000
50289  -26.281  -41.366  47.733 0.0000000000
50310  -27.837  -41.821  47.516 0.0000000000
57624  -29.758  -34.692  52.026 0.0000000000
56543  -29.103  -35.513  51.019 0.0000000000
57642  -29.600  -34.752  51.227 0.0000000000
57675  -29.648  -34.563  48.606 0.0000000000
154499  -29.705  -34.560  47.745 0.0000000000
131998  -31.998  -33.373  45.974 0.0000000000
51259  -23.937  -38.845  53.851 0.0000000000
51269  -24.615  -39.552  53.455 0.0000000000
157892  -24.392  -39.659  50.789 0.0000000000
51300  -24.637  -40.474  51.105 0.0000000000
52338  -23.852  -39.227  50.395 0.0000000000
52352  -23.812  -39.671  49.821 0.0000000000
52365  -23.704  -39.382  48.291 0.0000000000
75099  -46.624  -17.211  31.018 0.0000000000
140537  -52.116  -11.054  33.727 0.0000000000
82010  -51.435  -10.429  33.539 0.0000000000
82011  -52.428  -10.283  33.783 0.0000000000
82968  -52.766  -9.498  33.905 0.0000000000
149254  -52.096  -5.497  33.518 0.0000000000
66045  -34.813  -26.155  40.480 0.0000000000
66044  -34.610  -26.963  40.054 0.0000000000
70967  -40.061  -21.896  37.754 0.0000000000
71922  -43.521  -20.817  42.546 0.0000000000
73966  -44.136  -18.325  41.266 0.0000000000
73967  -44.689  -17.453  40.533 0.0000000000
147273  -45.787  -17.080  40.890 0.0000000000
75001  -45.528  -16.696  40.123 0.0000000000
47104  -13.651  -43.540  52.053 0.0000000000
45019  -11.421  -45.995  51.846 0.0000000000
137748  -11.599  -46.747  50.548 0.0000000000
43949  -11.351  -46.630  51.150 0.0000000000
42814  -11.149  -48.063  50.149 0.0000000000
41615  -10.908  -49.145  49.495 0.0000000000
41627  -11.106  -49.550  48.818 0.0000000000
157959  -11.343  -49.930  48.063 0.0000000000
132402  -6.279  -61.356  51.026 0.0000000000
57663  -35.518  -34.498  49.371 0.0000000000
57647  -35.912  -34.527  50.251 0.0000000000
57648  -36.794  -34.505  50.353 0.0000000000
57649  -37.667  -34.525  50.403 0.0000000000
131246  -36.932  -34.090  52.109 0.0000000000
132443  -38.170  -34.411  51.227 0.0000000000
136917  -39.155  -34.328  51.142 0.0000000000
58680  -37.483  -31.623  53.845 0.0000000000
49230  -27.799  -42.504  51.843 0.0000000000
49251  -28.465  -42.361  51.053 0.0000000000
50242  -29.114  -41.492  51.932 0.0000000000
51287  -28.943  -40.623  51.874 0.0000000000
52315  -28.705  -39.323  52.342 0.0000000000
52304  -28.751  -39.275  53.634 0.0000000000
53338  -28.750  -38.511  53.341 0.0000000000
53354  -28.706  -38.486  52.472 0.0000000000
53353  -28.680  -37.686  52.121 0.0000000000
56518  -29.380  -35.241  52.547 0.0000000000
144032  -30.283  -34.686  56.168 0.0000000000
56484  -30.179  -34.774  55.305 0.0000000000
132622  -30.907  -34.052  55.148 0.0000000000
150085  -29.653  -35.232  54.314 0.0000000000
57592  -29.987  -34.683  53.702 0.0000000000
57610  -29.988  -34.564  52.885 0.0000000000
156541  -30.369  -34.381  52.236 0.0000000000
151821  -31.092  -34.265  52.001 0.0000000000
57626  -32.100  -34.407  51.772 0.0000000000
131248  -33.512  -34.008  52.624 0.0000000000
57627  -33.125  -34.449  51.859 0.0000000000
132479  -33.610  -34.436  50.990 0.0000000000
57645  -34.145  -34.372  50.120 0.0000000000
49189  -28.554  -41.774  54.758 0.0000000000
49202  -28.554  -42.198  54.060 0.0000000000
49215  -28.464  -42.270  52.891 0.0000000000
75064  -42.539  -17.538  34.070 0.0000000000
133077  -43.172  -17.077  34.688 0.0000000000
75065  -43.918  -16.803  34.274 0.0000000000
76070  -44.654  -16.602  33.750 0.0000000000
149070  -49.271  -16.226  34.556 0.0000000000
76072  -48.654  -16.113  34.226 0.0000000000
75077  -47.722  -16.025  33.880 0.0000000000
76106  -46.462  -16.680  31.721 0.0000000000
78148  -49.732  -14.769  31.952 0.0000000000
80187  -50.015  -13.067  32.982 0.0000000000
81105  -51.604  -11.836  33.645 0.0000000000
78141  -52.366  -14.394  34.129 0.0000000000
79156  -52.264  -13.511  33.916 0.0000000000
80177  -51.980  -12.689  33.781 0.0000000000
143143  -52.980  -10.930  34.088 0.0000000000
63744  -36.601  -28.938  43.762 0.0000000000
62644  -36.182  -29.790  43.144 0.0000000000
64877  -36.058  -27.892  42.803 0.0000000000
66010  -36.253  -27.355  43.239 0.0000000000
64892  -35.715  -26.988  42.146 0.0000000000
68004  -37.429  -24.272  44.552 0.0000000000
68963  -37.760  -23.525  44.280 0.0000000000
68020  -36.903  -24.334  43.329 0.0000000000
156769  -35.898  -25.078  42.256 0.0000000000
67073  -35.286  -25.485  41.128 0.0000000000
68046  -35.525  -24.344  40.731 0.0000000000
68061  -36.275  -23.451  40.298 0.0000000000
68076  -36.713  -23.568  39.240 0.0000000000
68077  -37.881  -23.346  39.167 0.0000000000
68078  -38.779  -23.243  39.208 0.0000000000
69016  -40.217  -22.963  41.447 0.0000000000
69037  -40.669  -22.929  40.773 0.0000000000
69969  -42.317  -22.077  41.843 0.0000000000
69970  -42.773  -21.591  42.167 0.0000000000
69946  -41.728  -22.575  43.382 0.0000000000
69947  -42.282  -22.248  43.216 0.0000000000
69923  -43.436  -21.799  44.941 0.0000000000
154225  -42.464  -22.065  43.074 0.0000000000
70915  -43.281  -21.351  42.678 0.0000000000
151434  -43.873  -20.602  42.971 0.0000000000
72885  -44.390  -19.947  43.876 0.0000000000
51310  -17.118  -40.330  50.368 0.0000000000
49288  -16.736  -41.551  48.846 0.0000000000
138805  -16.666  -40.983  50.236 0.0000000000
50249  -16.635  -40.788  50.987 0.0000000000
50237  -16.145  -41.259  51.471 0.0000000000
49248  -15.632  -41.917  51.124 0.0000000000
49226  -15.211  -42.383  51.649 0.0000000000
143451  -14.711  -43.225  50.422 0.0000000000
47137  -14.194  -43.724  50.009 0.0000000000
47149  -14.442  -44.051  49.238 0.0000000000
47148  -13.876  -44.315  49.703 0.0000000000
86760  -53.083  -4.906  28.299 0.0000000000
86766  -52.477  -5.491  27.501 0.0000000000
144154  -36.852  -32.699  43.948 0.0000000000
61674  -36.736  -30.651  44.128 0.0000000000
61666  -37.078  -29.995  44.590 0.0000000000
57682  -36.875  -34.571  48.525 0.0000000000
156022  -37.124  -34.586  48.030 0.0000000000
145206  -38.174  -34.497  48.952 0.0000000000
57684  -38.621  -34.398  48.421 0.0000000000
57700  -38.282  -34.386  47.662 0.0000000000
58742  -38.741  -34.059  47.127 0.0000000000
156605  -39.035  -33.543  46.754 0.0000000000
134778  -39.068  -33.204  46.275 0.0000000000
59767  -40.147  -31.590  48.722 0.0000000000
149823  -39.804  -31.415  47.917 0.0000000000
59773  -39.679  -32.450  47.679 0.0000000000
59783  -39.418  -32.016  47.149 0.0000000000
59782  -39.271  -32.651  46.504 0.0000000000
59792  -38.925  -32.398  46.180 0.0000000000
60742  -38.226  -31.132  45.807 0.0000000000
61668  -38.006  -30.574  45.590 0.0000000000
61667  -37.506  -30.404  45.150 0.0000000000
62635  -37.083  -29.138  44.452 0.0000000000
64832  -37.919  -27.506  45.323 0.0000000000
65982  -37.807  -26.863  45.390 0.0000000000
65937  -39.198  -27.073  48.728 0.0000000000
65936  -38.799  -26.469  48.363 0.0000000000
133196  -38.323  -25.554  48.331 0.0000000000
143045  -37.979  -25.207  47.677 0.0000000000
50254  -29.012  -41.921  50.473 0.0000000000
50267  -28.853  -41.851  49.585 0.0000000000
52339  -29.180  -39.839  49.995 0.0000000000
51328  -29.574  -40.500  49.599 0.0000000000
50292  -28.743  -41.731  48.732 0.0000000000
51341  -29.327  -41.117  48.300 0.0000000000
51359  -29.151  -41.081  47.451 0.0000000000
55465  -28.674  -36.418  50.775 0.0000000000
134333  -28.538  -36.692  49.882 0.0000000000
133169  -28.633  -37.763  49.549 0.0000000000
54398  -28.754  -37.395  48.093 0.0000000000
154136  -28.882  -38.153  48.075 0.0000000000
53395  -28.865  -38.208  48.700 0.0000000000
149084  -29.378  -40.507  47.132 0.0000000000
53321  -20.048  -38.066  54.364 0.0000000000
52313  -22.312  -37.938  51.874 0.0000000000
52326  -22.411  -37.878  51.129 0.0000000000
53365  -21.538  -37.732  51.574 0.0000000000
146107  -20.858  -37.711  51.250 0.0000000000
53377  -19.626  -38.022  50.457 0.0000000000
52363  -18.841  -38.880  48.850 0.0000000000
53404  -19.426  -38.657  48.146 0.0000000000
131664  -20.203  -39.057  46.859 0.0000000000
78165  -49.114  -14.013  30.050 0.0000000000
79185  -48.770  -13.237  29.884 0.0000000000
138724  -48.692  -12.506  29.578 0.0000000000
82009  -50.433  -10.747  33.275 0.0000000000
82018  -49.482  -10.796  32.803 0.0000000000
82017  -48.669  -10.856  32.221 0.0000000000
82977  -49.369  -9.501  32.448 0.0000000000
141249  -49.168  -10.189  32.501 0.0000000000
81119  -48.082  -11.425  31.628 0.0000000000
82023  -47.737  -11.089  31.037 0.0000000000
80211  -47.844  -11.950  30.275 0.0000000000
81133  -48.095  -11.793  29.555 0.0000000000
81134  -48.893  -11.845  29.125 0.0000000000
81140  -48.403  -11.226  28.834 0.0000000000
82043  -48.134  -10.522  28.468 0.0000000000
83911  -48.019  -9.054  29.923 0.0000000000
81158  -48.702  -10.892  28.113 0.0000000000
83922  -48.994  -8.372  27.212 0.0000000000
84832  -50.057  -7.000  28.155 0.0000000000
84821  -50.008  -6.905  29.662 0.0000000000
85718  -50.582  -6.521  28.695 0.0000000000
86754  -52.077  -5.184  29.381 0.0000000000
86755  -52.644  -4.773  29.746 0.0000000000
36864  -8.850  -53.711  50.275 0.0000000000
34675  -8.517  -55.067  50.018 0.0000000000
34706  -9.400  -55.419  48.580 0.0000000000
145297  -8.876  -54.957  49.221 0.0000000000
34689  -8.782  -55.664  49.346 0.0000000000
64905  -34.477  -27.746  40.039 0.0000000000
75054  -41.335  -17.966  35.182 0.0000000000
69990  -40.635  -22.822  39.659 0.0000000000
69061  -40.116  -23.111  38.944 0.0000000000
70007  -40.305  -22.532  38.168 0.0000000000
138864  -40.286  -21.178  37.997 0.0000000000
71954  -42.646  -20.801  41.395 0.0000000000
71965  -42.059  -20.984  40.258 0.0000000000
145109  -42.166  -20.045  40.151 0.0000000000
71975  -40.704  -20.632  38.536 0.0000000000
145392  -40.182  -20.367  37.629 0.0000000000
73995  -40.938  -18.822  37.487 0.0000000000
72956  -41.888  -18.185  38.520 0.0000000000
73996  -41.591  -18.260  37.747 0.0000000000
74008  -41.243  -18.206  36.851 0.0000000000
75043  -41.723  -17.578  36.301 0.0000000000
75046  -44.447  -16.200  36.820 0.0000000000
75031  -44.478  -16.199  37.626 0.0000000000
75047  -45.067  -15.990  37.107 0.0000000000
75012  -46.128  -16.270  39.813 0.0000000000
39167  -8.813  -51.112  52.368 0.0000000000
36874  -9.666  -53.022  49.385 0.0000000000
39210  -11.150  -51.231  48.076 0.0000000000
36858  -8.069  -53.975  51.826 0.0000000000
35759  -7.954  -54.818  51.667 0.0000000000
35746  -7.670  -54.534  52.530 0.0000000000
34650  -7.532  -55.361  52.344 0.0000000000
144029  -7.529  -58.377  50.668 0.0000000000
32411  -7.164  -58.005  51.184 0.0000000000
33527  -6.261  -56.088  53.053 0.0000000000
33526  -5.787  -56.105  53.018 0.0000000000
33542  -5.585  -56.728  52.389 0.0000000000
33525  -5.302  -55.821  52.747 0.0000000000
27745  -6.056  -61.585  51.078 0.0000000000
27744  -5.915  -61.445  50.899 0.0000000000
31198  -5.481  -59.026  50.926 0.0000000000
41582  -9.712  -49.151  52.184 0.0000000000
49175  -28.086  -40.963  55.183 0.0000000000
49188  -28.092  -42.097  54.831 0.0000000000
49201  -27.012  -42.674  54.140 0.0000000000
49203  -28.971  -41.718  54.265 0.0000000000
49231  -28.764  -42.114  51.912 0.0000000000
49268  -16.065  -42.338  49.295 0.0000000000
50215  -28.833  -40.962  54.138 0.0000000000
51288  -28.703  -40.053  52.554 0.0000000000
51302  -28.800  -39.880  51.701 0.0000000000
51314  -29.380  -40.487  50.390 0.0000000000
51342  -29.472  -41.187  49.150 0.0000000000
52294  -28.683  -39.529  54.338 0.0000000000
52334  -18.215  -39.240  50.012 0.0000000000
52385  -24.673  -39.589  47.031 0.0000000000
53378  -20.586  -37.774  50.628 0.0000000000
53380  -28.736  -38.376  50.009 0.0000000000
53439  -21.599  -38.652  46.806 0.0000000000
53440  -23.101  -38.764  46.839 0.0000000000
54333  -28.873  -36.690  54.844 0.0000000000
56483  -29.865  -35.537  55.954 0.0000000000
56505  -29.466  -35.225  53.340 0.0000000000
57548  -30.802  -34.206  56.682 0.0000000000
57563  -31.427  -33.785  55.794 0.0000000000
57578  -33.069  -32.633  54.183 0.0000000000
57583  -38.016  -32.436  52.888 0.0000000000
57616  -38.061  -33.823  52.518 0.0000000000
57635  -39.898  -34.120  51.071 0.0000000000
58727  -39.973  -33.232  48.899 0.0000000000
58759  -39.471  -32.756  47.003 0.0000000000
58777  -39.276  -32.894  46.199 0.0000000000
59753  -40.036  -32.174  49.926 0.0000000000
66980  -38.994  -26.631  49.035 0.0000000000
67941  -38.672  -24.908  51.162 0.0000000000
68995  -37.377  -23.518  42.400 0.0000000000
76091  -45.606  -16.449  32.844 0.0000000000
81129  -47.689  -11.409  30.515 0.0000000000
82038  -47.659  -10.418  29.765 0.0000000000
83912  -48.397  -8.521  29.399 0.0000000000
84804  -49.477  -7.590  31.759 0.0000000000
84814  -49.087  -7.831  30.592 0.0000000000
84827  -50.015  -6.909  29.001 0.0000000000
84831  -49.453  -7.623  27.632 0.0000000000
85702  -49.973  -6.638  30.758 0.0000000000
131481  -26.851  -42.775  53.271 0.0000000000
132945  -22.122  -38.477  48.391 0.0000000000
133407  -29.011  -41.373  53.650 0.0000000000
134364  -31.835  -33.535  46.790 0.0000000000
135678  -25.677  -41.807  49.463 0.0000000000
135867  -28.678  -37.226  54.288 0.0000000000
137142  -24.831  -41.712  52.102 0.0000000000
138539  -28.700  -40.172  53.284 0.0000000000
139120  -48.681  -8.381  31.012 0.0000000000
143505  -14.037  -44.479  49.257 0.0000000000
144884  -38.281  -24.125  48.890 0.0000000000
145508  -27.980  -41.470  54.991 0.0000000000
146585  -30.384  -34.431  54.403 0.0000000000
147654  -33.112  -34.352  49.320 0.0000000000
154156  -39.159  -22.828  44.084 0.0000000000
154645  -28.699  -38.846  51.952 0.0000000000
155031  -39.825  -28.430  47.856 0.0000000000
155369  -50.271  -6.275  31.791 0.0000000000
155924  -29.784  -35.739  56.538 0.0000000000
156098  -28.747  -39.080  53.008 0.0000000000
156928  -35.051  -32.860  52.499 0.0000000000
157071  -51.838  -5.003  30.842 0.0000000000
157176  -39.904  -32.209  48.320 0.0000000000
157568  -47.764  -10.400  31.026 0.0000000000
158078  -40.214  -19.161  36.294 0.0000000000
