#!ascii label  , from subject sub001 vox2ras=TkReg
1905
106281  -53.612  16.071  31.623 0.0000000000
115807  -43.459  27.601  23.900 0.0000000000
109621  -41.764  19.401  26.646 0.0000000000
106462  -53.129  15.802  13.909 0.0000000000
114397  -46.489  25.421  14.641 0.0000000000
113607  -48.295  24.654  20.295 0.0000000000
143044  -48.950  23.520  16.400 0.0000000000
107368  -45.589  15.613  15.863 0.0000000000
100272  -47.913  8.272  47.167 0.0000000000
103563  -47.357  12.618  40.018 0.0000000000
118269  -33.961  31.498  21.491 0.0000000000
118286  -43.219  32.571  20.502 0.0000000000
116606  -44.375  29.278  11.894 0.0000000000
139065  -46.863  15.660  29.049 0.0000000000
115741  -50.138  27.261  28.428 0.0000000000
109671  -48.067  19.616  20.384 0.0000000000
106404  -54.534  14.651  21.406 0.0000000000
105500  -48.373  14.363  20.314 0.0000000000
104591  -40.832  13.653  20.232 0.0000000000
105404  -54.456  15.060  28.479 0.0000000000
112240  -48.268  22.351  9.913 0.0000000000
114416  -50.374  25.484  12.824 0.0000000000
111419  -47.791  21.620  12.362 0.0000000000
112183  -46.623  22.542  16.572 0.0000000000
102699  -48.584  11.006  44.636 0.0000000000
102711  -45.092  11.133  43.245 0.0000000000
117726  -29.689  30.378  23.301 0.0000000000
118301  -42.992  31.537  16.120 0.0000000000
104445  -43.620  13.649  32.427 0.0000000000
107226  -44.072  16.739  27.495 0.0000000000
115776  -40.409  28.361  25.611 0.0000000000
117719  -46.901  31.383  26.069 0.0000000000
111355  -53.413  20.704  17.699 0.0000000000
111312  -52.331  21.951  21.857 0.0000000000
108948  -51.390  18.380  17.431 0.0000000000
107320  -50.475  16.096  20.659 0.0000000000
105551  -53.203  13.637  17.103 0.0000000000
104594  -52.043  13.334  20.522 0.0000000000
105550  -50.692  14.097  16.649 0.0000000000
104632  -42.766  13.314  16.601 0.0000000000
115100  -44.782  26.477  19.263 0.0000000000
116518  -48.797  30.121  22.566 0.0000000000
115121  -49.409  27.506  18.403 0.0000000000
113638  -51.305  25.056  16.745 0.0000000000
133895  -51.716  19.946  15.201 0.0000000000
107390  -48.334  15.465  14.232 0.0000000000
148719  -48.124  19.205  16.753 0.0000000000
140140  -45.843  17.907  18.554 0.0000000000
101145  -50.451  10.317  43.242 0.0000000000
104342  -50.346  13.136  40.553 0.0000000000
105312  -49.752  14.761  35.227 0.0000000000
115032  -32.499  26.522  26.559 0.0000000000
137565  -34.221  27.560  23.815 0.0000000000
117150  -37.997  29.595  23.288 0.0000000000
117175  -41.419  29.076  20.254 0.0000000000
116566  -42.234  28.230  16.554 0.0000000000
113679  -44.091  24.921  13.028 0.0000000000
150527  -44.706  22.672  8.799 0.0000000000
115215  -45.556  26.178  8.746 0.0000000000
103592  -44.438  12.493  37.408 0.0000000000
104433  -46.748  13.864  33.867 0.0000000000
107178  -50.544  16.187  30.273 0.0000000000
136421  -46.402  23.142  26.168 0.0000000000
114320  -47.821  25.666  24.555 0.0000000000
112078  -49.903  22.487  23.908 0.0000000000
154445  -45.215  20.193  23.134 0.0000000000
107279  -47.440  16.994  24.332 0.0000000000
133849  -51.331  16.559  25.473 0.0000000000
145035  -54.900  17.211  26.954 0.0000000000
105445  -53.358  14.461  24.643 0.0000000000
104533  -49.382  13.997  24.000 0.0000000000
104550  -46.325  13.896  23.733 0.0000000000
105547  -46.579  14.354  16.713 0.0000000000
131206  -44.965  14.657  20.673 0.0000000000
104546  -42.817  13.761  24.007 0.0000000000
106264  -52.943  15.232  33.432 0.0000000000
106273  -54.346  15.465  31.799 0.0000000000
106326  -55.311  16.145  29.314 0.0000000000
111456  -47.675  20.451  9.395 0.0000000000
111437  -49.206  21.234  9.566 0.0000000000
110555  -46.811  20.054  10.634 0.0000000000
111418  -46.692  21.560  12.901 0.0000000000
108083  -42.384  17.490  27.418 0.0000000000
117140  -42.063  29.554  25.038 0.0000000000
108971  -54.056  18.038  15.049 0.0000000000
109696  -53.847  19.510  17.782 0.0000000000
107372  -53.343  16.905  15.314 0.0000000000
106429  -51.914  15.280  16.679 0.0000000000
105575  -52.868  14.495  15.390 0.0000000000
104634  -52.800  13.539  16.761 0.0000000000
104649  -51.855  14.013  14.910 0.0000000000
115135  -45.094  26.454  17.067 0.0000000000
115119  -47.398  27.020  18.731 0.0000000000
115164  -47.471  26.313  15.983 0.0000000000
113671  -49.618  24.629  14.109 0.0000000000
114389  -50.483  26.267  15.138 0.0000000000
112899  -50.979  24.305  16.279 0.0000000000
111385  -51.934  22.458  16.188 0.0000000000
111384  -50.929  21.716  16.251 0.0000000000
109708  -50.208  18.843  15.685 0.0000000000
111382  -48.931  21.534  16.879 0.0000000000
110506  -46.649  20.256  17.936 0.0000000000
102730  -47.683  11.678  43.024 0.0000000000
103524  -49.389  12.247  42.666 0.0000000000
103549  -48.811  12.895  40.993 0.0000000000
105267  -49.264  14.216  37.971 0.0000000000
104367  -48.018  13.571  38.178 0.0000000000
117732  -31.951  30.530  22.092 0.0000000000
116492  -32.503  28.121  23.656 0.0000000000
140921  -33.500  29.505  22.590 0.0000000000
116496  -36.262  28.756  23.151 0.0000000000
147084  -35.896  30.620  22.002 0.0000000000
119256  -40.515  33.837  21.404 0.0000000000
145565  -39.877  31.454  21.528 0.0000000000
117757  -42.038  30.510  20.093 0.0000000000
116542  -41.475  28.533  18.705 0.0000000000
117761  -41.791  30.376  18.226 0.0000000000
145200  -43.320  30.250  13.469 0.0000000000
116592  -42.690  28.439  14.032 0.0000000000
155237  -43.557  27.326  12.450 0.0000000000
112955  -44.387  23.530  10.944 0.0000000000
154369  -44.586  25.004  10.252 0.0000000000
113724  -45.215  24.679  8.365 0.0000000000
116626  -45.218  28.203  10.550 0.0000000000
102819  -39.344  11.604  36.393 0.0000000000
102765  -39.668  11.565  39.441 0.0000000000
138860  -41.181  11.826  37.370 0.0000000000
102769  -43.234  11.754  39.354 0.0000000000
103607  -42.657  12.363  36.130 0.0000000000
105381  -45.490  15.029  30.473 0.0000000000
146063  -45.442  13.698  33.295 0.0000000000
105360  -47.311  14.749  31.512 0.0000000000
105361  -48.277  14.916  31.728 0.0000000000
106323  -48.522  15.790  29.576 0.0000000000
114999  -50.012  26.425  29.699 0.0000000000
139750  -48.101  23.455  28.436 0.0000000000
113564  -50.661  24.672  28.044 0.0000000000
114331  -48.459  27.022  21.465 0.0000000000
115068  -47.585  27.532  23.641 0.0000000000
113595  -47.960  24.424  22.556 0.0000000000
110481  -49.957  20.637  20.488 0.0000000000
111287  -51.313  22.001  22.687 0.0000000000
111286  -48.533  21.750  22.007 0.0000000000
112082  -46.915  22.344  23.353 0.0000000000
110468  -46.704  20.302  21.801 0.0000000000
108129  -45.998  18.123  23.892 0.0000000000
157552  -47.646  17.869  21.338 0.0000000000
106389  -53.411  15.412  21.105 0.0000000000
130526  -50.904  16.231  22.945 0.0000000000
107297  -53.045  16.344  23.847 0.0000000000
107250  -53.801  17.171  26.039 0.0000000000
107286  -54.703  16.242  23.979 0.0000000000
105437  -54.555  15.498  25.049 0.0000000000
104556  -54.178  14.363  22.886 0.0000000000
151081  -49.965  13.917  21.004 0.0000000000
104566  -50.514  13.771  22.472 0.0000000000
104564  -48.732  13.926  22.342 0.0000000000
131014  -48.016  13.861  23.755 0.0000000000
105471  -47.319  14.212  22.216 0.0000000000
106436  -46.657  15.332  14.959 0.0000000000
157906  -47.231  14.708  14.685 0.0000000000
105557  -45.347  14.277  15.198 0.0000000000
104607  -41.797  13.161  18.203 0.0000000000
105510  -43.478  14.304  18.856 0.0000000000
105495  -42.401  14.411  20.223 0.0000000000
105467  -43.331  14.448  22.445 0.0000000000
105466  -42.019  14.275  22.599 0.0000000000
104524  -40.972  13.472  24.369 0.0000000000
105287  -52.256  14.402  37.098 0.0000000000
156622  -52.464  14.573  27.913 0.0000000000
112931  -46.873  24.103  12.684 0.0000000000
114405  -48.231  25.535  13.423 0.0000000000
112958  -49.319  23.721  10.975 0.0000000000
112944  -49.697  23.397  12.191 0.0000000000
112922  -48.528  23.989  14.355 0.0000000000
112184  -48.104  22.899  16.639 0.0000000000
112207  -46.777  23.076  14.615 0.0000000000
101121  -47.990  9.776  46.710 0.0000000000
101879  -46.941  10.165  46.500 0.0000000000
103536  -46.139  11.752  41.383 0.0000000000
118278  -32.379  31.980  20.932 0.0000000000
118294  -43.474  32.095  18.527 0.0000000000
118320  -45.611  32.012  14.574 0.0000000000
117820  -45.729  31.130  12.691 0.0000000000
103648  -41.854  13.096  33.800 0.0000000000
147574  -43.778  15.027  30.216 0.0000000000
107215  -45.410  16.122  28.225 0.0000000000
117121  -48.133  30.125  27.790 0.0000000000
112160  -51.673  21.890  18.499 0.0000000000
112113  -50.970  22.904  21.371 0.0000000000
150952  -53.115  21.048  19.740 0.0000000000
109680  -52.178  20.212  19.575 0.0000000000
108169  -49.743  18.378  18.589 0.0000000000
107339  -49.038  17.042  19.701 0.0000000000
107341  -50.312  16.471  18.641 0.0000000000
106411  -52.084  15.381  19.027 0.0000000000
144649  -54.272  14.036  19.223 0.0000000000
149615  -54.211  13.185  20.736 0.0000000000
104610  -53.462  12.801  18.839 0.0000000000
105516  -50.709  13.947  18.913 0.0000000000
105515  -49.655  14.212  19.055 0.0000000000
142599  -44.252  14.418  15.350 0.0000000000
111219  -41.763  20.951  27.871 0.0000000000
115080  -44.366  26.715  21.825 0.0000000000
115809  -45.899  28.517  23.663 0.0000000000
115082  -47.125  28.130  21.329 0.0000000000
115831  -49.127  28.430  20.398 0.0000000000
115105  -50.019  27.226  19.423 0.0000000000
148828  -49.979  26.549  14.845 0.0000000000
115141  -50.445  26.700  17.432 0.0000000000
113627  -50.217  24.611  18.489 0.0000000000
111370  -52.451  22.262  17.056 0.0000000000
110525  -52.962  20.691  15.460 0.0000000000
108968  -52.536  18.339  14.234 0.0000000000
106460  -51.302  15.687  13.869 0.0000000000
108192  -50.471  17.157  14.637 0.0000000000
108190  -48.933  16.973  15.478 0.0000000000
107370  -47.290  16.537  16.109 0.0000000000
110508  -47.939  20.556  17.156 0.0000000000
108946  -46.777  18.732  17.785 0.0000000000
101921  -49.366  10.867  44.598 0.0000000000
103526  -50.229  11.734  42.737 0.0000000000
104344  -51.575  13.002  39.891 0.0000000000
105285  -51.143  14.537  38.017 0.0000000000
105313  -50.865  15.097  35.760 0.0000000000
132951  -51.405  15.159  33.464 0.0000000000
114293  -34.243  25.442  26.515 0.0000000000
115057  -33.600  26.434  24.973 0.0000000000
115045  -35.862  26.069  25.299 0.0000000000
150327  -37.520  27.308  24.581 0.0000000000
116476  -39.472  29.150  24.394 0.0000000000
117153  -40.295  29.464  23.758 0.0000000000
118282  -36.207  32.143  21.093 0.0000000000
118261  -37.690  31.560  22.221 0.0000000000
117740  -39.728  30.163  22.314 0.0000000000
115818  -41.680  27.560  21.644 0.0000000000
115829  -42.098  27.073  19.656 0.0000000000
115133  -43.054  26.899  17.604 0.0000000000
115147  -43.908  26.571  15.923 0.0000000000
117785  -41.811  30.236  16.178 0.0000000000
115882  -43.267  27.057  14.949 0.0000000000
113668  -44.876  24.783  14.106 0.0000000000
112942  -45.253  23.424  12.346 0.0000000000
112250  -45.321  21.636  9.928 0.0000000000
111465  -44.133  21.594  7.882 0.0000000000
113751  -44.296  23.444  7.735 0.0000000000
117271  -46.023  29.895  11.184 0.0000000000
102756  -44.376  11.636  40.486 0.0000000000
103578  -45.314  12.429  38.429 0.0000000000
103637  -43.880  12.993  34.915 0.0000000000
104408  -45.300  13.193  35.662 0.0000000000
131534  -46.742  13.453  36.967 0.0000000000
105310  -47.917  14.054  35.052 0.0000000000
105332  -49.706  14.733  33.487 0.0000000000
138080  -51.941  15.979  31.340 0.0000000000
111232  -43.397  21.704  26.358 0.0000000000
116482  -47.275  29.840  23.943 0.0000000000
115778  -47.503  28.222  26.044 0.0000000000
115039  -48.991  27.018  26.900 0.0000000000
112844  -50.423  23.771  23.069 0.0000000000
113586  -51.137  24.177  24.659 0.0000000000
112822  -50.929  24.131  26.306 0.0000000000
134473  -47.944  23.318  25.489 0.0000000000
112073  -45.084  22.574  24.899 0.0000000000
109632  -43.439  19.612  25.132 0.0000000000
108891  -44.458  18.259  25.255 0.0000000000
108101  -46.178  17.202  25.786 0.0000000000
107245  -47.356  16.611  26.399 0.0000000000
107308  -49.389  16.435  22.178 0.0000000000
107281  -49.149  16.531  24.640 0.0000000000
107231  -49.638  16.551  27.410 0.0000000000
107233  -51.273  16.670  28.110 0.0000000000
107221  -52.728  17.074  28.716 0.0000000000
107203  -54.072  16.855  29.576 0.0000000000
106338  -55.069  16.202  27.361 0.0000000000
148679  -53.530  14.838  26.706 0.0000000000
105434  -51.996  14.237  25.718 0.0000000000
131020  -52.242  13.717  22.932 0.0000000000
104535  -51.340  14.107  24.520 0.0000000000
104517  -49.896  14.028  25.552 0.0000000000
133352  -48.186  13.648  25.900 0.0000000000
104514  -46.786  13.249  25.511 0.0000000000
105573  -49.709  14.465  15.025 0.0000000000
131469  -47.960  14.597  16.550 0.0000000000
131203  -46.869  14.500  18.694 0.0000000000
138717  -44.256  13.863  16.641 0.0000000000
105512  -45.207  14.431  18.604 0.0000000000
105498  -45.871  14.612  20.472 0.0000000000
105455  -45.172  14.251  22.702 0.0000000000
104548  -44.203  13.815  23.892 0.0000000000
106271  -53.072  15.597  32.419 0.0000000000
147899  -53.984  15.371  32.614 0.0000000000
106282  -54.297  15.975  31.299 0.0000000000
106304  -55.435  15.813  29.891 0.0000000000
107173  -54.828  16.229  30.324 0.0000000000
110572  -46.287  19.522  9.803 0.0000000000
110565  -47.710  20.006  10.058 0.0000000000
110564  -46.112  19.440  10.212 0.0000000000
108077  -41.441  17.596  27.775 0.0000000000
108878  -42.037  18.677  26.635 0.0000000000
115792  -42.972  28.373  24.455 0.0000000000
116464  -43.658  29.831  25.509 0.0000000000
115793  -44.006  28.209  24.407 0.0000000000
108202  -53.709  17.267  14.273 0.0000000000
108194  -53.957  17.735  15.271 0.0000000000
106445  -53.466  16.345  14.502 0.0000000000
106443  -53.007  15.816  15.099 0.0000000000
106454  -53.064  15.429  14.517 0.0000000000
104656  -52.543  14.094  15.167 0.0000000000
105586  -52.567  15.059  14.197 0.0000000000
115162  -45.275  26.110  15.844 0.0000000000
115150  -46.783  26.375  16.711 0.0000000000
114386  -47.058  25.835  15.305 0.0000000000
113660  -49.699  24.931  15.093 0.0000000000
113647  -49.910  24.899  15.652 0.0000000000
112898  -49.880  24.297  16.129 0.0000000000
139869  -50.973  22.715  16.349 0.0000000000
111383  -49.917  22.193  16.509 0.0000000000
151845  -49.809  21.327  16.518 0.0000000000
140937  -48.953  22.589  16.710 0.0000000000
100273  -48.424  8.477  46.536 0.0000000000
103548  -47.521  12.443  40.728 0.0000000000
138101  -48.227  12.620  41.085 0.0000000000
104340  -48.183  12.780  40.453 0.0000000000
138446  -48.070  13.300  38.861 0.0000000000
147272  -32.804  30.669  21.968 0.0000000000
117158  -32.609  29.801  22.516 0.0000000000
117733  -33.435  30.175  22.294 0.0000000000
117160  -34.903  29.684  22.442 0.0000000000
117746  -34.517  31.071  21.913 0.0000000000
119258  -42.629  34.681  21.523 0.0000000000
119257  -41.686  34.435  21.431 0.0000000000
155160  -41.823  32.976  20.981 0.0000000000
118781  -41.250  32.252  20.865 0.0000000000
118285  -42.362  32.045  20.537 0.0000000000
117758  -42.302  30.876  19.310 0.0000000000
118290  -42.904  31.672  19.875 0.0000000000
117818  -43.918  30.323  12.992 0.0000000000
117251  -43.398  29.512  13.018 0.0000000000
116615  -43.916  28.146  11.937 0.0000000000
114426  -44.247  25.513  10.867 0.0000000000
115197  -44.468  26.936  10.851 0.0000000000
115205  -45.263  26.726  9.938 0.0000000000
116616  -44.761  28.702  11.258 0.0000000000
102841  -38.529  11.995  34.951 0.0000000000
102834  -39.809  11.888  35.745 0.0000000000
141218  -40.384  11.660  37.218 0.0000000000
102821  -41.039  12.010  36.655 0.0000000000
102822  -42.055  12.083  36.935 0.0000000000
106298  -46.031  15.363  30.037 0.0000000000
105359  -46.349  14.664  31.325 0.0000000000
105383  -46.984  15.155  30.675 0.0000000000
106276  -47.981  15.221  30.908 0.0000000000
106322  -47.677  15.725  29.143 0.0000000000
115739  -49.166  28.440  28.610 0.0000000000
115011  -50.168  27.074  28.962 0.0000000000
113552  -50.739  25.229  28.819 0.0000000000
135324  -51.001  25.326  28.013 0.0000000000
114332  -48.547  26.313  20.564 0.0000000000
114328  -47.403  25.980  22.119 0.0000000000
112862  -47.920  23.992  21.012 0.0000000000
110491  -49.540  20.257  19.946 0.0000000000
111325  -49.614  21.009  20.974 0.0000000000
110470  -48.120  20.789  21.013 0.0000000000
111308  -47.892  21.273  21.529 0.0000000000
109670  -47.439  19.559  20.964 0.0000000000
142033  -47.156  18.741  21.414 0.0000000000
108929  -47.656  18.750  20.678 0.0000000000
106390  -54.345  15.188  21.452 0.0000000000
106377  -53.606  15.691  22.006 0.0000000000
107312  -54.278  15.860  22.739 0.0000000000
107298  -54.177  16.343  23.546 0.0000000000
106380  -54.498  15.703  22.897 0.0000000000
105448  -54.636  15.413  23.684 0.0000000000
105473  -54.627  14.545  22.085 0.0000000000
105487  -48.965  14.170  21.013 0.0000000000
104577  -49.296  13.942  21.741 0.0000000000
150438  -48.641  14.077  21.647 0.0000000000
105472  -48.057  14.111  21.949 0.0000000000
105485  -47.472  14.374  21.422 0.0000000000
106435  -45.756  15.144  14.936 0.0000000000
106441  -46.243  14.763  14.738 0.0000000000
105569  -45.287  14.639  14.876 0.0000000000
105508  -41.889  13.863  19.371 0.0000000000
105509  -42.548  14.138  19.100 0.0000000000
105494  -41.606  14.065  20.208 0.0000000000
105480  -42.138  14.389  21.171 0.0000000000
105479  -41.369  14.163  21.156 0.0000000000
105465  -41.302  14.188  22.099 0.0000000000
104576  -40.539  13.823  21.340 0.0000000000
150881  -52.394  14.781  36.605 0.0000000000
105396  -54.089  14.608  29.333 0.0000000000
131903  -53.203  14.740  28.111 0.0000000000
133392  -47.412  22.903  10.902 0.0000000000
113704  -48.870  24.210  11.373 0.0000000000
112957  -48.595  23.355  10.652 0.0000000000
111431  -49.050  21.676  10.731 0.0000000000
112241  -49.330  22.301  10.533 0.0000000000
112231  -49.393  22.516  11.515 0.0000000000
112933  -49.072  23.621  13.307 0.0000000000
112932  -48.210  22.841  13.308 0.0000000000
112208  -47.394  23.028  13.941 0.0000000000
112221  -47.440  22.295  13.196 0.0000000000
112219  -45.911  22.062  13.734 0.0000000000
101859  -45.546  9.882  47.622 0.0000000000
102729  -46.550  11.550  42.802 0.0000000000
102728  -45.632  11.423  42.621 0.0000000000
118761  -30.699  32.314  20.993 0.0000000000
118310  -45.030  32.267  15.297 0.0000000000
118815  -45.916  32.531  15.030 0.0000000000
118813  -46.338  33.344  15.897 0.0000000000
107213  -43.160  16.311  28.617 0.0000000000
136890  -42.954  15.406  29.820 0.0000000000
106328  -43.954  16.021  28.642 0.0000000000
106319  -44.968  15.589  29.334 0.0000000000
107227  -44.994  16.526  27.558 0.0000000000
115049  -40.233  27.286  25.907 0.0000000000
117120  -47.626  30.651  27.006 0.0000000000
155287  -53.068  21.017  18.966 0.0000000000
111340  -52.655  21.282  19.428 0.0000000000
111341  -53.318  20.628  18.786 0.0000000000
108949  -52.476  18.265  16.767 0.0000000000
109688  -53.236  19.758  18.586 0.0000000000
108942  -52.020  19.314  18.289 0.0000000000
137189  -51.469  19.606  18.899 0.0000000000
108941  -50.751  18.821  18.244 0.0000000000
107349  -49.845  17.381  18.458 0.0000000000
108176  -50.811  17.471  17.280 0.0000000000
106430  -53.108  14.288  17.253 0.0000000000
106420  -51.972  15.202  17.828 0.0000000000
106421  -53.129  14.659  18.286 0.0000000000
105517  -53.762  14.342  18.674 0.0000000000
105535  -54.133  13.663  18.306 0.0000000000
104611  -54.008  12.976  19.000 0.0000000000
104624  -53.513  13.289  18.229 0.0000000000
104622  -51.706  13.695  17.175 0.0000000000
148926  -51.412  13.684  18.152 0.0000000000
105533  -50.576  14.121  17.631 0.0000000000
105532  -49.593  14.372  18.042 0.0000000000
151745  -44.036  26.467  20.384 0.0000000000
115081  -45.737  27.246  21.572 0.0000000000
115101  -45.948  26.822  19.844 0.0000000000
115120  -48.437  27.395  18.563 0.0000000000
115103  -48.398  27.816  19.538 0.0000000000
115842  -48.901  28.049  19.490 0.0000000000
115094  -49.451  28.016  20.206 0.0000000000
115843  -49.657  27.665  19.069 0.0000000000
113692  -49.696  25.252  12.234 0.0000000000
114398  -49.091  26.013  13.732 0.0000000000
115182  -50.153  26.180  13.514 0.0000000000
113649  -50.887  25.585  16.295 0.0000000000
115167  -50.407  26.329  15.476 0.0000000000
114363  -50.764  26.174  16.851 0.0000000000
114352  -50.637  26.214  17.598 0.0000000000
113637  -51.138  25.358  17.167 0.0000000000
112884  -51.463  23.031  17.514 0.0000000000
112890  -51.509  24.247  17.076 0.0000000000
111395  -51.970  21.652  15.726 0.0000000000
111396  -52.598  21.606  15.874 0.0000000000
109710  -52.540  19.939  15.076 0.0000000000
109718  -52.868  19.090  14.589 0.0000000000
109717  -52.159  19.166  14.616 0.0000000000
108201  -51.993  17.662  13.845 0.0000000000
109709  -51.247  18.860  15.045 0.0000000000
108955  -49.440  18.699  16.079 0.0000000000
108961  -49.659  18.069  15.652 0.0000000000
108182  -48.923  17.946  16.040 0.0000000000
108181  -48.165  16.961  15.960 0.0000000000
139078  -47.390  22.488  16.727 0.0000000000
111381  -48.017  21.983  17.068 0.0000000000
111380  -47.034  21.904  17.034 0.0000000000
109686  -46.395  19.504  18.128 0.0000000000
109693  -47.114  19.584  17.699 0.0000000000
101900  -48.319  10.446  45.662 0.0000000000
101901  -48.993  10.605  45.215 0.0000000000
102700  -49.138  11.106  44.614 0.0000000000
103539  -49.906  12.490  41.990 0.0000000000
103525  -49.991  12.070  42.763 0.0000000000
104329  -50.467  12.640  41.171 0.0000000000
103551  -50.761  12.429  40.980 0.0000000000
104343  -51.137  13.025  40.434 0.0000000000
151526  -51.557  13.532  39.176 0.0000000000
105252  -50.851  13.734  39.372 0.0000000000
157060  -49.677  14.467  36.994 0.0000000000
137144  -50.648  14.835  37.242 0.0000000000
105299  -49.932  14.787  36.296 0.0000000000
106262  -51.565  15.185  34.412 0.0000000000
105325  -50.667  15.039  34.830 0.0000000000
151569  -32.867  27.392  27.577 0.0000000000
115004  -33.756  26.643  28.081 0.0000000000
115020  -33.372  26.264  27.487 0.0000000000
114283  -34.358  25.373  27.391 0.0000000000
114307  -33.461  25.773  26.313 0.0000000000
156287  -29.142  30.615  24.411 0.0000000000
117136  -29.978  29.247  24.496 0.0000000000
115802  -33.345  27.531  23.988 0.0000000000
115801  -32.629  27.489  24.217 0.0000000000
115786  -33.933  26.945  24.363 0.0000000000
115058  -34.469  26.387  24.845 0.0000000000
115059  -35.365  26.504  24.796 0.0000000000
115060  -36.108  26.547  24.826 0.0000000000
115788  -35.900  27.154  24.240 0.0000000000
117149  -37.158  29.232  23.115 0.0000000000
116497  -37.860  28.822  23.667 0.0000000000
116498  -38.696  29.284  23.716 0.0000000000
117137  -39.995  29.531  24.175 0.0000000000
145405  -39.809  29.660  23.491 0.0000000000
118273  -37.386  32.054  21.808 0.0000000000
118763  -37.907  32.482  21.456 0.0000000000
117753  -40.705  30.633  20.968 0.0000000000
117750  -40.103  30.430  21.606 0.0000000000
117168  -40.968  29.214  21.387 0.0000000000
116526  -40.714  28.928  22.081 0.0000000000
116527  -41.329  28.398  21.399 0.0000000000
151634  -42.303  26.901  20.864 0.0000000000
115828  -41.642  27.676  19.968 0.0000000000
116554  -41.972  28.191  17.397 0.0000000000
115841  -42.362  27.381  18.146 0.0000000000
115858  -42.538  27.575  17.221 0.0000000000
138963  -43.807  26.677  16.489 0.0000000000
115867  -43.210  27.085  15.844 0.0000000000
118298  -43.547  32.175  17.539 0.0000000000
117775  -42.173  31.019  16.590 0.0000000000
147161  -42.396  30.880  15.720 0.0000000000
115181  -43.330  26.939  13.260 0.0000000000
115881  -42.892  27.659  14.503 0.0000000000
146664  -43.455  26.226  13.849 0.0000000000
114394  -43.859  25.709  14.233 0.0000000000
113680  -44.586  24.496  13.377 0.0000000000
112929  -44.824  23.894  12.895 0.0000000000
113690  -44.298  24.175  12.601 0.0000000000
112968  -44.580  22.954  9.836 0.0000000000
112237  -44.741  22.683  10.756 0.0000000000
112249  -44.800  22.038  9.560 0.0000000000
111446  -46.214  20.441  9.483 0.0000000000
111445  -44.963  21.031  8.976 0.0000000000
112260  -44.574  22.052  8.501 0.0000000000
114443  -45.460  25.552  8.496 0.0000000000
112989  -45.153  24.362  7.618 0.0000000000
114467  -45.010  24.691  7.610 0.0000000000
114465  -44.741  24.427  7.701 0.0000000000
115237  -45.074  25.505  7.690 0.0000000000
117262  -45.811  30.524  11.827 0.0000000000
102740  -42.890  11.270  41.260 0.0000000000
103591  -43.944  12.098  38.061 0.0000000000
102770  -43.752  11.736  39.791 0.0000000000
103560  -44.544  11.812  39.483 0.0000000000
103546  -45.277  11.775  39.967 0.0000000000
131956  -44.706  12.337  38.036 0.0000000000
104444  -42.679  13.556  32.705 0.0000000000
104418  -43.313  13.105  34.168 0.0000000000
104430  -43.576  13.381  33.284 0.0000000000
153676  -46.159  13.807  33.368 0.0000000000
131533  -45.413  13.377  34.867 0.0000000000
104409  -46.114  13.451  35.660 0.0000000000
104394  -46.223  13.374  36.468 0.0000000000
104410  -47.057  13.753  35.364 0.0000000000
104395  -47.400  13.736  36.732 0.0000000000
104421  -47.204  13.909  34.546 0.0000000000
106277  -48.928  15.371  31.142 0.0000000000
106268  -49.216  15.094  31.919 0.0000000000
106278  -49.884  15.522  31.359 0.0000000000
106279  -51.028  15.611  31.530 0.0000000000
107169  -51.352  16.173  30.740 0.0000000000
112047  -47.244  23.270  27.697 0.0000000000
112043  -44.022  22.144  27.026 0.0000000000
115816  -47.781  29.501  22.582 0.0000000000
116501  -47.140  29.720  23.688 0.0000000000
116502  -48.137  29.914  23.064 0.0000000000
115063  -47.371  26.630  24.578 0.0000000000
147217  -47.366  27.354  25.370 0.0000000000
114313  -47.752  26.299  25.402 0.0000000000
115766  -48.353  28.073  26.872 0.0000000000
114314  -48.830  26.225  26.053 0.0000000000
133922  -51.963  22.748  21.760 0.0000000000
134938  -51.574  23.194  22.164 0.0000000000
112850  -51.971  23.026  22.368 0.0000000000
112085  -49.865  22.211  23.286 0.0000000000
112079  -51.318  23.036  23.903 0.0000000000
112838  -50.917  23.215  24.520 0.0000000000
113578  -51.065  24.384  25.476 0.0000000000
112833  -50.558  23.410  25.218 0.0000000000
112832  -49.655  23.298  25.487 0.0000000000
112077  -49.047  22.628  24.326 0.0000000000
111283  -45.901  21.267  22.687 0.0000000000
112081  -46.189  22.304  23.699 0.0000000000
111261  -44.985  21.284  23.783 0.0000000000
111246  -43.918  21.081  24.721 0.0000000000
110443  -44.220  20.298  24.315 0.0000000000
108898  -43.845  18.868  25.044 0.0000000000
108899  -44.590  18.820  24.558 0.0000000000
108130  -46.498  17.766  23.490 0.0000000000
108122  -45.859  17.876  24.697 0.0000000000
107278  -47.038  17.007  25.070 0.0000000000
107260  -46.770  16.922  25.761 0.0000000000
148827  -47.425  16.738  25.668 0.0000000000
152262  -49.502  16.545  20.339 0.0000000000
107318  -48.844  16.661  21.319 0.0000000000
107319  -49.831  16.301  21.365 0.0000000000
107296  -51.206  16.335  23.752 0.0000000000
107295  -50.344  16.368  23.780 0.0000000000
107264  -50.360  16.525  25.343 0.0000000000
151283  -49.055  16.558  25.837 0.0000000000
107247  -50.179  16.609  26.744 0.0000000000
107248  -51.241  16.644  26.778 0.0000000000
108103  -54.754  17.213  26.242 0.0000000000
133459  -52.797  17.071  27.469 0.0000000000
108086  -53.438  17.252  28.026 0.0000000000
108078  -53.592  17.228  28.678 0.0000000000
108087  -54.488  17.248  27.713 0.0000000000
107235  -55.014  16.590  27.968 0.0000000000
106339  -55.117  16.654  27.348 0.0000000000
105436  -53.939  14.916  25.255 0.0000000000
105424  -54.501  15.423  25.902 0.0000000000
105435  -53.019  14.495  25.438 0.0000000000
136932  -52.793  14.520  26.279 0.0000000000
104595  -53.158  13.052  20.282 0.0000000000
150532  -53.480  13.375  21.795 0.0000000000
104580  -52.610  13.294  21.371 0.0000000000
104553  -50.049  13.909  23.392 0.0000000000
104554  -51.194  13.807  23.149 0.0000000000
148567  -50.007  14.009  24.201 0.0000000000
104534  -50.454  14.105  24.791 0.0000000000
131472  -49.366  14.045  24.764 0.0000000000
104516  -48.950  13.978  25.480 0.0000000000
132779  -48.365  13.901  25.049 0.0000000000
130551  -47.212  13.792  23.977 0.0000000000
135102  -47.093  13.515  24.774 0.0000000000
104530  -46.428  13.446  24.884 0.0000000000
135578  -45.891  13.275  25.317 0.0000000000
104529  -45.660  13.611  24.422 0.0000000000
106459  -50.314  15.691  14.230 0.0000000000
105583  -49.769  14.844  14.526 0.0000000000
147791  -48.701  14.972  14.091 0.0000000000
105558  -46.155  14.320  15.538 0.0000000000
134521  -47.708  14.508  15.403 0.0000000000
150304  -47.647  14.570  17.413 0.0000000000
131201  -46.990  14.431  17.847 0.0000000000
104641  -43.021  13.350  15.868 0.0000000000
152295  -43.510  13.531  16.322 0.0000000000
105497  -44.250  14.587  19.840 0.0000000000
105511  -44.417  14.374  18.728 0.0000000000
131471  -45.111  14.580  19.652 0.0000000000
131205  -45.785  14.538  19.447 0.0000000000
105483  -45.527  14.570  21.300 0.0000000000
134276  -44.827  14.524  21.739 0.0000000000
156128  -43.179  14.257  23.048 0.0000000000
105454  -43.726  14.182  23.277 0.0000000000
104547  -43.460  13.802  23.916 0.0000000000
104527  -43.827  13.559  24.445 0.0000000000
106261  -52.798  15.072  34.383 0.0000000000
105334  -53.148  14.931  33.752 0.0000000000
105362  -54.936  14.950  31.340 0.0000000000
111447  -47.582  21.177  9.224 0.0000000000
157292  -48.993  21.996  9.257 0.0000000000
110574  -49.136  20.736  8.940 0.0000000000
133166  -48.612  20.886  10.073 0.0000000000
111430  -48.295  21.186  11.286 0.0000000000
134081  -47.263  20.874  11.699 0.0000000000
107212  -42.531  16.613  28.564 0.0000000000
108084  -43.271  17.133  27.336 0.0000000000
116462  -41.617  29.415  25.734 0.0000000000
117128  -42.657  29.846  25.670 0.0000000000
138085  -45.581  30.719  25.754 0.0000000000
110517  -54.397  19.633  16.156 0.0000000000
109697  -54.160  19.680  17.550 0.0000000000
108958  -54.392  18.677  16.427 0.0000000000
108956  -53.424  18.193  16.388 0.0000000000
108183  -52.513  17.373  15.876 0.0000000000
107361  -51.765  16.316  16.042 0.0000000000
107371  -52.603  16.332  15.475 0.0000000000
106437  -52.663  15.276  15.709 0.0000000000
105563  -53.157  13.904  16.162 0.0000000000
104635  -53.185  13.481  17.370 0.0000000000
104650  -52.959  13.814  15.825 0.0000000000
104642  -51.774  13.809  15.458 0.0000000000
105562  -50.746  14.078  15.664 0.0000000000
138597  -45.393  26.475  17.857 0.0000000000
115118  -45.825  26.622  18.821 0.0000000000
115136  -46.090  26.492  17.318 0.0000000000
115137  -47.390  26.678  17.707 0.0000000000
115151  -47.963  26.591  16.784 0.0000000000
113684  -50.343  25.098  13.229 0.0000000000
153556  -50.510  26.161  13.664 0.0000000000
113672  -50.525  25.683  14.156 0.0000000000
113648  -50.608  25.230  16.013 0.0000000000
132184  -51.159  24.918  16.450 0.0000000000
112900  -51.468  24.082  16.748 0.0000000000
112186  -51.402  23.423  16.485 0.0000000000
110523  -51.341  20.842  15.677 0.0000000000
109703  -50.719  19.823  15.610 0.0000000000
110515  -50.249  20.660  16.215 0.0000000000
109702  -49.603  19.631  16.257 0.0000000000
137291  -48.523  19.926  16.718 0.0000000000
111367  -46.588  21.408  17.475 0.0000000000
101136  -49.788  9.898  44.488 0.0000000000
102713  -48.363  11.384  43.953 0.0000000000
102731  -48.871  11.897  43.321 0.0000000000
103523  -48.311  12.054  42.365 0.0000000000
103538  -48.914  12.621  41.735 0.0000000000
104341  -49.150  13.211  40.349 0.0000000000
104369  -49.774  13.781  39.146 0.0000000000
104355  -48.953  13.589  39.455 0.0000000000
104368  -48.879  13.973  38.591 0.0000000000
105298  -48.894  14.253  36.511 0.0000000000
115760  -31.553  27.654  26.367 0.0000000000
117156  -30.775  29.985  22.872 0.0000000000
137847  -31.060  29.368  23.260 0.0000000000
117157  -31.603  29.883  22.676 0.0000000000
116511  -32.994  28.866  23.009 0.0000000000
116494  -34.493  28.273  23.339 0.0000000000
115803  -35.147  27.706  23.737 0.0000000000
116513  -34.743  28.968  22.809 0.0000000000
116515  -36.340  29.481  22.669 0.0000000000
117162  -37.074  30.020  22.538 0.0000000000
119275  -40.479  34.304  20.989 0.0000000000
139076  -39.367  32.391  21.666 0.0000000000
118766  -40.218  32.677  21.450 0.0000000000
118283  -40.801  31.433  20.846 0.0000000000
141032  -41.661  29.793  20.149 0.0000000000
116540  -41.433  28.388  19.600 0.0000000000
117760  -41.759  30.034  19.305 0.0000000000
117189  -41.535  29.432  18.502 0.0000000000
117201  -41.590  29.563  17.561 0.0000000000
118319  -43.352  31.029  14.200 0.0000000000
117798  -42.439  30.093  14.645 0.0000000000
117250  -42.776  29.294  13.624 0.0000000000
115897  -43.338  27.906  12.841 0.0000000000
115188  -43.577  26.528  12.456 0.0000000000
113689  -43.955  24.686  12.163 0.0000000000
114425  -43.891  25.280  11.675 0.0000000000
113703  -44.180  24.524  11.178 0.0000000000
113714  -44.661  24.096  9.806 0.0000000000
132245  -44.857  23.654  8.383 0.0000000000
114442  -45.230  25.231  9.269 0.0000000000
115214  -45.580  26.082  9.184 0.0000000000
115206  -45.586  26.826  9.170 0.0000000000
103621  -37.936  12.203  35.051 0.0000000000
102831  -37.958  11.892  36.240 0.0000000000
102799  -38.521  11.694  37.557 0.0000000000
154442  -39.694  11.413  38.305 0.0000000000
102754  -42.451  11.446  40.396 0.0000000000
102786  -42.362  11.764  38.478 0.0000000000
102804  -42.898  11.927  37.688 0.0000000000
141892  -43.718  12.336  37.145 0.0000000000
105357  -44.575  14.393  31.165 0.0000000000
138796  -44.389  13.742  32.366 0.0000000000
105341  -45.723  14.188  31.882 0.0000000000
104447  -45.969  13.963  32.675 0.0000000000
105330  -46.792  14.018  32.964 0.0000000000
104434  -47.580  14.075  33.467 0.0000000000
105343  -47.641  14.398  32.450 0.0000000000
106301  -48.670  15.594  30.335 0.0000000000
107177  -49.902  16.093  29.774 0.0000000000
113535  -50.074  24.903  29.909 0.0000000000
112816  -48.842  23.674  27.721 0.0000000000
112819  -48.516  23.625  26.736 0.0000000000
115083  -49.128  29.191  22.069 0.0000000000
115811  -48.478  29.357  23.056 0.0000000000
114326  -47.470  26.682  22.941 0.0000000000
114324  -47.387  25.957  23.744 0.0000000000
113584  -47.918  25.072  23.803 0.0000000000
155394  -51.474  21.111  21.226 0.0000000000
111288  -52.221  22.141  22.099 0.0000000000
111311  -51.358  21.478  21.927 0.0000000000
139694  -50.319  21.605  22.404 0.0000000000
112096  -49.416  21.962  22.755 0.0000000000
112083  -47.806  22.363  23.431 0.0000000000
112095  -48.227  22.114  22.723 0.0000000000
111284  -46.700  21.516  22.387 0.0000000000
110462  -45.686  20.459  22.668 0.0000000000
108908  -45.568  18.883  23.457 0.0000000000
108915  -45.987  19.057  22.767 0.0000000000
108139  -46.861  17.788  22.747 0.0000000000
133611  -47.447  17.220  22.959 0.0000000000
106387  -51.392  15.833  20.959 0.0000000000
106375  -51.260  16.070  22.009 0.0000000000
106376  -52.287  15.933  22.302 0.0000000000
107310  -51.990  16.199  23.238 0.0000000000
156560  -51.905  16.530  24.909 0.0000000000
107265  -52.558  16.677  25.622 0.0000000000
107284  -52.882  16.565  24.701 0.0000000000
130940  -54.557  16.972  24.831 0.0000000000
107267  -55.024  16.870  25.645 0.0000000000
106355  -55.165  16.811  26.029 0.0000000000
106363  -54.894  15.955  24.616 0.0000000000
105447  -54.545  15.332  24.316 0.0000000000
104537  -53.680  14.384  23.752 0.0000000000
104593  -51.022  13.670  20.720 0.0000000000
104578  -50.747  13.689  21.615 0.0000000000
131444  -49.996  13.819  21.874 0.0000000000
104565  -49.567  13.851  22.524 0.0000000000
104552  -48.898  13.888  23.322 0.0000000000
104532  -48.626  13.961  24.257 0.0000000000
150901  -47.950  13.956  22.869 0.0000000000
104551  -47.562  13.907  23.427 0.0000000000
105457  -47.000  14.070  23.077 0.0000000000
107389  -47.774  15.367  14.313 0.0000000000
105581  -47.447  14.965  14.334 0.0000000000
105580  -46.798  14.818  14.734 0.0000000000
105570  -46.002  14.601  14.959 0.0000000000
105546  -45.693  14.072  16.139 0.0000000000
105526  -42.667  13.678  17.835 0.0000000000
105527  -43.667  13.954  17.493 0.0000000000
105496  -43.277  14.603  20.053 0.0000000000
134277  -43.921  14.586  21.814 0.0000000000
105481  -43.067  14.633  21.269 0.0000000000
136197  -42.515  14.434  22.070 0.0000000000
104563  -42.272  14.049  23.460 0.0000000000
139595  -42.253  13.703  24.129 0.0000000000
104562  -41.432  14.066  23.033 0.0000000000
104544  -40.750  13.756  23.500 0.0000000000
104382  -52.220  13.573  37.605 0.0000000000
113682  -46.356  24.471  13.437 0.0000000000
113670  -47.034  25.092  13.912 0.0000000000
113683  -47.524  24.785  13.089 0.0000000000
141901  -49.093  24.806  11.912 0.0000000000
113706  -49.863  24.589  11.652 0.0000000000
112970  -49.141  22.532  10.211 0.0000000000
112959  -49.590  23.681  11.307 0.0000000000
112945  -50.045  24.075  12.025 0.0000000000
112934  -49.979  24.418  12.783 0.0000000000
112911  -48.609  24.229  15.104 0.0000000000
142893  -48.179  23.524  16.222 0.0000000000
112910  -47.874  23.717  15.727 0.0000000000
112920  -46.984  23.277  15.490 0.0000000000
112197  -46.311  23.038  15.985 0.0000000000
112220  -46.678  22.479  13.793 0.0000000000
133091  -46.154  22.659  14.375 0.0000000000
100265  -48.049  9.057  46.987 0.0000000000
101105  -47.423  9.471  47.284 0.0000000000
101880  -47.783  10.218  46.331 0.0000000000
101899  -47.435  10.496  45.868 0.0000000000
101878  -45.996  9.880  46.674 0.0000000000
101919  -46.822  10.709  45.049 0.0000000000
102698  -47.556  10.931  44.415 0.0000000000
102712  -47.082  11.308  43.632 0.0000000000
103522  -47.047  11.826  42.017 0.0000000000
140019  -46.926  12.007  41.026 0.0000000000
117729  -29.413  31.115  22.827 0.0000000000
117742  -30.657  31.059  22.087 0.0000000000
117744  -32.158  31.231  21.546 0.0000000000
118279  -33.377  31.920  20.949 0.0000000000
118291  -43.508  32.269  19.938 0.0000000000
118309  -43.882  32.079  15.611 0.0000000000
136404  -44.276  31.872  14.733 0.0000000000
117807  -44.236  30.971  13.411 0.0000000000
117819  -44.781  30.699  12.839 0.0000000000
117261  -45.038  30.280  12.128 0.0000000000
117808  -45.512  31.339  13.460 0.0000000000
118818  -46.024  32.321  14.278 0.0000000000
105379  -42.957  14.755  30.616 0.0000000000
147212  -43.886  14.530  30.878 0.0000000000
105380  -44.685  14.855  30.518 0.0000000000
106320  -45.705  15.607  29.390 0.0000000000
106331  -46.174  15.827  28.742 0.0000000000
116441  -48.136  29.992  28.083 0.0000000000
115753  -49.495  28.742  27.989 0.0000000000
112864  -49.359  23.120  19.787 0.0000000000
112863  -48.784  23.498  20.570 0.0000000000
112129  -50.135  22.628  19.892 0.0000000000
112131  -52.200  22.221  20.872 0.0000000000
111327  -52.475  22.006  20.887 0.0000000000
109689  -53.747  20.011  18.477 0.0000000000
109681  -53.047  20.435  19.301 0.0000000000
110483  -52.045  20.999  20.841 0.0000000000
110493  -51.643  20.445  20.192 0.0000000000
109678  -49.855  19.812  19.471 0.0000000000
108936  -49.360  19.041  19.178 0.0000000000
108935  -48.624  18.585  19.619 0.0000000000
153565  -49.097  18.272  19.186 0.0000000000
107340  -49.626  16.794  19.276 0.0000000000
107329  -50.369  16.239  19.665 0.0000000000
106419  -50.909  15.915  17.712 0.0000000000
106410  -51.082  15.812  18.824 0.0000000000
106399  -51.230  15.819  19.918 0.0000000000
106401  -53.208  15.228  20.221 0.0000000000
106402  -54.046  14.814  20.586 0.0000000000
105503  -54.434  14.215  20.640 0.0000000000
104583  -54.446  13.834  21.441 0.0000000000
104597  -54.264  13.318  20.332 0.0000000000
143086  -53.620  12.968  19.391 0.0000000000
104609  -52.648  13.169  19.430 0.0000000000
104623  -52.753  13.377  17.667 0.0000000000
150347  -52.223  13.349  18.245 0.0000000000
132726  -51.530  13.499  19.911 0.0000000000
104592  -50.545  13.934  19.847 0.0000000000
105501  -49.340  14.224  20.123 0.0000000000
105514  -48.558  14.447  19.386 0.0000000000
106434  -44.626  14.819  15.142 0.0000000000
106433  -43.427  14.479  15.591 0.0000000000
105554  -42.796  14.061  15.515 0.0000000000
104640  -42.571  13.474  15.718 0.0000000000
104631  -42.053  12.888  16.171 0.0000000000
104621  -41.959  12.673  16.971 0.0000000000
152079  -41.219  12.586  18.046 0.0000000000
104606  -41.161  13.241  19.020 0.0000000000
115071  -43.544  26.749  22.502 0.0000000000
115808  -44.590  27.744  23.799 0.0000000000
115073  -45.433  27.429  22.340 0.0000000000
115819  -46.799  28.342  22.069 0.0000000000
115820  -48.262  29.330  21.932 0.0000000000
115102  -47.143  27.220  19.540 0.0000000000
115824  -48.492  28.958  21.221 0.0000000000
144066  -48.929  29.385  21.996 0.0000000000
115084  -49.197  28.975  21.467 0.0000000000
115093  -49.449  28.131  20.932 0.0000000000
114342  -48.929  25.727  19.750 0.0000000000
136362  -47.923  25.908  14.342 0.0000000000
132721  -48.637  26.592  15.974 0.0000000000
138088  -48.988  26.767  16.743 0.0000000000
115175  -50.506  26.232  14.569 0.0000000000
115153  -50.217  26.612  16.241 0.0000000000
115860  -50.042  27.371  18.221 0.0000000000
143321  -50.303  27.048  18.914 0.0000000000
114343  -49.855  26.583  19.289 0.0000000000
113619  -49.411  25.015  19.125 0.0000000000
112883  -50.212  23.422  18.612 0.0000000000
144411  -52.046  22.399  17.426 0.0000000000
112172  -52.890  21.564  16.842 0.0000000000
146586  -52.477  22.172  16.378 0.0000000000
111386  -52.919  21.611  16.172 0.0000000000
110516  -54.009  20.329  16.447 0.0000000000
109712  -53.962  19.400  15.457 0.0000000000
108969  -53.242  18.248  14.266 0.0000000000
108211  -53.218  17.039  13.682 0.0000000000
106461  -52.280  15.659  13.722 0.0000000000
108209  -51.754  16.929  13.610 0.0000000000
108200  -51.235  17.023  14.133 0.0000000000
108191  -49.762  16.515  14.592 0.0000000000
108962  -50.458  17.986  15.186 0.0000000000
143305  -49.684  17.199  15.182 0.0000000000
107380  -48.998  16.318  14.659 0.0000000000
107379  -48.228  16.136  14.801 0.0000000000
157140  -46.973  15.905  15.502 0.0000000000
107369  -46.490  15.942  15.875 0.0000000000
111369  -48.159  21.229  17.128 0.0000000000
109694  -47.742  19.764  17.139 0.0000000000
140280  -46.819  20.822  17.652 0.0000000000
108947  -47.545  18.775  17.201 0.0000000000
101122  -48.642  9.331  46.202 0.0000000000
101902  -49.494  10.336  44.909 0.0000000000
101922  -49.772  10.705  44.148 0.0000000000
102715  -49.705  11.583  43.756 0.0000000000
102716  -49.937  11.254  43.679 0.0000000000
102732  -50.300  11.261  43.078 0.0000000000
103552  -51.312  12.621  40.266 0.0000000000
143767  -51.932  12.849  39.150 0.0000000000
105270  -51.824  13.541  38.754 0.0000000000
105286  -51.937  14.065  38.072 0.0000000000
105301  -52.155  15.004  36.754 0.0000000000
105268  -50.220  14.101  38.505 0.0000000000
105300  -51.257  15.098  36.662 0.0000000000
106237  -51.980  15.244  36.141 0.0000000000
106260  -52.429  15.235  34.885 0.0000000000
106263  -52.311  15.225  33.946 0.0000000000
106270  -52.221  15.345  32.975 0.0000000000
115773  -31.410  27.483  25.671 0.0000000000
116473  -31.007  28.080  24.410 0.0000000000
115785  -31.498  27.484  24.911 0.0000000000
115042  -32.469  26.457  25.891 0.0000000000
115044  -34.113  25.831  25.602 0.0000000000
114308  -35.600  25.591  25.737 0.0000000000
148766  -36.977  25.366  26.144 0.0000000000
114310  -37.470  25.775  25.748 0.0000000000
115047  -38.151  26.503  25.415 0.0000000000
115775  -39.674  27.770  25.389 0.0000000000
115789  -36.834  27.612  24.123 0.0000000000
115790  -38.311  27.693  24.625 0.0000000000
116460  -39.914  28.812  25.145 0.0000000000
116477  -40.295  29.262  24.861 0.0000000000
117139  -41.402  29.380  24.810 0.0000000000
154921  -41.594  28.482  23.782 0.0000000000
118270  -34.863  31.658  21.416 0.0000000000
118271  -35.766  31.799  21.391 0.0000000000
118260  -36.995  31.510  21.986 0.0000000000
142093  -37.974  30.988  22.503 0.0000000000
118275  -38.950  31.797  22.042 0.0000000000
118263  -38.868  31.118  22.407 0.0000000000
117739  -39.109  30.523  22.700 0.0000000000
117164  -40.106  29.593  22.772 0.0000000000
139328  -41.415  28.231  23.231 0.0000000000
115066  -42.817  27.157  23.229 0.0000000000
115079  -43.197  26.541  21.735 0.0000000000
115088  -43.270  26.505  20.272 0.0000000000
132745  -43.894  26.487  19.699 0.0000000000
115840  -41.733  27.669  18.979 0.0000000000
115115  -43.016  26.759  18.479 0.0000000000
115116  -43.777  26.608  17.987 0.0000000000
149882  -44.365  26.544  16.918 0.0000000000
115148  -44.642  26.437  16.330 0.0000000000
114384  -44.854  25.717  15.200 0.0000000000
142167  -42.836  31.569  18.890 0.0000000000
117774  -41.742  30.343  17.113 0.0000000000
116575  -42.185  28.641  15.763 0.0000000000
117228  -42.220  29.247  15.170 0.0000000000
116581  -42.529  28.335  14.972 0.0000000000
115874  -42.576  27.855  15.771 0.0000000000
115160  -43.711  26.547  15.312 0.0000000000
114395  -44.475  25.401  14.515 0.0000000000
113669  -45.831  24.817  14.126 0.0000000000
112930  -45.720  23.868  12.977 0.0000000000
150042  -46.212  23.528  12.356 0.0000000000
112956  -46.041  22.887  11.637 0.0000000000
148861  -44.536  23.387  11.536 0.0000000000
112238  -45.404  22.265  10.882 0.0000000000
112251  -46.169  21.314  10.060 0.0000000000
147788  -46.759  19.953  9.632 0.0000000000
112978  -44.619  23.113  8.044 0.0000000000
112276  -44.111  22.494  7.662 0.0000000000
117270  -45.298  29.672  11.443 0.0000000000
116617  -45.484  29.111  10.776 0.0000000000
116627  -45.660  28.572  10.152 0.0000000000
101950  -44.179  10.983  43.028 0.0000000000
102755  -43.382  11.566  40.510 0.0000000000
102741  -43.777  11.380  41.232 0.0000000000
102727  -44.786  11.300  42.370 0.0000000000
103547  -45.308  11.673  40.927 0.0000000000
149545  -46.152  11.895  40.385 0.0000000000
103562  -46.568  12.400  39.717 0.0000000000
103625  -42.277  12.647  35.238 0.0000000000
103626  -43.248  12.667  35.551 0.0000000000
103627  -44.034  12.813  35.833 0.0000000000
130919  -44.155  13.268  34.043 0.0000000000
104407  -44.665  13.084  35.336 0.0000000000
103610  -45.013  12.776  36.889 0.0000000000
103593  -45.209  12.637  37.682 0.0000000000
103594  -45.926  12.827  38.092 0.0000000000
151006  -46.606  12.902  38.426 0.0000000000
104380  -47.517  13.567  37.495 0.0000000000
104396  -48.121  14.048  36.977 0.0000000000
105311  -48.851  14.276  35.594 0.0000000000
147660  -48.426  14.227  33.721 0.0000000000
143129  -49.112  14.466  33.850 0.0000000000
105324  -49.729  14.731  34.310 0.0000000000
105346  -50.449  14.956  33.006 0.0000000000
132028  -52.097  15.666  32.069 0.0000000000
106280  -52.785  16.076  31.592 0.0000000000
153675  -43.889  22.052  27.756 0.0000000000
111231  -42.633  21.130  26.534 0.0000000000
151285  -42.197  20.149  26.344 0.0000000000
116481  -45.983  29.363  24.487 0.0000000000
117131  -47.166  31.000  25.519 0.0000000000
131093  -47.698  29.665  23.303 0.0000000000
116465  -47.497  29.690  25.628 0.0000000000
139326  -47.617  30.360  26.338 0.0000000000
116450  -47.947  29.251  26.672 0.0000000000
115767  -49.411  28.038  27.628 0.0000000000
137453  -49.907  26.933  27.607 0.0000000000
112848  -48.667  23.665  21.579 0.0000000000
113596  -49.200  24.081  23.043 0.0000000000
131614  -49.158  24.524  23.822 0.0000000000
112841  -51.796  23.090  22.817 0.0000000000
132881  -51.101  24.068  24.095 0.0000000000
154177  -49.881  25.060  25.056 0.0000000000
140091  -49.967  25.476  25.772 0.0000000000
114303  -50.769  25.204  26.331 0.0000000000
114289  -50.903  25.323  27.249 0.0000000000
112817  -50.458  24.204  27.102 0.0000000000
112820  -49.362  23.534  26.232 0.0000000000
135433  -47.178  23.327  26.173 0.0000000000
112075  -47.192  22.686  24.170 0.0000000000
112069  -46.945  23.115  25.257 0.0000000000
112068  -45.830  22.953  25.590 0.0000000000
111238  -44.287  22.072  25.203 0.0000000000
110429  -43.273  20.558  25.318 0.0000000000
109631  -42.820  19.792  25.690 0.0000000000
108890  -43.131  18.872  25.622 0.0000000000
108880  -43.425  18.036  26.069 0.0000000000
108085  -43.930  17.346  26.674 0.0000000000
135099  -45.347  18.463  24.241 0.0000000000
108111  -45.045  17.726  25.656 0.0000000000
107242  -44.684  16.875  26.966 0.0000000000
147631  -45.717  16.424  27.597 0.0000000000
143654  -46.934  16.481  26.979 0.0000000000
150090  -47.812  16.198  27.894 0.0000000000
137869  -48.218  17.278  21.033 0.0000000000
108147  -48.079  16.994  21.805 0.0000000000
107293  -48.509  16.658  23.480 0.0000000000
107309  -50.288  16.214  22.171 0.0000000000
107294  -49.298  16.504  23.815 0.0000000000
107280  -48.385  16.667  24.321 0.0000000000
138946  -48.221  16.593  25.962 0.0000000000
107246  -48.172  16.514  26.744 0.0000000000
155067  -47.947  15.968  28.483 0.0000000000
107218  -49.262  16.316  28.620 0.0000000000
132081  -50.028  16.350  29.076 0.0000000000
137421  -50.973  16.598  28.879 0.0000000000
141468  -51.795  16.739  27.440 0.0000000000
107220  -51.840  16.762  28.644 0.0000000000
107179  -51.265  16.499  30.114 0.0000000000
151024  -51.992  16.534  30.293 0.0000000000
107180  -53.028  16.730  30.152 0.0000000000
107181  -54.084  16.570  30.327 0.0000000000
151588  -54.712  16.548  29.677 0.0000000000
106334  -54.996  16.138  28.154 0.0000000000
106333  -54.862  15.765  27.960 0.0000000000
106346  -54.950  15.915  26.592 0.0000000000
106337  -54.771  15.661  27.231 0.0000000000
105412  -54.039  15.101  27.494 0.0000000000
105411  -52.797  14.561  27.247 0.0000000000
105422  -51.762  14.240  26.717 0.0000000000
104569  -54.073  13.760  22.135 0.0000000000
148253  -53.620  14.110  22.936 0.0000000000
104555  -52.911  13.978  23.390 0.0000000000
104567  -51.624  13.570  22.195 0.0000000000
130582  -51.948  13.926  23.868 0.0000000000
105444  -52.256  14.151  24.787 0.0000000000
104519  -51.242  14.157  25.182 0.0000000000
104518  -50.897  14.077  25.993 0.0000000000
104499  -50.001  13.996  26.513 0.0000000000
132179  -49.132  13.824  26.207 0.0000000000
104497  -48.525  13.480  26.832 0.0000000000
104531  -47.810  13.759  24.540 0.0000000000
104515  -47.581  13.548  25.277 0.0000000000
105590  -51.681  15.010  14.144 0.0000000000
105574  -50.838  14.240  14.950 0.0000000000
105561  -49.688  14.351  15.970 0.0000000000
105572  -47.868  14.685  14.475 0.0000000000
105560  -48.720  14.484  16.271 0.0000000000
105549  -49.647  14.392  17.049 0.0000000000
105531  -48.641  14.540  18.381 0.0000000000
105530  -47.710  14.611  18.614 0.0000000000
105513  -47.627  14.552  19.583 0.0000000000
105556  -44.779  14.321  15.110 0.0000000000
105528  -44.567  14.230  17.748 0.0000000000
131202  -46.222  14.364  17.540 0.0000000000
131204  -46.006  14.443  18.584 0.0000000000
131470  -46.649  14.572  19.763 0.0000000000
105499  -47.530  14.484  20.538 0.0000000000
152908  -46.862  14.430  21.659 0.0000000000
105470  -46.524  14.314  22.252 0.0000000000
105456  -46.036  14.204  22.918 0.0000000000
105468  -44.277  14.389  22.574 0.0000000000
147830  -44.642  14.079  23.330 0.0000000000
144602  -44.925  13.778  23.914 0.0000000000
101123  -49.139  9.923  45.529 0.0000000000
101132  -49.530  9.686  45.165 0.0000000000
101848  -45.883  9.676  47.686 0.0000000000
101860  -46.382  9.732  47.105 0.0000000000
101861  -47.221  9.838  46.905 0.0000000000
101881  -48.512  10.139  45.976 0.0000000000
101898  -46.450  10.368  45.859 0.0000000000
101920  -47.967  10.637  45.171 0.0000000000
101936  -50.061  10.324  43.759 0.0000000000
101937  -50.238  10.722  43.430 0.0000000000
102685  -48.756  10.736  45.111 0.0000000000
102701  -49.526  11.261  44.146 0.0000000000
102714  -49.310  11.538  44.030 0.0000000000
102742  -44.590  11.474  41.481 0.0000000000
102743  -45.398  11.598  41.831 0.0000000000
102744  -46.110  11.657  42.140 0.0000000000
102746  -50.978  12.099  40.888 0.0000000000
102768  -42.371  11.631  39.384 0.0000000000
102784  -39.985  11.371  38.927 0.0000000000
102787  -43.128  11.808  38.660 0.0000000000
102800  -39.132  11.435  37.974 0.0000000000
102801  -39.689  11.445  37.650 0.0000000000
102803  -41.781  11.816  37.897 0.0000000000
102818  -38.167  11.831  36.871 0.0000000000
102820  -40.165  11.798  36.476 0.0000000000
102832  -38.186  11.867  35.641 0.0000000000
102833  -38.941  11.719  35.652 0.0000000000
102835  -40.710  12.158  35.883 0.0000000000
103507  -49.647  11.870  43.400 0.0000000000
103508  -49.972  11.681  43.303 0.0000000000
103537  -47.807  12.264  41.480 0.0000000000
103540  -50.396  12.140  41.989 0.0000000000
103550  -49.672  12.854  41.166 0.0000000000
103561  -45.311  12.092  39.125 0.0000000000
103564  -51.704  12.722  39.668 0.0000000000
103576  -43.882  11.881  38.999 0.0000000000
103577  -44.630  12.059  38.654 0.0000000000
103579  -46.066  12.590  38.949 0.0000000000
103590  -43.012  12.172  36.818 0.0000000000
103608  -43.524  12.499  36.351 0.0000000000
103609  -44.212  12.674  36.654 0.0000000000
103632  -38.117  12.477  34.379 0.0000000000
103636  -43.043  12.847  34.844 0.0000000000
103765  -54.064  13.170  19.644 0.0000000000
103772  -54.134  13.187  19.167 0.0000000000
104353  -47.167  12.795  39.114 0.0000000000
104354  -48.141  12.986  39.687 0.0000000000
104356  -51.418  13.296  39.735 0.0000000000
104357  -51.834  13.115  39.274 0.0000000000
104366  -47.339  13.164  38.275 0.0000000000
104370  -52.128  13.213  38.530 0.0000000000
104378  -45.887  13.076  37.172 0.0000000000
104379  -46.654  13.159  37.729 0.0000000000
104381  -48.414  14.008  37.754 0.0000000000
104392  -44.793  12.898  36.111 0.0000000000
104393  -45.543  13.156  36.332 0.0000000000
104417  -42.460  12.951  34.363 0.0000000000
104419  -45.002  13.432  34.007 0.0000000000
104420  -46.399  13.635  34.711 0.0000000000
104429  -42.658  13.236  33.591 0.0000000000
104431  -44.546  13.529  33.181 0.0000000000
104432  -45.866  13.567  34.004 0.0000000000
104446  -45.157  13.857  32.512 0.0000000000
104536  -52.839  14.129  24.108 0.0000000000
104545  -41.605  13.790  23.871 0.0000000000
104549  -45.462  13.970  23.507 0.0000000000
104568  -53.169  13.726  22.570 0.0000000000
104570  -54.423  14.110  22.080 0.0000000000
104579  -51.569  13.500  21.317 0.0000000000
104581  -54.237  13.361  21.302 0.0000000000
104582  -54.376  13.402  21.000 0.0000000000
104596  -54.037  13.090  20.032 0.0000000000
104598  -54.416  13.607  20.832 0.0000000000
104608  -51.676  13.542  18.984 0.0000000000
104612  -54.204  13.331  19.780 0.0000000000
104613  -54.312  13.478  20.245 0.0000000000
104625  -53.884  13.146  18.601 0.0000000000
104633  -51.781  13.698  16.246 0.0000000000
104636  -53.477  13.431  18.065 0.0000000000
104643  -52.684  13.636  16.000 0.0000000000
104644  -53.061  13.617  16.574 0.0000000000
105269  -51.404  14.000  38.707 0.0000000000
105283  -49.026  14.248  37.297 0.0000000000
105284  -49.996  14.454  37.693 0.0000000000
105297  -47.833  14.016  36.065 0.0000000000
105322  -47.880  14.028  34.225 0.0000000000
105323  -48.805  14.297  34.561 0.0000000000
105331  -48.943  14.471  33.202 0.0000000000
105333  -50.576  14.942  33.915 0.0000000000
105339  -43.974  14.009  31.622 0.0000000000
105340  -44.879  14.082  31.751 0.0000000000
105342  -46.633  14.270  32.092 0.0000000000
105344  -48.636  14.650  32.489 0.0000000000
105345  -49.517  14.818  32.681 0.0000000000
105358  -45.392  14.587  31.111 0.0000000000
105363  -55.463  14.915  30.465 0.0000000000
105382  -46.116  15.016  30.672 0.0000000000
105403  -53.301  14.679  28.841 0.0000000000
105410  -51.792  14.383  27.702 0.0000000000
105423  -53.694  14.867  26.030 0.0000000000
105446  -54.171  14.852  24.481 0.0000000000
105453  -43.015  14.049  23.453 0.0000000000
105458  -54.390  14.816  23.701 0.0000000000
105459  -54.538  14.754  22.884 0.0000000000
105460  -54.648  15.272  23.002 0.0000000000
105469  -45.719  14.401  22.075 0.0000000000
105482  -44.074  14.663  20.919 0.0000000000
105484  -46.210  14.506  21.459 0.0000000000
105486  -48.182  14.260  21.160 0.0000000000
105488  -54.530  14.284  21.376 0.0000000000
105502  -54.374  14.240  20.090 0.0000000000
105518  -54.154  13.855  18.696 0.0000000000
105519  -54.330  13.658  19.624 0.0000000000
105534  -53.686  13.999  17.864 0.0000000000
105536  -54.194  13.464  18.868 0.0000000000
105548  -48.704  14.575  17.355 0.0000000000
105555  -43.407  13.859  15.415 0.0000000000
105559  -47.073  14.430  16.049 0.0000000000
105568  -44.826  14.608  15.039 0.0000000000
105571  -46.752  14.542  15.082 0.0000000000
105582  -48.044  14.930  14.032 0.0000000000
105584  -51.155  14.542  14.561 0.0000000000
105585  -52.102  14.415  14.558 0.0000000000
106249  -52.729  15.076  35.153 0.0000000000
106259  -51.760  15.258  35.322 0.0000000000
106265  -53.512  15.271  32.935 0.0000000000
106269  -50.203  15.216  32.139 0.0000000000
106272  -53.839  15.694  32.197 0.0000000000
106283  -55.045  15.555  30.691 0.0000000000
106296  -44.451  15.305  29.822 0.0000000000
106297  -45.227  15.308  29.949 0.0000000000
106299  -46.896  15.502  29.814 0.0000000000
106300  -47.787  15.522  30.066 0.0000000000
106302  -49.663  15.769  30.491 0.0000000000
106303  -50.479  15.864  30.844 0.0000000000
106321  -46.343  15.597  29.397 0.0000000000
106324  -49.202  15.869  29.881 0.0000000000
106329  -44.747  15.881  28.722 0.0000000000
106330  -45.414  15.797  28.875 0.0000000000
106332  -47.124  15.889  28.383 0.0000000000
106345  -54.277  15.275  26.671 0.0000000000
106347  -55.155  16.540  26.631 0.0000000000
106369  -54.786  15.919  23.692 0.0000000000
106378  -54.486  15.465  22.003 0.0000000000
106379  -54.527  15.592  22.599 0.0000000000
106388  -51.955  15.849  21.563 0.0000000000
106391  -54.691  15.113  21.791 0.0000000000
106392  -54.748  15.090  22.084 0.0000000000
106400  -52.211  15.560  20.070 0.0000000000
106403  -54.476  14.609  21.073 0.0000000000
106412  -53.101  15.019  19.278 0.0000000000
106413  -53.949  14.472  19.495 0.0000000000
106428  -44.141  14.977  15.654 0.0000000000
106438  -53.096  14.297  16.305 0.0000000000
106442  -47.179  15.022  14.428 0.0000000000
106444  -53.077  15.539  14.946 0.0000000000
106450  -47.819  15.027  14.064 0.0000000000
106451  -48.440  15.093  14.050 0.0000000000
106452  -49.370  15.206  14.232 0.0000000000
106453  -50.544  15.153  14.296 0.0000000000
106463  -53.436  16.199  14.121 0.0000000000
107170  -52.416  16.377  30.871 0.0000000000
107171  -53.384  16.435  30.978 0.0000000000
107172  -54.096  16.330  30.956 0.0000000000
107197  -43.415  15.810  29.184 0.0000000000
107198  -48.525  16.033  28.889 0.0000000000
107199  -49.235  16.098  29.296 0.0000000000
107200  -50.747  16.464  29.639 0.0000000000
107201  -51.969  16.714  29.482 0.0000000000
107202  -53.289  17.050  29.283 0.0000000000
107211  -41.402  17.076  28.398 0.0000000000
107214  -44.486  16.278  28.126 0.0000000000
107216  -46.307  16.159  27.976 0.0000000000
107217  -48.543  16.265  28.231 0.0000000000
107219  -50.142  16.521  28.212 0.0000000000
107222  -55.077  16.333  28.558 0.0000000000
107224  -42.097  17.082  28.191 0.0000000000
107225  -42.938  16.865  28.034 0.0000000000
107228  -46.318  16.493  27.260 0.0000000000
107229  -47.645  16.415  27.195 0.0000000000
107230  -48.578  16.451  27.455 0.0000000000
107232  -50.689  16.621  27.449 0.0000000000
107234  -52.303  16.928  28.068 0.0000000000
107243  -45.521  16.775  26.879 0.0000000000
107244  -46.393  16.808  26.448 0.0000000000
107249  -52.541  16.842  26.678 0.0000000000
107251  -55.164  17.006  26.396 0.0000000000
107252  -55.197  16.874  26.673 0.0000000000
107261  -47.850  16.731  25.110 0.0000000000
107262  -48.684  16.584  25.209 0.0000000000
107263  -49.490  16.527  25.280 0.0000000000
107266  -54.605  17.088  25.610 0.0000000000
107268  -54.740  16.569  24.849 0.0000000000
107282  -50.977  16.461  24.569 0.0000000000
107283  -51.969  16.427  24.173 0.0000000000
107285  -54.583  16.410  24.193 0.0000000000
107292  -47.809  16.900  23.569 0.0000000000
107299  -54.752  16.019  23.383 0.0000000000
107300  -54.777  15.969  23.277 0.0000000000
107306  -48.104  16.833  22.746 0.0000000000
107307  -48.655  16.654  22.200 0.0000000000
107311  -53.232  16.017  22.956 0.0000000000
107328  -48.631  17.097  20.362 0.0000000000
107350  -50.445  16.936  17.792 0.0000000000
107360  -51.039  16.515  16.973 0.0000000000
107378  -47.471  15.806  15.079 0.0000000000
107381  -53.488  16.584  14.892 0.0000000000
107382  -53.780  16.950  15.032 0.0000000000
107383  -53.819  17.433  14.658 0.0000000000
107391  -49.299  15.657  14.320 0.0000000000
107392  -50.406  16.344  14.315 0.0000000000
107393  -53.665  16.859  14.267 0.0000000000
107402  -51.195  16.350  13.925 0.0000000000
107403  -51.931  16.385  13.527 0.0000000000
107404  -52.799  16.394  13.600 0.0000000000
107405  -53.440  16.546  13.886 0.0000000000
108063  -54.219  17.116  28.894 0.0000000000
108064  -54.808  16.927  28.281 0.0000000000
108079  -54.193  17.233  28.361 0.0000000000
108082  -41.794  18.103  27.156 0.0000000000
108088  -55.028  16.987  27.535 0.0000000000
108089  -55.172  17.004  26.977 0.0000000000
108097  -42.350  18.038  26.830 0.0000000000
108098  -42.978  17.691  26.712 0.0000000000
108099  -44.859  17.296  26.347 0.0000000000
108100  -45.650  17.244  26.087 0.0000000000
108102  -53.892  17.357  27.015 0.0000000000
108110  -44.234  17.796  25.881 0.0000000000
108112  -45.717  17.609  25.409 0.0000000000
108113  -46.344  17.367  25.196 0.0000000000
108123  -46.570  17.472  24.311 0.0000000000
108131  -47.081  17.333  23.554 0.0000000000
108140  -47.530  17.443  22.261 0.0000000000
108154  -48.105  17.971  20.326 0.0000000000
108161  -48.710  17.705  19.677 0.0000000000
108162  -49.257  17.580  19.085 0.0000000000
108170  -50.363  17.917  17.876 0.0000000000
108177  -51.470  17.424  16.598 0.0000000000
108184  -53.697  17.839  15.928 0.0000000000
108185  -54.063  18.020  16.027 0.0000000000
108186  -54.242  18.185  15.804 0.0000000000
108193  -53.792  17.460  15.277 0.0000000000
108210  -52.413  17.053  13.487 0.0000000000
108212  -53.612  17.034  13.986 0.0000000000
108872  -41.445  18.803  27.019 0.0000000000
108879  -42.715  18.411  26.319 0.0000000000
108900  -45.176  18.114  24.969 0.0000000000
108907  -44.953  19.041  23.903 0.0000000000
108909  -46.214  18.360  23.080 0.0000000000
108916  -46.546  18.716  22.203 0.0000000000
108917  -47.134  18.095  21.975 0.0000000000
108930  -48.165  18.904  20.076 0.0000000000
108950  -53.698  18.874  17.036 0.0000000000
108951  -54.270  19.132  17.033 0.0000000000
108957  -54.159  18.524  16.446 0.0000000000
108963  -54.433  18.582  15.896 0.0000000000
108967  -51.256  17.839  14.567 0.0000000000
108970  -53.813  18.094  14.607 0.0000000000
108975  -52.866  17.677  13.791 0.0000000000
108976  -53.412  17.702  13.844 0.0000000000
109639  -44.038  19.547  24.622 0.0000000000
109647  -44.555  19.593  24.059 0.0000000000
109648  -45.014  19.606  23.449 0.0000000000
109657  -45.538  19.659  22.895 0.0000000000
109658  -46.186  19.762  22.277 0.0000000000
109664  -46.816  19.560  21.586 0.0000000000
109677  -48.856  19.634  19.756 0.0000000000
109679  -50.959  19.951  19.439 0.0000000000
109682  -53.186  20.580  19.064 0.0000000000
109687  -50.272  19.283  18.894 0.0000000000
109695  -52.842  19.104  17.662 0.0000000000
109698  -54.417  19.215  16.891 0.0000000000
109704  -54.569  19.065  16.454 0.0000000000
109711  -53.225  19.763  15.115 0.0000000000
109713  -54.540  19.069  15.910 0.0000000000
109719  -53.541  18.879  14.816 0.0000000000
109720  -53.999  18.757  15.206 0.0000000000
110428  -42.758  20.519  25.900 0.0000000000
110442  -43.716  20.217  24.762 0.0000000000
110450  -44.754  20.395  23.673 0.0000000000
110451  -45.332  20.883  23.190 0.0000000000
110463  -46.339  20.758  22.232 0.0000000000
110469  -47.378  20.426  21.306 0.0000000000
110471  -51.900  21.487  21.576 0.0000000000
110472  -52.352  21.704  21.141 0.0000000000
110479  -47.900  20.225  20.746 0.0000000000
110480  -48.817  20.514  20.490 0.0000000000
110482  -51.097  20.683  20.721 0.0000000000
110492  -50.448  20.335  19.937 0.0000000000
110494  -52.581  20.723  20.176 0.0000000000
110495  -53.070  20.942  19.997 0.0000000000
110502  -53.798  20.210  18.305 0.0000000000
110507  -47.284  20.377  17.528 0.0000000000
110509  -54.150  20.184  17.403 0.0000000000
110510  -54.461  19.591  16.920 0.0000000000
110513  -48.551  20.768  16.949 0.0000000000
110514  -49.255  20.625  16.641 0.0000000000
110524  -52.241  20.845  15.477 0.0000000000
110526  -53.659  20.266  15.657 0.0000000000
110566  -48.978  20.597  9.270 0.0000000000
110573  -47.128  19.928  9.839 0.0000000000
110583  -48.126  20.432  9.355 0.0000000000
111220  -42.476  21.373  27.465 0.0000000000
111221  -43.251  21.775  27.204 0.0000000000
111233  -44.133  22.179  26.132 0.0000000000
111236  -43.069  21.119  25.875 0.0000000000
111237  -43.599  21.516  25.548 0.0000000000
111247  -44.622  21.720  24.420 0.0000000000
111248  -45.364  22.103  24.069 0.0000000000
111262  -45.620  21.639  23.342 0.0000000000
111263  -46.330  21.895  22.942 0.0000000000
111264  -50.355  22.004  22.933 0.0000000000
111285  -47.574  21.739  22.137 0.0000000000
111289  -52.383  22.118  21.751 0.0000000000
111307  -47.082  21.050  21.862 0.0000000000
111309  -48.859  21.233  21.324 0.0000000000
111310  -50.020  21.285  21.671 0.0000000000
111313  -52.417  22.041  21.548 0.0000000000
111326  -50.599  21.029  21.173 0.0000000000
111353  -52.385  21.475  18.116 0.0000000000
111354  -52.880  21.156  17.877 0.0000000000
111368  -47.412  21.178  17.333 0.0000000000
111371  -53.378  20.912  16.701 0.0000000000
111397  -53.283  21.062  15.881 0.0000000000
111436  -47.760  20.546  10.674 0.0000000000
111438  -49.276  21.517  9.385 0.0000000000
111448  -49.553  20.945  8.991 0.0000000000
111457  -48.683  20.769  8.773 0.0000000000
111458  -49.402  20.965  8.834 0.0000000000
111459  -49.513  21.234  8.981 0.0000000000
111464  -43.979  21.712  7.755 0.0000000000
112056  -44.819  22.467  26.819 0.0000000000
112058  -46.589  23.154  27.011 0.0000000000
112059  -47.529  23.440  26.876 0.0000000000
112070  -48.918  23.138  24.993 0.0000000000
112071  -49.995  22.887  24.667 0.0000000000
112074  -46.059  22.756  24.585 0.0000000000
112076  -48.083  22.943  24.702 0.0000000000
112084  -48.964  22.295  23.526 0.0000000000
112086  -50.987  22.484  23.430 0.0000000000
112087  -51.670  22.974  23.310 0.0000000000
112094  -47.216  22.095  22.760 0.0000000000
112097  -52.090  22.576  22.096 0.0000000000
112112  -49.926  22.886  20.579 0.0000000000
112130  -50.998  22.476  20.633 0.0000000000
112132  -52.465  21.986  20.837 0.0000000000
112144  -50.010  22.828  19.201 0.0000000000
112145  -50.988  22.139  19.555 0.0000000000
112146  -52.158  21.851  19.985 0.0000000000
112147  -52.547  21.560  20.458 0.0000000000
112159  -50.742  22.716  18.465 0.0000000000
112171  -51.877  23.240  16.952 0.0000000000
112185  -50.161  23.346  16.354 0.0000000000
112187  -51.919  22.984  16.657 0.0000000000
112222  -48.998  22.720  12.457 0.0000000000
112229  -44.923  23.027  11.638 0.0000000000
112230  -48.771  21.930  11.860 0.0000000000
112232  -49.646  23.193  11.548 0.0000000000
112239  -46.631  22.187  10.579 0.0000000000
112252  -48.517  21.530  9.005 0.0000000000
112253  -49.169  21.748  9.351 0.0000000000
112261  -49.227  21.389  8.858 0.0000000000
112268  -44.342  22.407  7.878 0.0000000000
112810  -49.644  24.304  29.306 0.0000000000
112812  -49.092  23.764  28.654 0.0000000000
112813  -49.835  24.138  28.123 0.0000000000
112815  -48.003  23.516  27.478 0.0000000000
112821  -50.335  23.657  26.151 0.0000000000
112823  -51.167  24.062  25.580 0.0000000000
112831  -48.700  23.413  25.821 0.0000000000
112834  -51.102  23.710  24.988 0.0000000000
112835  -51.267  23.985  24.861 0.0000000000
112839  -51.208  23.517  24.283 0.0000000000
112843  -48.613  23.917  22.289 0.0000000000
112845  -51.727  23.237  22.687 0.0000000000
112847  -47.840  24.211  21.784 0.0000000000
112849  -50.051  23.264  21.606 0.0000000000
112875  -48.813  23.958  19.680 0.0000000000
112876  -49.517  23.662  19.107 0.0000000000
112896  -47.323  23.122  16.235 0.0000000000
112897  -48.912  24.166  15.817 0.0000000000
112921  -48.106  23.457  13.959 0.0000000000
112940  -44.190  23.909  11.828 0.0000000000
112941  -44.558  23.608  12.172 0.0000000000
112943  -47.438  23.624  11.712 0.0000000000
112946  -50.080  24.623  11.889 0.0000000000
112969  -48.998  22.579  10.011 0.0000000000
112988  -44.831  23.973  7.820 0.0000000000
113000  -44.554  23.564  7.808 0.0000000000
113517  -50.164  25.477  30.022 0.0000000000
113536  -50.434  25.188  29.511 0.0000000000
113551  -50.313  24.687  28.996 0.0000000000
113554  -35.055  24.956  26.906 0.0000000000
113555  -34.949  25.130  27.707 0.0000000000
113565  -50.895  24.698  27.158 0.0000000000
113571  -50.991  24.588  26.318 0.0000000000
113577  -50.782  24.651  25.254 0.0000000000
113585  -50.364  24.520  24.469 0.0000000000
113589  -47.421  25.293  22.880 0.0000000000
113590  -48.173  24.574  23.248 0.0000000000
113591  -50.439  24.122  23.694 0.0000000000
113592  -51.222  23.749  24.146 0.0000000000
113599  -47.466  24.990  22.055 0.0000000000
113606  -47.690  25.189  21.277 0.0000000000
113628  -50.650  25.335  17.815 0.0000000000
113661  -50.518  25.781  15.145 0.0000000000
113662  -50.635  25.845  15.893 0.0000000000
113673  -50.591  25.997  13.432 0.0000000000
113681  -45.281  24.363  13.519 0.0000000000
113685  -50.482  25.666  13.076 0.0000000000
113691  -48.092  24.467  12.213 0.0000000000
113693  -50.309  25.045  12.491 0.0000000000
113705  -49.654  24.632  11.637 0.0000000000
113737  -45.009  24.401  7.719 0.0000000000
113752  -44.789  24.187  7.766 0.0000000000
114264  -50.552  25.714  29.430 0.0000000000
114277  -50.851  25.931  28.720 0.0000000000
114282  -33.649  25.687  27.091 0.0000000000
114291  -32.866  26.114  26.272 0.0000000000
114292  -33.030  26.083  26.861 0.0000000000
114302  -49.884  26.076  26.761 0.0000000000
114309  -36.420  25.570  25.810 0.0000000000
114311  -38.376  25.949  25.809 0.0000000000
114312  -38.780  26.438  25.653 0.0000000000
114321  -48.924  25.005  24.513 0.0000000000
114351  -50.244  26.091  18.445 0.0000000000
114364  -50.950  25.704  16.599 0.0000000000
114374  -50.610  26.154  16.034 0.0000000000
114383  -44.097  25.968  14.926 0.0000000000
114385  -45.882  25.694  15.313 0.0000000000
114387  -48.299  26.377  15.161 0.0000000000
114388  -50.596  26.146  14.130 0.0000000000
114396  -45.365  25.291  14.675 0.0000000000
114403  -43.751  25.560  13.487 0.0000000000
114404  -44.215  25.039  13.881 0.0000000000
114406  -49.389  25.682  13.029 0.0000000000
114407  -50.543  26.119  13.117 0.0000000000
114408  -50.516  25.868  13.227 0.0000000000
114413  -43.703  25.580  12.518 0.0000000000
114414  -48.662  25.183  12.566 0.0000000000
114415  -50.215  25.364  12.527 0.0000000000
114427  -50.065  25.034  11.903 0.0000000000
114428  -50.209  25.068  12.149 0.0000000000
114433  -45.007  25.839  9.927 0.0000000000
114455  -45.231  25.065  7.860 0.0000000000
115000  -50.471  26.350  29.272 0.0000000000
115012  -50.560  26.643  28.612 0.0000000000
115019  -32.782  26.664  27.239 0.0000000000
115026  -50.428  26.827  28.072 0.0000000000
115031  -31.967  26.979  26.158 0.0000000000
115040  -50.580  26.042  27.453 0.0000000000
115043  -33.206  26.164  25.673 0.0000000000
115046  -36.672  26.227  25.220 0.0000000000
115048  -39.450  26.782  25.747 0.0000000000
115050  -47.851  27.049  26.174 0.0000000000
115055  -32.033  26.977  25.436 0.0000000000
115056  -32.774  26.646  25.190 0.0000000000
115061  -36.761  26.882  24.626 0.0000000000
115062  -38.047  27.061  24.989 0.0000000000
115067  -43.986  27.165  23.192 0.0000000000
115072  -44.449  27.013  22.594 0.0000000000
115074  -48.544  28.736  22.734 0.0000000000
115077  -41.963  27.223  21.071 0.0000000000
115078  -42.279  26.849  21.622 0.0000000000
115087  -42.519  26.745  20.260 0.0000000000
115089  -44.851  26.558  20.130 0.0000000000
115090  -45.938  27.028  20.744 0.0000000000
115091  -47.202  27.700  20.522 0.0000000000
115092  -49.225  28.550  21.627 0.0000000000
115099  -42.944  26.643  19.438 0.0000000000
115104  -49.480  27.190  20.137 0.0000000000
115117  -44.644  26.473  18.361 0.0000000000
115122  -50.444  26.929  18.239 0.0000000000
115134  -43.763  26.678  17.203 0.0000000000
115138  -48.695  27.038  17.582 0.0000000000
115139  -49.775  27.104  17.235 0.0000000000
115140  -50.245  26.942  17.297 0.0000000000
115149  -45.678  26.356  16.525 0.0000000000
115152  -49.702  26.689  16.067 0.0000000000
115154  -50.430  26.505  16.493 0.0000000000
115161  -44.380  26.225  15.605 0.0000000000
115163  -46.334  26.118  15.960 0.0000000000
115165  -49.467  26.570  15.223 0.0000000000
115166  -50.221  26.470  15.023 0.0000000000
115172  -43.580  26.389  14.588 0.0000000000
115173  -49.422  26.388  14.386 0.0000000000
115174  -50.391  26.354  14.313 0.0000000000
115196  -43.923  26.185  11.499 0.0000000000
115226  -45.353  25.892  8.172 0.0000000000
115740  -49.620  27.973  28.410 0.0000000000
115748  -31.812  28.005  26.938 0.0000000000
115749  -32.232  27.277  26.902 0.0000000000
115754  -49.949  27.694  27.981 0.0000000000
115774  -38.799  27.197  25.234 0.0000000000
115777  -41.077  28.983  25.856 0.0000000000
115787  -34.835  27.018  24.276 0.0000000000
115791  -39.156  28.189  24.793 0.0000000000
115794  -45.021  28.369  24.329 0.0000000000
115795  -47.354  28.975  24.857 0.0000000000
115800  -31.840  27.716  24.230 0.0000000000
115804  -36.101  27.979  23.642 0.0000000000
115805  -36.990  28.375  23.614 0.0000000000
115806  -42.020  27.838  23.575 0.0000000000
115810  -47.194  29.402  23.122 0.0000000000
115813  -41.935  27.363  22.629 0.0000000000
115814  -45.103  27.528  23.117 0.0000000000
115815  -46.329  28.382  22.816 0.0000000000
115817  -48.713  29.840  22.488 0.0000000000
115822  -41.658  27.702  20.820 0.0000000000
115823  -41.974  27.166  20.430 0.0000000000
115825  -49.127  28.951  21.148 0.0000000000
115826  -49.233  28.579  20.847 0.0000000000
115830  -48.474  28.390  20.418 0.0000000000
115832  -49.352  28.096  20.091 0.0000000000
115844  -50.323  27.132  18.067 0.0000000000
115857  -41.746  27.983  18.099 0.0000000000
115859  -43.152  27.041  16.775 0.0000000000
115866  -42.714  27.532  16.412 0.0000000000
115889  -43.024  27.717  13.677 0.0000000000
115907  -43.913  27.156  11.701 0.0000000000
115908  -44.538  27.757  11.131 0.0000000000
115917  -45.052  27.456  10.416 0.0000000000
115918  -45.554  27.631  9.791 0.0000000000
116432  -48.661  29.342  28.415 0.0000000000
116433  -49.157  29.129  28.257 0.0000000000
116442  -48.867  29.530  27.911 0.0000000000
116445  -31.302  28.384  26.561 0.0000000000
116451  -48.154  29.892  27.349 0.0000000000
116461  -40.539  29.088  25.384 0.0000000000
116463  -42.211  29.692  25.968 0.0000000000
116474  -37.689  28.033  24.114 0.0000000000
116475  -38.551  28.524  24.192 0.0000000000
116478  -41.972  28.806  24.365 0.0000000000
116479  -42.688  29.412  24.977 0.0000000000
116480  -44.553  29.000  24.890 0.0000000000
116483  -47.262  30.052  24.603 0.0000000000
116491  -31.425  28.372  23.780 0.0000000000
116493  -33.579  28.173  23.432 0.0000000000
116495  -35.391  28.486  23.250 0.0000000000
116499  -39.380  29.579  23.644 0.0000000000
116500  -41.068  29.060  23.994 0.0000000000
116503  -48.735  30.123  22.649 0.0000000000
116512  -33.925  28.857  22.885 0.0000000000
116514  -35.551  29.173  22.739 0.0000000000
116516  -40.720  28.866  23.021 0.0000000000
116517  -41.290  28.186  22.326 0.0000000000
116534  -41.437  28.342  20.486 0.0000000000
116553  -41.595  28.726  17.857 0.0000000000
116565  -41.715  28.840  17.020 0.0000000000
116574  -41.827  28.914  16.336 0.0000000000
116593  -43.039  28.585  13.244 0.0000000000
116605  -43.612  28.867  12.538 0.0000000000
116635  -45.632  28.208  9.581 0.0000000000
117104  -48.552  29.783  28.120 0.0000000000
117126  -41.065  29.339  25.247 0.0000000000
117127  -41.857  29.553  25.399 0.0000000000
117130  -46.725  31.043  25.513 0.0000000000
117132  -47.315  30.630  25.396 0.0000000000
117138  -40.648  29.335  24.538 0.0000000000
117143  -47.124  30.445  24.895 0.0000000000
117146  -29.768  29.686  23.862 0.0000000000
117147  -30.339  29.692  23.372 0.0000000000
117148  -31.907  29.016  23.196 0.0000000000
117151  -38.732  30.011  23.160 0.0000000000
117152  -39.467  29.981  23.055 0.0000000000
117159  -34.188  29.513  22.553 0.0000000000
117161  -35.674  29.885  22.352 0.0000000000
117163  -37.903  30.287  22.792 0.0000000000
117174  -41.251  29.715  20.800 0.0000000000
117182  -41.444  29.208  19.398 0.0000000000
117216  -41.672  29.537  16.646 0.0000000000
117227  -41.859  29.435  15.883 0.0000000000
117239  -42.459  29.184  14.390 0.0000000000
117260  -44.127  29.867  12.501 0.0000000000
117280  -45.854  29.406  10.499 0.0000000000
117712  -46.379  31.428  26.789 0.0000000000
117713  -47.143  31.251  26.772 0.0000000000
117718  -46.015  31.260  26.260 0.0000000000
117720  -47.345  31.068  26.080 0.0000000000
117730  -30.243  30.637  22.631 0.0000000000
117731  -31.112  30.531  22.321 0.0000000000
117734  -34.222  30.268  22.278 0.0000000000
117735  -35.084  30.464  22.116 0.0000000000
117736  -36.662  30.751  22.125 0.0000000000
117737  -37.400  30.857  22.352 0.0000000000
117738  -38.501  30.722  22.648 0.0000000000
117743  -31.330  31.114  21.769 0.0000000000
117745  -33.668  30.915  21.990 0.0000000000
117747  -35.383  31.216  21.748 0.0000000000
117748  -36.225  31.374  21.755 0.0000000000
117749  -39.432  30.933  22.099 0.0000000000
117754  -41.441  30.501  20.528 0.0000000000
117765  -42.170  31.057  17.550 0.0000000000
117806  -42.732  30.012  14.001 0.0000000000
118259  -29.975  31.384  22.246 0.0000000000
118262  -38.342  31.411  22.329 0.0000000000
118266  -30.555  31.675  21.612 0.0000000000
118267  -31.437  31.788  21.205 0.0000000000
118268  -33.061  31.410  21.516 0.0000000000
118272  -36.606  31.951  21.592 0.0000000000
118274  -38.132  32.081  21.989 0.0000000000
118281  -35.233  32.102  20.878 0.0000000000
118284  -41.786  31.231  20.467 0.0000000000
118289  -42.339  31.190  20.112 0.0000000000
118293  -42.825  31.644  17.973 0.0000000000
118297  -42.799  31.692  17.044 0.0000000000
118302  -43.660  32.143  16.571 0.0000000000
118308  -43.196  31.444  15.175 0.0000000000
118333  -45.004  31.490  14.084 0.0000000000
118334  -45.986  31.861  13.951 0.0000000000
118762  -37.070  32.316  21.258 0.0000000000
118764  -38.738  32.652  21.607 0.0000000000
118765  -39.599  33.186  21.521 0.0000000000
118767  -42.100  33.930  21.491 0.0000000000
118768  -42.918  34.078  21.503 0.0000000000
118782  -42.649  33.221  20.994 0.0000000000
118806  -44.482  32.509  17.057 0.0000000000
119265  -40.992  34.361  21.325 0.0000000000
119274  -39.775  33.843  20.763 0.0000000000
119313  -46.403  33.572  15.837 0.0000000000
119741  -42.424  34.831  21.479 0.0000000000
119747  -41.224  34.608  21.160 0.0000000000
130631  -46.898  13.589  36.200 0.0000000000
130663  -46.132  23.030  15.122 0.0000000000
131013  -50.829  14.048  23.986 0.0000000000
131200  -49.924  16.455  24.579 0.0000000000
131410  -44.498  26.509  17.550 0.0000000000
131497  -49.431  21.568  22.047 0.0000000000
131983  -49.855  16.379  22.981 0.0000000000
132124  -30.511  28.886  23.894 0.0000000000
132202  -53.854  16.922  25.217 0.0000000000
132421  -49.806  16.581  26.005 0.0000000000
132571  -53.947  16.676  24.400 0.0000000000
132741  -52.276  14.519  28.528 0.0000000000
132812  -51.652  16.632  26.158 0.0000000000
133129  -50.738  16.586  26.100 0.0000000000
133131  -42.833  26.594  20.953 0.0000000000
133143  -48.512  27.774  22.221 0.0000000000
133452  -47.517  28.249  24.144 0.0000000000
133667  -29.475  29.966  24.425 0.0000000000
133817  -44.176  14.039  15.455 0.0000000000
133850  -46.779  14.579  20.906 0.0000000000
133912  -49.642  23.630  22.384 0.0000000000
133933  -48.689  14.469  15.130 0.0000000000
134132  -48.960  16.550  22.911 0.0000000000
134252  -51.706  14.769  37.382 0.0000000000
134605  -44.739  26.654  20.950 0.0000000000
134812  -52.871  13.225  18.435 0.0000000000
135027  -43.663  16.470  28.108 0.0000000000
135219  -51.238  15.312  32.502 0.0000000000
135542  -47.423  21.608  9.707 0.0000000000
135569  -50.899  26.064  28.040 0.0000000000
135760  -43.689  26.475  21.004 0.0000000000
136423  -43.216  26.968  14.163 0.0000000000
137029  -52.859  14.691  15.575 0.0000000000
137210  -53.815  13.093  20.961 0.0000000000
137314  -49.976  25.711  12.838 0.0000000000
137390  -42.687  26.773  22.380 0.0000000000
137467  -44.479  20.950  24.168 0.0000000000
137612  -44.417  21.525  8.262 0.0000000000
137877  -50.994  23.496  22.585 0.0000000000
137991  -34.943  25.387  26.029 0.0000000000
138086  -49.556  23.823  26.999 0.0000000000
138205  -40.324  29.647  21.847 0.0000000000
138503  -47.934  23.514  26.203 0.0000000000
138971  -43.802  26.550  18.854 0.0000000000
139170  -49.090  16.549  26.614 0.0000000000
139187  -41.152  33.484  21.331 0.0000000000
139673  -52.498  21.505  20.494 0.0000000000
139731  -38.556  11.656  36.412 0.0000000000
139827  -45.023  14.987  14.936 0.0000000000
140516  -48.918  8.619  46.009 0.0000000000
140555  -48.256  14.297  33.050 0.0000000000
140635  -43.498  28.966  24.879 0.0000000000
141104  -50.014  13.510  39.855 0.0000000000
141497  -42.596  27.812  23.959 0.0000000000
141712  -48.919  29.095  27.508 0.0000000000
141989  -48.695  14.715  14.372 0.0000000000
142310  -52.429  15.653  20.916 0.0000000000
142402  -54.801  16.677  29.007 0.0000000000
142581  -50.929  24.095  17.760 0.0000000000
142680  -51.425  23.262  23.580 0.0000000000
142740  -54.914  16.604  25.257 0.0000000000
142852  -44.219  15.649  29.218 0.0000000000
142986  -46.828  19.644  9.935 0.0000000000
144274  -52.425  22.162  21.529 0.0000000000
144599  -43.282  21.797  28.085 0.0000000000
145027  -46.425  26.621  18.185 0.0000000000
145227  -42.709  14.282  22.881 0.0000000000
145451  -47.683  23.579  14.829 0.0000000000
145580  -42.447  19.227  26.210 0.0000000000
145672  -49.207  16.453  27.994 0.0000000000
145774  -48.782  18.972  16.427 0.0000000000
145954  -54.348  13.650  21.501 0.0000000000
146529  -39.033  11.441  37.142 0.0000000000
146879  -42.096  30.110  15.399 0.0000000000
146929  -52.458  13.833  15.466 0.0000000000
147191  -55.095  16.053  25.936 0.0000000000
147399  -47.029  16.225  27.610 0.0000000000
147503  -43.781  18.342  25.527 0.0000000000
147703  -41.841  34.716  21.342 0.0000000000
147768  -53.809  17.606  14.523 0.0000000000
148329  -35.046  25.939  25.367 0.0000000000
148604  -52.560  19.898  19.045 0.0000000000
148639  -52.683  14.628  14.787 0.0000000000
148673  -33.112  27.006  24.549 0.0000000000
148874  -37.443  26.620  25.078 0.0000000000
149043  -32.301  27.168  24.731 0.0000000000
149203  -50.701  22.768  24.123 0.0000000000
149347  -50.616  16.071  21.445 0.0000000000
149457  -43.750  15.422  29.654 0.0000000000
149571  -45.570  27.483  9.188 0.0000000000
149753  -45.521  32.609  15.753 0.0000000000
149864  -50.272  25.979  29.848 0.0000000000
149936  -51.806  22.692  22.696 0.0000000000
150403  -42.850  27.565  15.201 0.0000000000
150922  -42.044  13.378  33.202 0.0000000000
151122  -50.943  23.767  25.637 0.0000000000
151305  -48.979  11.342  44.392 0.0000000000
151368  -52.397  20.964  20.532 0.0000000000
151449  -48.141  30.177  27.957 0.0000000000
151471  -43.480  26.121  13.145 0.0000000000
151826  -50.090  27.399  18.834 0.0000000000
151930  -36.325  30.112  22.317 0.0000000000
152433  -54.721  16.367  24.489 0.0000000000
152441  -51.893  18.402  14.386 0.0000000000
152471  -51.302  23.568  23.380 0.0000000000
152500  -33.832  29.866  22.423 0.0000000000
152580  -33.235  26.837  27.721 0.0000000000
152676  -43.337  32.004  19.338 0.0000000000
152820  -49.560  27.691  19.594 0.0000000000
152872  -43.075  11.694  39.895 0.0000000000
152962  -48.227  22.262  12.676 0.0000000000
152963  -37.546  29.764  22.929 0.0000000000
153030  -29.248  30.419  23.902 0.0000000000
153099  -42.384  27.055  18.933 0.0000000000
153103  -48.856  25.616  25.226 0.0000000000
153165  -42.620  30.753  15.006 0.0000000000
153347  -41.323  28.975  20.908 0.0000000000
153448  -44.611  13.239  34.647 0.0000000000
153513  -52.687  15.706  21.589 0.0000000000
153550  -41.882  14.316  21.852 0.0000000000
154130  -51.146  24.254  25.007 0.0000000000
154203  -31.203  28.876  23.519 0.0000000000
154510  -42.338  31.091  18.382 0.0000000000
154736  -48.747  24.722  19.688 0.0000000000
154745  -46.885  12.290  40.353 0.0000000000
154759  -50.602  14.116  25.357 0.0000000000
155115  -40.703  29.902  21.284 0.0000000000
155183  -49.296  17.568  15.634 0.0000000000
155303  -52.071  21.794  22.046 0.0000000000
155490  -52.629  13.493  22.218 0.0000000000
155564  -50.888  13.402  40.070 0.0000000000
156195  -51.574  16.110  22.633 0.0000000000
156276  -43.470  16.782  27.749 0.0000000000
156393  -53.892  12.847  18.750 0.0000000000
156451  -44.555  26.257  10.601 0.0000000000
156547  -44.033  13.541  32.811 0.0000000000
156731  -50.383  14.104  18.405 0.0000000000
156756  -30.283  30.126  23.049 0.0000000000
156865  -39.700  11.545  36.981 0.0000000000
157138  -47.337  13.973  34.029 0.0000000000
157326  -46.499  15.280  30.322 0.0000000000
157395  -38.581  11.606  36.993 0.0000000000
157479  -42.140  27.775  17.707 0.0000000000
157482  -48.278  22.555  24.079 0.0000000000
157731  -46.671  26.773  18.813 0.0000000000
157784  -46.562  13.638  24.377 0.0000000000
157822  -45.899  12.125  39.574 0.0000000000
