#!ascii label  , from subject sub001 vox2ras=TkReg
1840
62735  -46.244  -29.034  38.680 0.0000000000
141043  -59.411  -15.344  34.495 0.0000000000
70978  -51.114  -22.448  36.891 0.0000000000
34636  -13.096  -55.634  53.648 0.0000000000
59808  -43.462  -32.477  44.243 0.0000000000
131803  -26.277  -48.284  59.690 0.0000000000
49148  -36.905  -42.721  57.372 0.0000000000
54365  -42.263  -38.216  51.875 0.0000000000
56545  -47.230  -36.057  50.272 0.0000000000
43960  -19.609  -47.353  50.522 0.0000000000
45979  -21.639  -46.858  58.569 0.0000000000
46076  -23.287  -45.568  52.370 0.0000000000
151717  -33.163  -43.373  51.698 0.0000000000
53368  -36.241  -39.174  51.083 0.0000000000
64816  -47.265  -28.272  46.321 0.0000000000
63733  -50.740  -28.740  43.997 0.0000000000
72959  -56.546  -19.497  36.904 0.0000000000
68103  -48.064  -24.926  37.153 0.0000000000
79200  -55.156  -13.052  28.784 0.0000000000
28940  -11.864  -60.481  53.601 0.0000000000
61607  -48.360  -31.108  48.236 0.0000000000
62676  -43.656  -29.529  41.595 0.0000000000
46058  -28.833  -45.868  52.761 0.0000000000
44911  -32.507  -46.489  58.928 0.0000000000
69949  -50.109  -22.556  42.716 0.0000000000
83050  -60.421  -9.372  24.944 0.0000000000
136045  -40.205  -37.674  49.835 0.0000000000
55475  -42.469  -36.996  49.155 0.0000000000
46087  -21.244  -45.457  51.778 0.0000000000
53397  -34.025  -38.685  49.139 0.0000000000
54374  -36.836  -37.757  49.745 0.0000000000
135787  -38.960  -38.791  51.889 0.0000000000
63764  -46.358  -29.396  42.868 0.0000000000
64836  -49.048  -28.270  45.695 0.0000000000
63784  -48.473  -29.128  41.340 0.0000000000
74013  -58.757  -18.036  36.200 0.0000000000
75006  -58.615  -17.524  40.558 0.0000000000
79159  -59.802  -13.031  33.653 0.0000000000
34676  -13.085  -56.067  50.774 0.0000000000
32367  -12.247  -57.967  53.935 0.0000000000
57704  -45.377  -34.361  47.517 0.0000000000
58719  -48.281  -33.369  49.420 0.0000000000
59785  -46.268  -32.588  46.091 0.0000000000
61659  -45.847  -30.300  44.921 0.0000000000
61685  -43.657  -30.296  42.554 0.0000000000
44906  -23.145  -46.561  59.663 0.0000000000
45934  -22.151  -46.311  61.958 0.0000000000
44862  -24.640  -46.664  63.450 0.0000000000
153251  -27.279  -47.101  63.339 0.0000000000
137244  -26.936  -45.545  49.562 0.0000000000
46120  -29.114  -45.222  49.295 0.0000000000
48130  -35.351  -43.247  54.853 0.0000000000
47059  -33.245  -45.095  55.159 0.0000000000
141605  -34.675  -44.779  58.036 0.0000000000
46994  -33.062  -44.376  61.861 0.0000000000
40372  -15.400  -50.775  51.649 0.0000000000
40312  -15.558  -50.247  55.557 0.0000000000
39081  -14.349  -51.542  58.792 0.0000000000
70008  -49.347  -23.264  37.177 0.0000000000
69039  -49.754  -24.167  40.253 0.0000000000
70941  -50.385  -22.208  40.361 0.0000000000
83996  -61.748  -8.920  22.775 0.0000000000
32325  -11.613  -57.367  56.853 0.0000000000
55430  -44.072  -36.274  55.155 0.0000000000
56496  -46.540  -35.556  54.383 0.0000000000
54368  -44.809  -37.882  51.562 0.0000000000
55487  -44.605  -35.817  48.431 0.0000000000
139489  -18.601  -48.339  53.765 0.0000000000
43883  -20.315  -48.169  58.012 0.0000000000
43923  -20.944  -46.850  55.056 0.0000000000
46017  -22.133  -46.643  55.422 0.0000000000
43897  -24.825  -47.825  56.517 0.0000000000
146142  -31.480  -43.378  48.089 0.0000000000
50312  -33.015  -40.878  47.997 0.0000000000
50244  -34.957  -40.966  51.851 0.0000000000
51262  -36.817  -40.573  54.006 0.0000000000
153648  -38.854  -39.258  54.601 0.0000000000
54337  -41.463  -38.204  54.669 0.0000000000
42830  -18.286  -48.414  49.334 0.0000000000
65909  -47.499  -26.940  50.242 0.0000000000
66919  -50.141  -24.596  53.164 0.0000000000
66971  -49.001  -25.465  49.655 0.0000000000
155189  -51.136  -25.662  48.593 0.0000000000
71997  -53.840  -21.007  37.063 0.0000000000
72928  -52.888  -20.138  41.203 0.0000000000
73968  -55.892  -18.924  40.969 0.0000000000
20326  -9.935  -67.576  56.173 0.0000000000
66078  -46.760  -26.082  38.033 0.0000000000
70033  -46.633  -23.466  34.815 0.0000000000
71023  -51.565  -21.902  33.373 0.0000000000
72046  -54.222  -20.353  33.017 0.0000000000
73003  -55.918  -18.877  32.663 0.0000000000
76097  -57.580  -17.035  32.136 0.0000000000
78157  -58.725  -14.976  31.187 0.0000000000
77131  -55.407  -15.659  29.253 0.0000000000
30053  -11.588  -59.553  56.763 0.0000000000
141393  -11.152  -62.376  56.644 0.0000000000
23940  -10.410  -64.677  56.949 0.0000000000
62485  -49.395  -30.030  54.730 0.0000000000
57604  -48.460  -34.191  53.234 0.0000000000
136111  -48.398  -31.874  52.400 0.0000000000
62546  -47.949  -29.107  51.742 0.0000000000
62596  -47.496  -29.003  47.408 0.0000000000
63728  -46.208  -29.329  44.136 0.0000000000
62694  -44.773  -29.569  40.367 0.0000000000
154828  -20.310  -46.606  61.136 0.0000000000
137669  -26.130  -46.563  52.976 0.0000000000
44958  -27.842  -47.292  55.926 0.0000000000
46080  -31.239  -44.895  52.667 0.0000000000
44976  -30.338  -46.486  55.684 0.0000000000
43853  -29.594  -47.608  59.550 0.0000000000
45937  -30.793  -45.683  61.706 0.0000000000
36866  -14.257  -53.950  50.389 0.0000000000
38039  -14.769  -52.550  50.814 0.0000000000
36847  -13.910  -53.760  53.632 0.0000000000
66047  -48.835  -26.350  39.972 0.0000000000
67059  -50.979  -25.842  42.572 0.0000000000
67029  -52.184  -25.321  44.265 0.0000000000
71894  -51.453  -20.663  44.387 0.0000000000
79190  -59.550  -13.442  29.584 0.0000000000
81136  -60.464  -11.386  29.193 0.0000000000
83918  -61.003  -8.863  28.681 0.0000000000
83040  -58.582  -9.013  26.174 0.0000000000
85727  -61.868  -6.546  27.658 0.0000000000
133125  -38.815  -37.478  47.868 0.0000000000
54403  -39.586  -37.359  48.202 0.0000000000
54415  -38.709  -37.570  47.021 0.0000000000
54412  -35.409  -37.527  47.750 0.0000000000
54402  -37.295  -37.569  48.190 0.0000000000
147044  -38.424  -37.610  49.298 0.0000000000
62696  -46.594  -29.720  40.456 0.0000000000
62679  -47.689  -29.610  41.360 0.0000000000
63826  -47.092  -28.636  39.068 0.0000000000
76057  -59.401  -16.854  35.449 0.0000000000
76046  -59.747  -16.632  37.631 0.0000000000
155702  -60.130  -15.521  37.428 0.0000000000
78122  -60.409  -14.439  36.461 0.0000000000
79150  -59.720  -13.835  34.132 0.0000000000
34661  -13.278  -56.149  51.764 0.0000000000
33546  -12.911  -56.806  52.218 0.0000000000
141458  -12.707  -56.895  53.766 0.0000000000
58779  -44.379  -33.197  45.576 0.0000000000
59774  -46.323  -33.246  46.959 0.0000000000
59795  -44.792  -32.412  45.183 0.0000000000
60733  -45.132  -31.540  44.901 0.0000000000
60743  -43.690  -31.661  43.941 0.0000000000
41499  -17.274  -50.227  59.116 0.0000000000
43849  -24.523  -47.499  59.781 0.0000000000
44894  -23.974  -46.522  61.191 0.0000000000
43822  -25.444  -47.524  61.406 0.0000000000
44863  -25.730  -47.033  63.181 0.0000000000
43808  -26.875  -47.792  61.952 0.0000000000
49163  -36.447  -43.028  55.726 0.0000000000
48113  -35.405  -44.310  55.901 0.0000000000
48100  -35.862  -43.756  57.307 0.0000000000
48079  -35.179  -43.223  59.120 0.0000000000
41550  -16.967  -49.152  54.884 0.0000000000
41537  -16.669  -49.722  56.618 0.0000000000
41509  -16.123  -50.010  57.929 0.0000000000
63593  -50.199  -29.269  54.269 0.0000000000
70009  -49.785  -22.831  37.203 0.0000000000
70957  -50.030  -22.521  38.813 0.0000000000
70958  -51.073  -21.967  38.583 0.0000000000
54348  -43.444  -38.027  53.369 0.0000000000
54349  -44.262  -37.729  53.189 0.0000000000
135341  -44.067  -38.147  51.902 0.0000000000
55486  -42.928  -36.542  48.480 0.0000000000
56583  -42.632  -35.852  47.240 0.0000000000
57702  -43.818  -34.972  47.063 0.0000000000
43943  -19.607  -47.468  52.486 0.0000000000
139603  -19.874  -48.030  54.919 0.0000000000
45021  -20.456  -46.693  52.844 0.0000000000
47106  -22.035  -45.052  52.129 0.0000000000
46055  -21.867  -45.818  53.430 0.0000000000
46034  -22.586  -46.136  53.865 0.0000000000
44957  -23.148  -47.270  56.012 0.0000000000
43924  -24.031  -47.056  54.613 0.0000000000
50331  -32.271  -41.351  46.571 0.0000000000
53381  -35.325  -38.742  49.924 0.0000000000
52340  -34.387  -39.711  49.815 0.0000000000
52316  -35.924  -39.754  51.340 0.0000000000
155218  -35.716  -40.638  52.814 0.0000000000
52306  -36.709  -39.938  52.994 0.0000000000
52295  -37.817  -39.835  54.147 0.0000000000
53340  -37.657  -39.457  52.827 0.0000000000
141163  -40.488  -38.323  51.662 0.0000000000
53341  -40.120  -38.989  53.227 0.0000000000
54346  -41.593  -38.506  53.862 0.0000000000
55435  -42.834  -37.354  54.937 0.0000000000
43959  -18.908  -47.910  49.958 0.0000000000
65938  -47.418  -27.322  48.834 0.0000000000
66970  -48.129  -25.834  49.980 0.0000000000
150431  -48.133  -26.596  48.592 0.0000000000
63732  -50.003  -29.292  44.281 0.0000000000
136640  -50.359  -26.705  47.586 0.0000000000
64838  -51.022  -28.261  45.738 0.0000000000
130336  -52.368  -25.907  47.335 0.0000000000
64839  -51.608  -27.499  45.647 0.0000000000
71989  -55.277  -20.373  36.865 0.0000000000
72947  -54.908  -20.115  38.719 0.0000000000
72940  -56.092  -19.362  39.196 0.0000000000
74988  -59.272  -16.746  42.123 0.0000000000
71025  -53.155  -21.160  33.513 0.0000000000
72044  -52.548  -21.102  32.118 0.0000000000
74054  -54.845  -18.957  31.330 0.0000000000
74064  -55.376  -18.296  30.783 0.0000000000
141538  -56.795  -17.855  32.119 0.0000000000
75101  -56.054  -17.578  30.704 0.0000000000
77118  -56.731  -15.988  30.072 0.0000000000
31185  -11.945  -58.980  51.759 0.0000000000
27724  -11.510  -61.248  53.700 0.0000000000
32312  -9.949  -57.527  59.085 0.0000000000
31137  -11.376  -58.114  57.123 0.0000000000
141397  -9.825  -59.059  58.810 0.0000000000
134106  -10.323  -61.842  58.472 0.0000000000
136506  -10.495  -62.604  58.483 0.0000000000
151463  -10.758  -63.522  56.459 0.0000000000
23933  -10.672  -64.415  57.964 0.0000000000
22697  -10.663  -65.213  57.627 0.0000000000
56519  -46.994  -36.263  52.556 0.0000000000
56508  -47.654  -35.250  53.439 0.0000000000
57636  -48.068  -35.217  52.083 0.0000000000
59762  -48.454  -32.611  48.969 0.0000000000
59747  -48.523  -32.716  50.820 0.0000000000
60685  -48.441  -31.829  50.390 0.0000000000
60674  -48.026  -31.067  51.915 0.0000000000
61585  -48.112  -29.878  49.844 0.0000000000
62564  -47.892  -29.376  49.132 0.0000000000
61624  -47.765  -30.108  47.318 0.0000000000
152078  -44.952  -29.629  43.476 0.0000000000
62638  -45.922  -29.715  44.512 0.0000000000
62659  -44.786  -29.473  42.618 0.0000000000
138064  -44.679  -29.393  41.664 0.0000000000
63805  -44.304  -29.373  40.868 0.0000000000
43867  -20.931  -47.301  58.350 0.0000000000
43847  -20.070  -47.529  60.284 0.0000000000
44892  -20.849  -46.677  60.119 0.0000000000
144551  -27.638  -45.714  51.020 0.0000000000
45039  -26.626  -46.044  51.684 0.0000000000
45011  -27.627  -46.502  53.398 0.0000000000
44972  -26.603  -47.193  54.971 0.0000000000
44990  -28.225  -46.676  54.324 0.0000000000
48188  -32.495  -43.339  50.221 0.0000000000
47144  -31.240  -44.289  50.455 0.0000000000
47109  -32.545  -44.345  52.425 0.0000000000
141184  -32.734  -46.169  56.925 0.0000000000
46020  -32.096  -45.715  55.546 0.0000000000
44948  -31.681  -46.814  57.726 0.0000000000
44926  -30.093  -47.459  58.097 0.0000000000
44909  -31.133  -47.195  59.233 0.0000000000
44883  -29.720  -46.847  61.174 0.0000000000
45954  -31.794  -46.093  60.380 0.0000000000
54300  -38.972  -38.478  57.848 0.0000000000
39182  -15.141  -51.296  51.037 0.0000000000
38015  -14.390  -52.269  53.232 0.0000000000
38025  -14.272  -53.165  53.042 0.0000000000
148676  -13.860  -51.800  61.100 0.0000000000
141641  -47.172  -25.630  37.720 0.0000000000
66063  -47.736  -26.517  38.909 0.0000000000
68080  -48.524  -25.408  38.582 0.0000000000
69020  -49.837  -23.128  41.610 0.0000000000
68033  -49.971  -23.883  41.368 0.0000000000
68021  -50.534  -24.023  42.618 0.0000000000
130052  -51.369  -25.504  43.144 0.0000000000
130238  -50.982  -23.710  44.048 0.0000000000
72890  -53.970  -19.432  42.729 0.0000000000
72905  -52.249  -20.071  42.850 0.0000000000
133501  -52.704  -19.446  45.007 0.0000000000
78179  -57.447  -14.517  29.475 0.0000000000
78158  -59.198  -14.319  30.771 0.0000000000
79188  -57.773  -13.710  29.176 0.0000000000
81149  -58.567  -11.466  28.164 0.0000000000
82048  -58.722  -10.596  27.747 0.0000000000
83006  -60.741  -9.904  28.725 0.0000000000
82061  -58.906  -9.587  27.365 0.0000000000
82107  -58.780  -10.771  25.126 0.0000000000
81197  -57.759  -10.223  25.803 0.0000000000
83041  -59.070  -8.753  25.823 0.0000000000
84833  -60.311  -8.060  26.338 0.0000000000
84865  -61.080  -8.000  25.856 0.0000000000
84866  -61.811  -7.502  25.245 0.0000000000
85797  -63.450  -6.694  22.142 0.0000000000
132481  -41.325  -37.984  51.269 0.0000000000
54378  -42.198  -37.803  50.843 0.0000000000
54390  -40.758  -37.475  49.179 0.0000000000
152389  -40.692  -37.012  47.960 0.0000000000
45036  -20.848  -45.842  51.519 0.0000000000
54399  -33.620  -37.762  48.223 0.0000000000
54386  -34.863  -37.855  49.199 0.0000000000
53383  -36.204  -38.089  50.241 0.0000000000
53357  -37.447  -39.142  51.893 0.0000000000
53385  -37.878  -38.148  50.755 0.0000000000
54376  -39.512  -37.880  50.454 0.0000000000
151903  -47.003  -29.352  43.967 0.0000000000
132182  -48.162  -28.086  45.834 0.0000000000
63749  -47.767  -29.504  43.818 0.0000000000
62662  -48.574  -29.557  42.682 0.0000000000
63767  -49.824  -28.773  42.535 0.0000000000
137409  -58.130  -18.646  36.381 0.0000000000
151277  -57.237  -18.723  38.847 0.0000000000
75024  -58.608  -17.776  38.701 0.0000000000
76025  -59.669  -16.689  39.750 0.0000000000
133058  -60.282  -11.662  33.342 0.0000000000
31186  -12.266  -58.181  52.192 0.0000000000
140899  -12.126  -58.696  53.627 0.0000000000
57668  -46.126  -35.194  48.799 0.0000000000
153970  -47.643  -35.118  50.116 0.0000000000
58730  -46.940  -33.875  48.324 0.0000000000
58747  -47.667  -32.786  47.521 0.0000000000
59776  -47.965  -32.119  47.245 0.0000000000
61623  -47.465  -30.683  46.617 0.0000000000
60734  -45.768  -31.152  45.242 0.0000000000
61676  -44.664  -30.200  43.686 0.0000000000
61684  -43.213  -29.932  41.700 0.0000000000
45967  -22.045  -46.154  59.258 0.0000000000
45950  -21.464  -46.058  60.654 0.0000000000
44893  -23.098  -46.052  60.793 0.0000000000
146373  -23.338  -45.908  62.864 0.0000000000
44841  -27.106  -46.667  65.434 0.0000000000
46119  -28.364  -45.461  49.616 0.0000000000
131556  -28.986  -45.498  51.017 0.0000000000
49204  -34.157  -43.072  53.021 0.0000000000
47085  -33.066  -44.591  53.610 0.0000000000
47070  -34.190  -44.212  54.884 0.0000000000
47052  -34.264  -45.353  56.286 0.0000000000
45981  -33.518  -45.903  58.467 0.0000000000
45955  -32.577  -45.691  60.044 0.0000000000
47018  -34.164  -44.433  59.357 0.0000000000
42828  -16.971  -49.237  50.118 0.0000000000
41583  -15.899  -50.122  52.018 0.0000000000
157030  -14.743  -51.117  55.182 0.0000000000
39094  -14.448  -51.483  57.255 0.0000000000
40299  -14.886  -50.858  57.159 0.0000000000
145857  -48.533  -24.335  37.336 0.0000000000
69050  -48.800  -25.100  38.475 0.0000000000
69992  -49.667  -23.581  38.831 0.0000000000
136005  -49.959  -22.866  40.775 0.0000000000
70917  -50.041  -21.824  41.893 0.0000000000
151938  -54.500  -12.379  28.754 0.0000000000
145986  -55.958  -12.774  28.814 0.0000000000
81145  -54.300  -10.591  28.528 0.0000000000
81225  -59.989  -11.775  23.924 0.0000000000
83982  -61.467  -8.977  23.681 0.0000000000
82136  -61.086  -11.220  22.964 0.0000000000
83072  -61.788  -10.108  21.705 0.0000000000
135930  -12.744  -55.497  55.238 0.0000000000
33497  -12.537  -56.322  55.175 0.0000000000
57568  -46.187  -35.252  56.295 0.0000000000
55438  -45.160  -36.358  54.136 0.0000000000
55452  -45.708  -37.112  52.597 0.0000000000
149306  -46.158  -37.328  50.904 0.0000000000
54380  -43.874  -37.471  50.294 0.0000000000
55467  -44.823  -37.117  50.018 0.0000000000
55478  -45.600  -36.585  49.441 0.0000000000
57686  -44.977  -35.025  47.948 0.0000000000
57721  -44.266  -34.323  46.613 0.0000000000
157188  -18.284  -48.929  55.785 0.0000000000
42744  -18.956  -49.360  57.209 0.0000000000
144405  -19.902  -48.694  56.210 0.0000000000
43894  -20.494  -47.797  56.426 0.0000000000
44954  -21.511  -46.974  56.600 0.0000000000
45006  -21.045  -46.147  53.198 0.0000000000
46015  -21.748  -46.769  55.891 0.0000000000
46005  -21.991  -46.880  56.909 0.0000000000
44943  -22.270  -46.836  57.623 0.0000000000
43868  -23.997  -47.585  58.293 0.0000000000
43887  -25.634  -48.159  57.856 0.0000000000
140913  -32.419  -42.504  48.292 0.0000000000
49270  -33.242  -42.137  49.535 0.0000000000
52367  -33.346  -39.061  48.685 0.0000000000
51316  -34.183  -40.715  50.144 0.0000000000
130939  -33.914  -42.224  51.053 0.0000000000
49205  -34.777  -42.340  53.243 0.0000000000
140083  -36.085  -41.822  54.343 0.0000000000
143035  -37.641  -41.601  55.858 0.0000000000
152107  -37.980  -40.594  57.791 0.0000000000
51243  -38.167  -40.071  56.103 0.0000000000
53312  -38.712  -39.242  55.987 0.0000000000
54326  -39.528  -38.635  55.951 0.0000000000
147198  -38.463  -39.298  53.151 0.0000000000
137045  -39.521  -38.902  54.972 0.0000000000
55426  -40.924  -37.800  56.262 0.0000000000
55414  -42.396  -36.825  56.543 0.0000000000
42806  -17.618  -48.817  51.182 0.0000000000
65878  -47.906  -26.794  52.345 0.0000000000
66933  -48.748  -25.666  52.356 0.0000000000
68893  -49.467  -23.969  52.175 0.0000000000
132754  -50.913  -23.691  51.231 0.0000000000
145809  -48.693  -27.176  46.996 0.0000000000
66982  -50.313  -25.667  48.688 0.0000000000
70970  -52.691  -21.858  37.072 0.0000000000
70952  -52.174  -21.441  39.219 0.0000000000
71968  -53.628  -20.564  39.496 0.0000000000
72919  -54.466  -19.545  41.529 0.0000000000
73936  -55.411  -18.566  43.372 0.0000000000
73962  -57.141  -18.283  41.270 0.0000000000
74971  -56.978  -17.831  43.301 0.0000000000
64957  -45.051  -27.591  37.096 0.0000000000
156480  -46.183  -27.545  37.931 0.0000000000
66094  -45.612  -26.544  37.173 0.0000000000
67112  -46.090  -25.850  36.788 0.0000000000
68115  -46.847  -24.846  35.998 0.0000000000
69084  -46.847  -24.009  35.965 0.0000000000
70016  -47.797  -23.607  35.910 0.0000000000
133657  -49.113  -23.088  35.942 0.0000000000
140946  -50.094  -22.730  35.614 0.0000000000
70994  -51.663  -22.428  35.598 0.0000000000
71010  -52.796  -21.787  34.604 0.0000000000
70997  -54.181  -20.904  35.495 0.0000000000
72012  -55.384  -20.234  35.062 0.0000000000
73013  -53.631  -19.979  31.380 0.0000000000
73002  -55.208  -19.507  32.956 0.0000000000
72976  -56.552  -19.514  35.111 0.0000000000
74029  -57.416  -18.470  34.215 0.0000000000
142767  -58.452  -17.294  34.161 0.0000000000
77094  -58.618  -15.996  33.436 0.0000000000
77104  -58.878  -14.646  32.776 0.0000000000
77110  -57.832  -16.140  31.112 0.0000000000
77133  -57.067  -15.254  29.782 0.0000000000
78191  -55.052  -14.096  28.824 0.0000000000
139021  -54.454  -13.317  28.661 0.0000000000
32343  -12.020  -57.551  55.532 0.0000000000
152605  -11.942  -58.973  56.008 0.0000000000
30067  -12.008  -60.129  55.039 0.0000000000
28897  -9.936  -60.576  58.457 0.0000000000
28907  -11.325  -60.903  56.957 0.0000000000
27702  -11.458  -61.358  55.156 0.0000000000
26453  -11.004  -62.847  55.194 0.0000000000
25200  -10.614  -63.522  54.709 0.0000000000
151362  -9.869  -64.895  54.916 0.0000000000
151123  -10.019  -66.018  56.366 0.0000000000
143626  -48.994  -29.004  54.324 0.0000000000
151973  -48.686  -33.171  54.261 0.0000000000
57637  -48.341  -34.505  51.385 0.0000000000
58701  -48.643  -33.584  52.617 0.0000000000
142895  -48.733  -30.709  53.979 0.0000000000
61554  -48.264  -29.842  53.037 0.0000000000
63615  -48.016  -28.058  52.572 0.0000000000
63630  -47.609  -27.834  50.649 0.0000000000
63659  -47.395  -28.028  48.897 0.0000000000
63688  -47.321  -28.300  47.226 0.0000000000
62614  -46.765  -29.632  45.916 0.0000000000
157096  -46.639  -29.183  45.700 0.0000000000
63711  -46.664  -28.978  45.102 0.0000000000
63748  -46.310  -29.320  43.581 0.0000000000
62677  -45.883  -29.692  41.306 0.0000000000
62710  -45.521  -29.554  39.486 0.0000000000
59821  -41.988  -31.898  42.404 0.0000000000
60769  -42.249  -31.092  41.891 0.0000000000
62674  -42.378  -29.672  41.120 0.0000000000
62692  -42.421  -29.259  40.834 0.0000000000
63824  -42.220  -29.035  39.797 0.0000000000
62707  -42.888  -29.409  39.151 0.0000000000
62732  -43.535  -29.597  38.365 0.0000000000
63865  -44.621  -28.578  37.243 0.0000000000
44877  -21.001  -46.431  61.095 0.0000000000
46101  -23.967  -45.111  50.802 0.0000000000
46091  -25.326  -45.788  51.130 0.0000000000
45024  -24.750  -46.336  52.604 0.0000000000
43926  -25.638  -47.351  54.898 0.0000000000
43898  -26.370  -47.855  56.403 0.0000000000
43871  -27.180  -48.214  58.177 0.0000000000
47156  -30.498  -44.450  49.315 0.0000000000
46108  -30.297  -44.672  50.581 0.0000000000
46079  -29.656  -45.526  52.637 0.0000000000
47067  -32.048  -45.030  54.024 0.0000000000
46060  -31.002  -45.499  53.891 0.0000000000
44992  -29.755  -46.337  54.817 0.0000000000
44959  -28.721  -47.047  56.146 0.0000000000
152274  -28.720  -47.766  58.210 0.0000000000
43852  -28.146  -47.970  59.720 0.0000000000
44882  -28.353  -47.593  61.359 0.0000000000
44866  -28.878  -46.623  62.650 0.0000000000
34677  -13.444  -55.403  50.276 0.0000000000
35761  -13.963  -55.017  51.718 0.0000000000
39204  -15.074  -51.661  49.817 0.0000000000
38042  -14.846  -52.450  49.774 0.0000000000
36861  -14.509  -53.295  51.193 0.0000000000
36853  -14.203  -54.006  52.761 0.0000000000
35740  -13.238  -54.962  53.891 0.0000000000
36840  -13.113  -54.045  54.995 0.0000000000
39080  -13.752  -52.044  58.623 0.0000000000
64924  -47.773  -27.787  39.283 0.0000000000
64908  -48.813  -27.386  40.280 0.0000000000
64894  -50.097  -27.315  41.121 0.0000000000
68066  -49.254  -24.853  39.903 0.0000000000
66037  -50.157  -26.076  40.780 0.0000000000
64879  -50.815  -27.362  42.661 0.0000000000
64853  -51.769  -26.907  44.835 0.0000000000
71955  -51.459  -21.144  40.816 0.0000000000
71923  -50.753  -21.105  42.620 0.0000000000
141300  -50.630  -21.483  43.523 0.0000000000
146832  -59.173  -13.817  32.723 0.0000000000
80188  -59.699  -12.577  32.194 0.0000000000
80196  -59.967  -12.001  31.577 0.0000000000
80214  -58.111  -12.985  28.857 0.0000000000
80216  -59.846  -12.699  29.167 0.0000000000
82034  -60.498  -10.611  31.173 0.0000000000
82994  -60.791  -9.744  30.787 0.0000000000
145344  -61.021  -8.226  31.005 0.0000000000
82079  -57.037  -9.507  26.911 0.0000000000
82062  -59.618  -8.923  27.174 0.0000000000
84828  -61.273  -7.769  27.741 0.0000000000
85786  -62.298  -6.953  23.370 0.0000000000
54414  -37.934  -37.604  47.479 0.0000000000
132404  -37.078  -37.652  47.445 0.0000000000
138077  -38.193  -37.548  48.419 0.0000000000
62711  -46.432  -29.462  39.541 0.0000000000
62712  -47.151  -29.390  39.767 0.0000000000
77088  -59.436  -16.191  34.908 0.0000000000
76058  -59.726  -16.533  36.150 0.0000000000
77080  -59.890  -15.716  36.022 0.0000000000
78121  -60.034  -15.204  36.457 0.0000000000
78125  -59.953  -14.906  35.784 0.0000000000
78126  -60.248  -14.107  35.555 0.0000000000
78134  -59.790  -14.573  34.887 0.0000000000
34651  -13.170  -56.057  52.808 0.0000000000
146017  -12.910  -56.315  53.639 0.0000000000
59794  -43.906  -32.769  44.965 0.0000000000
59809  -44.289  -31.836  44.489 0.0000000000
59817  -43.061  -31.985  43.566 0.0000000000
41511  -17.765  -49.855  58.446 0.0000000000
43850  -25.315  -47.920  59.742 0.0000000000
43834  -24.808  -47.383  60.621 0.0000000000
43835  -25.820  -47.942  60.524 0.0000000000
43823  -26.345  -47.894  61.265 0.0000000000
43836  -26.744  -48.203  60.465 0.0000000000
49164  -36.782  -42.897  56.509 0.0000000000
48101  -36.439  -43.294  57.072 0.0000000000
49147  -36.191  -43.094  57.827 0.0000000000
49130  -36.661  -42.480  58.293 0.0000000000
41522  -16.723  -49.794  57.431 0.0000000000
70010  -50.317  -22.564  37.098 0.0000000000
151751  -50.312  -22.311  38.306 0.0000000000
70968  -50.876  -22.241  37.715 0.0000000000
54356  -42.921  -38.462  52.695 0.0000000000
54357  -43.777  -38.183  52.585 0.0000000000
133843  -43.304  -38.260  51.896 0.0000000000
55503  -41.862  -36.156  47.147 0.0000000000
45035  -20.361  -46.658  51.984 0.0000000000
46075  -22.413  -45.364  52.650 0.0000000000
46056  -22.165  -45.700  53.331 0.0000000000
46057  -22.896  -45.867  53.071 0.0000000000
44986  -23.206  -46.627  54.298 0.0000000000
45007  -23.494  -46.330  53.562 0.0000000000
52342  -35.792  -39.261  50.692 0.0000000000
52329  -36.139  -39.618  51.432 0.0000000000
52317  -36.215  -39.928  52.081 0.0000000000
53355  -36.405  -39.641  51.831 0.0000000000
53339  -37.033  -39.749  52.904 0.0000000000
53356  -36.870  -39.546  52.285 0.0000000000
130636  -41.256  -38.443  52.199 0.0000000000
53342  -41.022  -38.723  53.082 0.0000000000
54355  -41.967  -38.588  52.884 0.0000000000
54347  -42.591  -38.357  53.587 0.0000000000
147598  -18.952  -47.969  50.951 0.0000000000
64800  -47.381  -27.917  47.240 0.0000000000
65939  -47.550  -27.118  48.505 0.0000000000
65954  -47.530  -27.511  47.604 0.0000000000
63713  -50.582  -28.792  44.953 0.0000000000
64820  -51.287  -27.494  46.525 0.0000000000
64852  -51.391  -28.093  44.713 0.0000000000
72958  -55.808  -19.828  37.300 0.0000000000
72948  -55.784  -19.731  38.290 0.0000000000
148288  -56.376  -19.504  37.678 0.0000000000
156190  -59.021  -16.554  43.968 0.0000000000
71049  -51.782  -21.478  31.819 0.0000000000
75124  -54.921  -17.303  29.634 0.0000000000
76125  -55.693  -17.055  29.939 0.0000000000
30105  -11.864  -59.679  52.368 0.0000000000
131067  -11.785  -60.234  52.873 0.0000000000
27735  -11.472  -60.915  52.880 0.0000000000
31129  -10.232  -58.291  58.658 0.0000000000
30035  -9.184  -59.263  59.279 0.0000000000
25174  -10.625  -63.396  58.412 0.0000000000
23930  -11.049  -64.095  58.754 0.0000000000
56532  -47.220  -36.394  51.154 0.0000000000
56533  -47.507  -35.975  51.916 0.0000000000
56546  -47.805  -35.476  51.047 0.0000000000
59769  -48.483  -31.852  48.564 0.0000000000
60695  -48.544  -31.825  49.437 0.0000000000
61594  -48.513  -31.172  48.994 0.0000000000
60694  -48.391  -30.875  49.874 0.0000000000
61593  -48.295  -30.321  48.893 0.0000000000
151144  -48.138  -30.459  47.962 0.0000000000
62658  -43.928  -29.845  42.340 0.0000000000
62646  -45.236  -29.370  43.165 0.0000000000
148696  -44.179  -29.629  42.263 0.0000000000
63781  -44.135  -29.420  41.741 0.0000000000
131775  -43.672  -29.355  41.368 0.0000000000
44904  -21.353  -46.994  59.078 0.0000000000
45965  -21.379  -46.593  59.409 0.0000000000
46078  -28.221  -45.912  52.217 0.0000000000
45040  -27.460  -45.949  51.739 0.0000000000
45028  -28.175  -46.201  52.866 0.0000000000
45012  -28.577  -46.287  53.460 0.0000000000
48173  -32.811  -43.399  50.986 0.0000000000
47128  -32.371  -43.945  51.652 0.0000000000
48153  -32.944  -43.813  52.207 0.0000000000
44949  -32.569  -46.513  57.670 0.0000000000
149776  -32.077  -46.480  57.105 0.0000000000
44929  -32.199  -46.674  58.378 0.0000000000
157717  -31.226  -47.126  58.047 0.0000000000
44910  -31.880  -46.741  59.073 0.0000000000
44897  -30.996  -46.727  60.222 0.0000000000
44898  -31.643  -46.666  59.703 0.0000000000
54301  -39.476  -37.942  58.105 0.0000000000
39128  -13.978  -51.984  55.628 0.0000000000
68092  -47.558  -25.397  37.490 0.0000000000
67103  -47.933  -25.638  38.038 0.0000000000
68093  -48.317  -25.351  37.893 0.0000000000
69001  -49.841  -23.063  42.108 0.0000000000
140446  -50.075  -23.597  42.035 0.0000000000
68987  -50.216  -23.320  42.735 0.0000000000
145528  -50.555  -23.652  43.290 0.0000000000
73934  -53.968  -18.964  43.993 0.0000000000
72872  -53.203  -19.303  44.143 0.0000000000
79187  -56.770  -13.712  29.110 0.0000000000
78180  -58.393  -14.425  29.632 0.0000000000
82060  -57.728  -9.817  27.424 0.0000000000
151180  -59.926  -9.877  24.909 0.0000000000
82094  -59.251  -9.751  25.295 0.0000000000
83049  -59.691  -9.279  25.438 0.0000000000
83956  -60.202  -8.272  25.822 0.0000000000
84876  -61.272  -8.215  25.255 0.0000000000
137739  -41.288  -37.701  50.124 0.0000000000
143935  -39.879  -37.480  48.993 0.0000000000
131729  -40.072  -37.177  47.748 0.0000000000
139272  -39.893  -37.136  47.126 0.0000000000
54411  -34.371  -37.495  47.621 0.0000000000
130678  -36.491  -37.615  48.913 0.0000000000
54401  -35.548  -37.612  48.598 0.0000000000
54387  -36.076  -37.776  49.652 0.0000000000
53384  -37.019  -38.055  50.517 0.0000000000
54375  -37.731  -37.789  49.935 0.0000000000
152895  -39.296  -37.648  49.571 0.0000000000
134117  -38.626  -37.872  50.173 0.0000000000
54377  -40.418  -37.886  50.785 0.0000000000
63730  -47.332  -29.074  44.731 0.0000000000
63765  -47.018  -29.498  43.242 0.0000000000
62661  -48.129  -29.609  42.110 0.0000000000
62663  -49.292  -29.420  42.954 0.0000000000
63785  -49.092  -28.597  41.292 0.0000000000
73989  -58.226  -18.294  37.909 0.0000000000
143341  -58.856  -17.717  37.721 0.0000000000
76036  -60.119  -16.117  39.186 0.0000000000
76016  -59.901  -16.414  40.507 0.0000000000
76026  -60.311  -15.932  40.056 0.0000000000
80171  -60.635  -12.325  34.592 0.0000000000
140084  -60.253  -12.340  33.910 0.0000000000
32380  -12.570  -57.479  52.638 0.0000000000
32394  -12.536  -57.480  51.722 0.0000000000
31171  -12.240  -58.085  53.101 0.0000000000
31170  -12.078  -58.863  52.740 0.0000000000
57687  -45.746  -34.740  48.131 0.0000000000
57688  -46.382  -34.475  48.377 0.0000000000
58729  -46.188  -33.936  47.732 0.0000000000
59775  -47.187  -32.575  46.796 0.0000000000
59786  -46.934  -32.007  46.159 0.0000000000
60719  -46.345  -31.616  45.722 0.0000000000
152429  -44.216  -30.982  43.855 0.0000000000
136790  -44.829  -30.871  44.307 0.0000000000
149579  -44.165  -30.398  43.273 0.0000000000
44905  -22.509  -46.428  59.204 0.0000000000
45968  -22.525  -45.940  59.928 0.0000000000
141507  -24.073  -46.313  62.100 0.0000000000
149338  -24.119  -46.370  62.885 0.0000000000
44850  -26.553  -46.996  64.109 0.0000000000
44851  -27.615  -46.739  64.278 0.0000000000
46107  -29.039  -45.340  50.175 0.0000000000
48138  -34.332  -43.228  53.742 0.0000000000
48128  -33.835  -43.932  54.151 0.0000000000
48129  -34.627  -43.580  54.479 0.0000000000
47041  -35.408  -44.355  56.725 0.0000000000
47053  -34.964  -44.835  56.272 0.0000000000
47040  -34.709  -44.997  57.142 0.0000000000
135401  -34.112  -45.673  57.136 0.0000000000
47039  -34.142  -45.448  58.015 0.0000000000
47026  -33.723  -45.272  59.053 0.0000000000
47027  -34.318  -44.828  58.631 0.0000000000
134260  -34.562  -43.471  60.454 0.0000000000
42816  -16.967  -49.170  50.973 0.0000000000
41595  -16.476  -49.647  51.496 0.0000000000
41584  -16.404  -49.557  52.379 0.0000000000
147817  -15.639  -50.037  54.674 0.0000000000
152001  -15.132  -50.619  54.978 0.0000000000
40311  -14.974  -50.833  55.743 0.0000000000
142408  -15.397  -50.500  56.532 0.0000000000
40278  -16.414  -50.339  58.786 0.0000000000
40277  -15.624  -50.600  58.483 0.0000000000
69074  -48.726  -23.769  37.140 0.0000000000
69063  -49.094  -24.067  37.917 0.0000000000
70001  -49.482  -23.385  37.872 0.0000000000
70949  -50.222  -22.368  39.633 0.0000000000
69993  -49.896  -22.786  39.328 0.0000000000
69985  -50.102  -22.629  40.201 0.0000000000
69971  -49.946  -22.689  41.461 0.0000000000
70931  -50.278  -22.267  41.135 0.0000000000
80226  -53.979  -11.400  28.864 0.0000000000
80290  -59.354  -12.327  23.863 0.0000000000
82120  -60.588  -11.125  23.809 0.0000000000
81226  -60.470  -11.849  23.156 0.0000000000
138899  -12.141  -55.734  56.714 0.0000000000
33474  -9.672  -56.923  59.416 0.0000000000
56486  -44.687  -35.870  55.818 0.0000000000
56494  -44.908  -36.076  54.944 0.0000000000
55437  -44.370  -36.642  54.399 0.0000000000
54359  -45.223  -37.649  52.269 0.0000000000
55451  -44.981  -37.368  52.920 0.0000000000
55453  -46.425  -36.844  52.208 0.0000000000
55460  -45.814  -37.431  51.718 0.0000000000
54392  -42.371  -37.460  49.902 0.0000000000
54379  -43.044  -37.628  50.575 0.0000000000
154125  -42.806  -37.122  49.580 0.0000000000
139492  -43.858  -36.448  48.833 0.0000000000
55466  -43.924  -36.932  49.577 0.0000000000
55477  -44.700  -36.509  49.163 0.0000000000
153539  -45.400  -35.371  48.420 0.0000000000
57720  -43.496  -34.638  46.342 0.0000000000
42761  -18.946  -48.763  55.816 0.0000000000
42776  -19.070  -48.441  55.016 0.0000000000
43922  -20.340  -47.329  54.308 0.0000000000
43907  -20.209  -48.024  55.643 0.0000000000
43908  -20.742  -47.264  55.798 0.0000000000
43895  -21.031  -47.115  56.552 0.0000000000
44968  -21.313  -46.862  55.828 0.0000000000
45022  -20.786  -45.996  52.301 0.0000000000
135537  -21.292  -45.798  52.868 0.0000000000
143262  -22.074  -46.395  54.725 0.0000000000
46032  -21.918  -46.248  54.257 0.0000000000
46016  -21.955  -46.532  55.197 0.0000000000
46004  -21.822  -46.924  56.734 0.0000000000
44955  -22.129  -46.904  56.974 0.0000000000
157954  -24.154  -47.606  56.042 0.0000000000
43885  -23.597  -47.514  57.481 0.0000000000
43886  -24.616  -47.884  57.510 0.0000000000
149548  -24.884  -47.953  58.254 0.0000000000
145024  -25.610  -48.008  56.981 0.0000000000
51360  -32.626  -40.542  47.179 0.0000000000
143966  -32.561  -41.552  47.331 0.0000000000
50293  -32.797  -41.825  48.103 0.0000000000
157688  -32.899  -42.138  48.747 0.0000000000
50294  -33.313  -41.291  48.876 0.0000000000
132050  -33.383  -38.232  48.543 0.0000000000
52388  -32.910  -38.689  48.027 0.0000000000
51317  -34.863  -40.097  50.526 0.0000000000
50243  -34.478  -41.120  51.001 0.0000000000
50256  -33.836  -41.738  50.302 0.0000000000
50231  -34.375  -41.870  51.774 0.0000000000
50232  -34.848  -41.622  52.465 0.0000000000
157853  -36.138  -41.041  53.745 0.0000000000
157181  -35.743  -41.142  53.411 0.0000000000
50192  -36.668  -41.377  54.490 0.0000000000
49176  -36.516  -42.303  55.024 0.0000000000
130924  -37.265  -40.872  54.641 0.0000000000
50194  -37.758  -40.677  55.350 0.0000000000
51253  -37.515  -40.226  54.382 0.0000000000
135932  -38.100  -39.640  54.192 0.0000000000
143622  -38.276  -39.556  55.068 0.0000000000
54334  -38.639  -39.378  54.836 0.0000000000
54324  -38.906  -39.011  55.953 0.0000000000
54325  -39.044  -38.999  55.449 0.0000000000
53371  -38.041  -38.659  51.496 0.0000000000
53358  -38.186  -39.097  52.309 0.0000000000
156383  -38.820  -39.091  52.639 0.0000000000
54345  -40.705  -38.761  53.897 0.0000000000
54344  -39.803  -39.014  54.052 0.0000000000
54336  -40.571  -38.572  54.739 0.0000000000
54327  -40.286  -38.389  55.669 0.0000000000
54328  -41.180  -38.017  55.442 0.0000000000
55427  -41.735  -37.331  55.991 0.0000000000
55436  -43.568  -36.926  54.625 0.0000000000
55429  -43.333  -36.684  55.427 0.0000000000
42818  -18.198  -48.528  50.430 0.0000000000
139856  -18.083  -48.606  53.823 0.0000000000
64743  -47.561  -27.207  51.009 0.0000000000
66932  -48.463  -26.113  52.433 0.0000000000
66959  -48.014  -26.080  51.354 0.0000000000
67952  -48.836  -25.292  50.591 0.0000000000
67943  -48.883  -25.161  51.587 0.0000000000
67953  -49.444  -24.723  51.225 0.0000000000
68894  -50.327  -23.641  52.130 0.0000000000
130933  -50.048  -24.676  50.365 0.0000000000
64851  -48.391  -28.802  45.123 0.0000000000
64818  -48.601  -27.603  46.308 0.0000000000
66993  -49.852  -26.193  48.099 0.0000000000
67965  -50.800  -25.099  49.118 0.0000000000
142589  -51.311  -24.625  49.674 0.0000000000
67966  -52.413  -24.360  49.507 0.0000000000
142945  -52.675  -24.766  48.591 0.0000000000
130476  -53.027  -24.427  47.837 0.0000000000
130711  -53.362  -21.542  36.883 0.0000000000
70961  -53.161  -21.417  37.715 0.0000000000
71987  -53.868  -20.816  37.927 0.0000000000
72931  -55.442  -19.437  40.464 0.0000000000
72930  -54.660  -19.668  40.702 0.0000000000
72920  -55.209  -19.299  41.259 0.0000000000
73959  -54.995  -19.117  42.003 0.0000000000
73952  -55.524  -18.696  42.525 0.0000000000
75005  -57.915  -17.839  40.052 0.0000000000
73970  -57.324  -18.352  40.485 0.0000000000
74996  -57.801  -17.862  40.937 0.0000000000
74985  -57.321  -17.844  42.611 0.0000000000
21500  -9.442  -67.230  55.742 0.0000000000
21499  -9.061  -66.672  55.069 0.0000000000
20331  -9.270  -68.037  55.778 0.0000000000
67129  -45.752  -25.763  35.978 0.0000000000
68101  -46.542  -25.468  36.320 0.0000000000
68114  -46.118  -25.119  35.648 0.0000000000
69104  -47.091  -23.683  35.550 0.0000000000
69085  -47.506  -23.908  36.245 0.0000000000
147408  -48.170  -23.289  35.649 0.0000000000
149365  -48.568  -22.957  35.296 0.0000000000
70036  -49.316  -22.728  35.103 0.0000000000
70055  -50.958  -22.373  34.935 0.0000000000
141281  -51.453  -22.125  34.201 0.0000000000
70995  -52.521  -21.984  35.489 0.0000000000
140155  -52.182  -21.879  34.027 0.0000000000
71011  -53.396  -21.322  34.259 0.0000000000
137891  -54.443  -20.597  34.178 0.0000000000
133903  -54.650  -20.589  34.886 0.0000000000
72026  -54.994  -20.266  34.240 0.0000000000
73015  -55.082  -19.230  32.162 0.0000000000
72993  -55.818  -19.381  33.561 0.0000000000
74028  -56.629  -18.783  33.638 0.0000000000
72987  -56.925  -18.993  34.591 0.0000000000
75090  -57.082  -17.373  31.815 0.0000000000
75078  -57.679  -17.463  33.317 0.0000000000
76098  -57.860  -16.879  32.839 0.0000000000
76085  -58.583  -16.665  33.886 0.0000000000
137531  -58.270  -16.146  32.793 0.0000000000
76112  -57.980  -16.372  32.014 0.0000000000
76143  -55.959  -16.259  29.717 0.0000000000
77132  -56.230  -15.451  29.509 0.0000000000
78177  -55.659  -14.794  29.127 0.0000000000
134321  -10.659  -62.275  52.240 0.0000000000
33496  -12.205  -56.811  55.749 0.0000000000
33510  -12.343  -57.056  54.974 0.0000000000
152415  -11.910  -57.274  56.198 0.0000000000
31140  -11.227  -58.908  57.423 0.0000000000
132089  -12.050  -59.283  55.013 0.0000000000
30054  -11.895  -59.854  55.799 0.0000000000
30037  -9.280  -60.152  59.038 0.0000000000
26440  -10.912  -62.058  57.454 0.0000000000
27683  -10.493  -61.359  58.067 0.0000000000
27691  -11.241  -61.661  56.732 0.0000000000
28919  -11.447  -61.169  56.061 0.0000000000
27701  -11.281  -62.076  55.805 0.0000000000
27713  -11.248  -62.088  54.754 0.0000000000
26444  -11.053  -62.959  56.132 0.0000000000
25180  -10.504  -64.224  56.250 0.0000000000
25189  -10.702  -63.578  55.642 0.0000000000
25188  -10.303  -64.291  55.282 0.0000000000
136560  -10.081  -65.294  55.934 0.0000000000
22706  -10.292  -65.498  56.842 0.0000000000
22698  -11.112  -65.477  57.705 0.0000000000
62486  -49.820  -29.879  54.644 0.0000000000
63577  -50.160  -29.683  54.456 0.0000000000
62504  -49.044  -29.527  54.401 0.0000000000
56488  -46.324  -35.393  55.309 0.0000000000
57619  -48.166  -34.969  52.980 0.0000000000
57586  -47.637  -34.632  54.608 0.0000000000
57603  -48.034  -34.613  53.867 0.0000000000
58686  -48.598  -33.383  54.972 0.0000000000
58693  -48.427  -33.835  54.069 0.0000000000
58713  -48.047  -34.214  49.911 0.0000000000
57653  -48.044  -34.686  50.616 0.0000000000
57654  -48.340  -34.117  50.641 0.0000000000
59736  -48.611  -32.888  51.869 0.0000000000
59727  -48.657  -32.687  52.933 0.0000000000
139653  -48.636  -31.729  53.433 0.0000000000
61575  -47.978  -30.142  51.517 0.0000000000
61564  -48.074  -30.336  52.322 0.0000000000
151310  -48.038  -29.681  52.256 0.0000000000
62533  -48.033  -28.927  52.664 0.0000000000
151251  -47.777  -28.234  51.959 0.0000000000
63631  -47.809  -28.413  51.180 0.0000000000
62575  -47.588  -28.731  48.514 0.0000000000
62563  -47.547  -28.617  49.408 0.0000000000
63675  -47.345  -28.125  48.049 0.0000000000
61642  -46.365  -30.614  45.602 0.0000000000
61643  -46.887  -30.315  46.091 0.0000000000
155392  -46.675  -30.090  45.667 0.0000000000
63727  -45.709  -29.335  43.507 0.0000000000
63710  -46.509  -29.250  45.073 0.0000000000
144144  -46.842  -28.733  45.826 0.0000000000
63729  -46.592  -29.302  44.380 0.0000000000
63747  -45.999  -29.299  43.715 0.0000000000
63806  -45.104  -29.575  41.077 0.0000000000
63782  -45.220  -29.362  42.040 0.0000000000
62695  -45.660  -29.697  40.434 0.0000000000
62709  -44.606  -29.595  39.438 0.0000000000
60768  -41.651  -30.897  41.244 0.0000000000
62691  -41.693  -29.310  40.436 0.0000000000
63802  -41.313  -28.956  40.104 0.0000000000
63844  -41.993  -29.264  39.096 0.0000000000
62731  -42.632  -29.656  38.224 0.0000000000
62756  -44.149  -29.310  37.672 0.0000000000
42745  -19.825  -49.124  57.635 0.0000000000
42737  -19.086  -49.421  58.181 0.0000000000
42738  -19.704  -48.795  58.649 0.0000000000
44891  -20.284  -46.855  60.660 0.0000000000
45951  -22.109  -45.907  60.976 0.0000000000
45933  -21.544  -46.243  61.283 0.0000000000
45026  -26.348  -46.324  52.306 0.0000000000
45038  -25.849  -46.098  51.733 0.0000000000
45025  -25.581  -46.390  52.425 0.0000000000
45009  -25.335  -46.625  53.171 0.0000000000
44987  -25.092  -46.888  54.117 0.0000000000
154328  -25.906  -46.761  53.607 0.0000000000
43912  -26.954  -47.545  55.735 0.0000000000
43899  -27.273  -47.749  56.569 0.0000000000
43888  -26.587  -48.060  57.375 0.0000000000
43889  -27.625  -47.895  57.421 0.0000000000
47168  -30.994  -44.043  48.871 0.0000000000
47127  -31.516  -44.362  51.303 0.0000000000
150606  -30.760  -44.508  50.519 0.0000000000
47107  -30.815  -44.751  51.843 0.0000000000
148339  -29.952  -45.220  51.946 0.0000000000
147182  -30.453  -45.210  52.571 0.0000000000
47068  -32.885  -44.987  54.422 0.0000000000
46038  -32.453  -45.382  54.870 0.0000000000
157897  -31.057  -46.386  56.234 0.0000000000
46019  -31.228  -45.922  55.599 0.0000000000
46036  -30.621  -45.858  54.837 0.0000000000
46035  -30.019  -45.864  54.070 0.0000000000
44975  -29.327  -46.733  55.493 0.0000000000
44960  -29.635  -46.899  56.363 0.0000000000
43873  -29.337  -47.686  58.690 0.0000000000
43891  -29.270  -47.558  57.770 0.0000000000
149175  -28.886  -47.757  59.386 0.0000000000
139084  -28.459  -47.901  58.854 0.0000000000
43838  -28.333  -47.816  60.613 0.0000000000
43839  -28.937  -47.649  60.094 0.0000000000
154195  -30.137  -46.225  61.673 0.0000000000
44867  -29.549  -46.400  62.097 0.0000000000
45936  -30.180  -45.782  62.459 0.0000000000
47005  -32.939  -44.993  60.460 0.0000000000
45938  -32.235  -45.281  60.968 0.0000000000
156962  -32.815  -44.801  61.264 0.0000000000
52265  -38.254  -39.701  57.800 0.0000000000
34662  -13.603  -55.525  51.270 0.0000000000
41594  -16.017  -50.260  51.115 0.0000000000
41606  -16.015  -50.252  50.198 0.0000000000
138790  -15.595  -50.807  50.685 0.0000000000
39181  -14.849  -51.914  51.348 0.0000000000
39192  -14.987  -51.836  50.511 0.0000000000
36867  -14.607  -53.138  50.328 0.0000000000
35747  -13.729  -54.539  53.376 0.0000000000
35734  -13.360  -54.256  54.171 0.0000000000
35733  -12.977  -54.777  54.689 0.0000000000
144184  -14.159  -51.703  58.008 0.0000000000
66934  -50.437  -24.946  53.063 0.0000000000
64959  -46.193  -26.678  37.739 0.0000000000
64923  -47.208  -27.408  38.623 0.0000000000
66062  -47.134  -26.466  38.419 0.0000000000
136283  -48.419  -25.969  39.360 0.0000000000
66046  -48.387  -27.008  39.549 0.0000000000
64893  -49.415  -27.839  40.831 0.0000000000
66036  -49.447  -26.790  40.470 0.0000000000
68081  -49.143  -24.864  39.323 0.0000000000
68034  -50.393  -24.415  41.873 0.0000000000
68049  -50.155  -24.855  41.010 0.0000000000
67058  -50.647  -25.620  41.780 0.0000000000
66023  -50.502  -26.765  41.792 0.0000000000
66024  -50.842  -26.460  42.374 0.0000000000
66012  -51.239  -26.607  43.178 0.0000000000
148062  -51.808  -25.117  43.770 0.0000000000
147989  -51.971  -26.085  44.721 0.0000000000
144289  -52.512  -26.123  44.551 0.0000000000
71967  -52.750  -20.923  39.599 0.0000000000
71966  -51.907  -21.268  39.984 0.0000000000
135670  -52.391  -20.755  40.570 0.0000000000
72887  -51.989  -20.215  43.740 0.0000000000
137236  -51.665  -20.661  42.295 0.0000000000
71924  -51.513  -20.724  43.075 0.0000000000
71910  -50.864  -21.173  43.297 0.0000000000
71893  -50.991  -21.211  44.029 0.0000000000
78150  -58.692  -15.151  32.061 0.0000000000
78151  -59.023  -14.254  31.847 0.0000000000
79182  -59.676  -13.670  30.399 0.0000000000
79173  -59.522  -13.755  31.215 0.0000000000
80195  -59.866  -12.960  31.150 0.0000000000
80206  -60.033  -12.917  30.069 0.0000000000
79201  -56.969  -12.660  28.819 0.0000000000
132717  -56.764  -11.468  28.550 0.0000000000
81150  -59.516  -11.394  28.217 0.0000000000
80231  -59.335  -12.225  28.526 0.0000000000
81135  -60.053  -11.921  28.792 0.0000000000
80217  -60.312  -12.133  29.636 0.0000000000
81130  -60.536  -11.303  30.211 0.0000000000
151087  -60.724  -10.443  30.304 0.0000000000
82999  -60.975  -9.200  29.433 0.0000000000
83913  -61.044  -8.399  29.563 0.0000000000
83908  -61.115  -7.965  30.354 0.0000000000
83914  -61.285  -7.739  29.667 0.0000000000
82092  -57.027  -9.959  26.528 0.0000000000
83039  -57.784  -9.435  26.488 0.0000000000
83012  -58.677  -8.907  26.971 0.0000000000
83030  -58.347  -9.072  26.493 0.0000000000
84834  -61.185  -7.773  26.933 0.0000000000
131703  -60.689  -8.204  27.042 0.0000000000
84835  -61.511  -7.174  27.551 0.0000000000
84829  -61.686  -6.997  28.396 0.0000000000
86761  -62.287  -6.245  28.378 0.0000000000
138341  -61.868  -8.211  23.290 0.0000000000
84877  -61.985  -7.573  23.775 0.0000000000
84887  -62.218  -7.352  22.844 0.0000000000
54389  -39.037  -37.487  48.721 0.0000000000
54416  -39.406  -37.379  47.423 0.0000000000
54429  -35.211  -37.506  47.053 0.0000000000
152772  -36.387  -37.541  47.946 0.0000000000
54388  -37.522  -37.594  49.065 0.0000000000
62678  -46.813  -29.824  41.349 0.0000000000
62660  -47.155  -29.757  42.273 0.0000000000
62697  -47.397  -29.519  40.507 0.0000000000
63827  -47.694  -28.849  39.810 0.0000000000
75051  -59.294  -17.303  36.137 0.0000000000
142041  -59.572  -16.902  36.864 0.0000000000
78110  -60.697  -14.437  37.409 0.0000000000
79127  -61.078  -13.665  36.996 0.0000000000
79137  -60.738  -13.582  36.083 0.0000000000
78135  -60.093  -13.776  34.877 0.0000000000
33561  -12.836  -56.778  51.261 0.0000000000
33529  -12.856  -56.846  53.091 0.0000000000
32368  -12.509  -57.431  53.461 0.0000000000
58761  -44.735  -33.591  46.219 0.0000000000
58745  -45.675  -33.750  47.140 0.0000000000
58762  -45.568  -33.352  46.486 0.0000000000
59784  -45.266  -32.887  45.799 0.0000000000
59796  -45.669  -32.098  45.412 0.0000000000
60750  -43.599  -31.086  43.323 0.0000000000
155276  -16.651  -50.465  59.469 0.0000000000
44925  -23.875  -47.227  59.288 0.0000000000
44907  -23.913  -46.895  60.209 0.0000000000
152721  -24.695  -46.913  61.516 0.0000000000
44880  -25.005  -46.873  62.350 0.0000000000
43807  -26.011  -47.528  62.157 0.0000000000
44864  -26.665  -47.388  62.841 0.0000000000
44865  -27.472  -47.438  62.528 0.0000000000
152042  -35.969  -42.956  55.164 0.0000000000
48121  -35.010  -43.968  55.212 0.0000000000
48114  -36.044  -43.630  56.385 0.0000000000
48099  -35.130  -44.225  57.673 0.0000000000
48087  -34.789  -44.087  58.670 0.0000000000
48088  -35.518  -43.551  58.223 0.0000000000
152753  -35.652  -42.698  59.471 0.0000000000
41549  -16.214  -49.722  55.229 0.0000000000
41536  -16.031  -49.819  56.155 0.0000000000
41521  -15.988  -49.877  57.070 0.0000000000
142997  -49.791  -22.743  37.932 0.0000000000
138197  -50.520  -22.118  39.133 0.0000000000
70950  -50.646  -21.936  39.966 0.0000000000
55443  -43.870  -37.280  53.873 0.0000000000
54358  -44.541  -37.886  52.415 0.0000000000
55485  -41.963  -36.823  48.501 0.0000000000
55494  -42.961  -36.002  47.862 0.0000000000
56572  -43.652  -35.942  48.140 0.0000000000
56585  -44.200  -35.385  47.695 0.0000000000
56584  -43.420  -35.644  47.415 0.0000000000
43935  -19.036  -47.893  53.269 0.0000000000
43921  -19.274  -47.977  54.153 0.0000000000
43936  -19.921  -47.409  53.404 0.0000000000
45005  -20.599  -46.783  53.562 0.0000000000
47123  -21.733  -45.049  51.637 0.0000000000
47082  -21.534  -45.658  52.841 0.0000000000
47083  -22.078  -45.296  52.953 0.0000000000
46033  -22.093  -46.090  54.043 0.0000000000
46018  -22.404  -46.481  54.747 0.0000000000
44970  -22.411  -46.830  55.630 0.0000000000
44971  -23.089  -47.033  55.075 0.0000000000
43909  -24.017  -47.392  55.371 0.0000000000
53398  -34.719  -38.328  49.414 0.0000000000
153759  -34.312  -39.226  49.362 0.0000000000
52341  -35.110  -39.365  50.179 0.0000000000
130960  -35.500  -39.670  50.732 0.0000000000
51303  -35.363  -40.277  51.209 0.0000000000
138060  -35.445  -40.785  52.474 0.0000000000
51271  -35.947  -40.285  52.566 0.0000000000
52305  -36.281  -40.094  52.723 0.0000000000
51273  -36.434  -40.282  53.280 0.0000000000
137635  -37.135  -40.081  53.562 0.0000000000
53325  -37.403  -39.832  53.417 0.0000000000
151984  -37.663  -39.688  53.397 0.0000000000
53326  -38.301  -39.492  53.825 0.0000000000
53373  -39.810  -38.642  51.967 0.0000000000
53359  -39.533  -38.942  52.578 0.0000000000
53360  -40.387  -38.723  52.449 0.0000000000
54329  -42.033  -37.674  55.210 0.0000000000
54338  -42.290  -37.995  54.427 0.0000000000
54339  -43.118  -37.699  54.159 0.0000000000
43942  -18.947  -47.996  51.876 0.0000000000
65925  -47.434  -27.089  49.536 0.0000000000
135847  -47.625  -26.573  49.927 0.0000000000
136666  -47.482  -26.966  49.201 0.0000000000
65926  -47.821  -26.528  49.229 0.0000000000
65940  -48.513  -26.036  49.077 0.0000000000
63712  -49.595  -28.980  45.085 0.0000000000
147616  -49.567  -28.016  46.202 0.0000000000
64837  -50.121  -28.576  45.786 0.0000000000
64819  -50.403  -27.998  46.391 0.0000000000
65956  -51.220  -26.922  47.330 0.0000000000
130040  -51.803  -25.867  48.118 0.0000000000
130039  -52.035  -26.654  46.818 0.0000000000
64821  -51.916  -26.936  46.159 0.0000000000
71988  -54.585  -20.702  37.351 0.0000000000
141239  -54.542  -20.515  38.088 0.0000000000
72957  -55.158  -20.235  37.759 0.0000000000
72939  -55.513  -19.736  39.163 0.0000000000
73977  -56.142  -19.000  40.079 0.0000000000
74997  -58.974  -17.117  41.321 0.0000000000
148963  -58.342  -17.543  41.344 0.0000000000
75979  -58.596  -17.070  43.157 0.0000000000
82980  -61.091  -8.937  32.349 0.0000000000
143804  -46.643  -23.267  34.589 0.0000000000
154501  -51.393  -21.879  32.748 0.0000000000
71037  -51.963  -21.592  32.613 0.0000000000
71038  -52.824  -21.168  32.811 0.0000000000
142261  -53.171  -20.786  32.341 0.0000000000
74055  -55.607  -18.652  31.681 0.0000000000
74048  -56.711  -18.245  32.735 0.0000000000
149732  -55.983  -18.129  31.309 0.0000000000
75102  -56.532  -17.757  31.483 0.0000000000
76110  -56.813  -17.161  31.062 0.0000000000
76127  -57.163  -16.478  30.709 0.0000000000
76126  -56.436  -16.785  30.327 0.0000000000
27734  -11.106  -61.729  52.964 0.0000000000
32324  -11.195  -57.452  57.629 0.0000000000
31136  -10.939  -58.246  57.955 0.0000000000
30045  -11.045  -59.717  57.642 0.0000000000
27678  -9.807  -61.326  59.010 0.0000000000
26439  -10.644  -62.607  57.849 0.0000000000
141375  -10.952  -62.957  57.013 0.0000000000
153173  -10.609  -63.271  57.964 0.0000000000
25177  -10.585  -64.104  57.680 0.0000000000
23938  -10.479  -64.968  57.417 0.0000000000
22701  -10.498  -65.570  57.222 0.0000000000
23935  -11.502  -64.754  58.218 0.0000000000
56507  -46.918  -35.790  53.446 0.0000000000
56520  -47.627  -35.637  52.755 0.0000000000
59761  -48.127  -33.171  48.691 0.0000000000
58714  -48.429  -33.458  50.281 0.0000000000
59755  -48.487  -32.635  49.879 0.0000000000
60675  -48.329  -31.914  51.389 0.0000000000
60684  -48.110  -31.043  50.970 0.0000000000
147520  -48.095  -30.255  50.582 0.0000000000
134649  -47.922  -29.355  50.723 0.0000000000
62576  -47.911  -29.644  48.206 0.0000000000
61669  -45.293  -30.016  44.186 0.0000000000
62637  -45.610  -29.402  43.733 0.0000000000
63746  -45.295  -29.383  43.101 0.0000000000
63762  -44.761  -29.451  42.371 0.0000000000
62693  -44.091  -29.449  40.091 0.0000000000
43866  -20.321  -47.946  59.135 0.0000000000
43848  -20.722  -47.155  59.661 0.0000000000
44861  -22.378  -46.223  63.093 0.0000000000
46105  -27.321  -45.606  50.386 0.0000000000
46104  -26.520  -45.613  50.344 0.0000000000
131427  -26.948  -45.762  51.043 0.0000000000
150141  -26.981  -46.223  52.218 0.0000000000
152343  -26.891  -46.412  52.839 0.0000000000
45010  -26.667  -46.658  53.558 0.0000000000
44989  -27.151  -46.789  54.277 0.0000000000
44973  -27.518  -46.960  55.120 0.0000000000
48203  -32.108  -43.201  49.474 0.0000000000
48202  -31.506  -43.653  49.201 0.0000000000
48187  -31.697  -43.710  49.980 0.0000000000
47108  -31.784  -44.520  52.149 0.0000000000
46006  -32.740  -45.818  56.143 0.0000000000
45996  -31.873  -46.096  56.358 0.0000000000
44962  -31.339  -46.618  56.924 0.0000000000
44961  -30.502  -46.777  56.664 0.0000000000
44947  -30.787  -47.035  57.585 0.0000000000
44927  -30.898  -47.378  58.408 0.0000000000
43854  -30.295  -47.592  58.962 0.0000000000
44896  -29.655  -47.344  60.332 0.0000000000
44908  -30.351  -47.306  59.792 0.0000000000
44884  -30.515  -46.459  61.037 0.0000000000
45953  -31.132  -46.113  60.905 0.0000000000
40358  -14.995  -51.137  52.372 0.0000000000
40371  -14.971  -51.373  51.734 0.0000000000
39169  -14.689  -51.907  52.274 0.0000000000
38034  -14.619  -52.599  51.720 0.0000000000
38026  -14.471  -52.637  52.487 0.0000000000
38014  -14.068  -52.961  53.902 0.0000000000
36841  -13.624  -53.540  54.462 0.0000000000
36831  -13.391  -53.342  55.299 0.0000000000
39051  -14.472  -51.477  60.547 0.0000000000
39069  -14.439  -51.489  59.666 0.0000000000
67095  -47.465  -25.860  38.308 0.0000000000
67096  -48.112  -25.700  38.709 0.0000000000
69019  -49.836  -23.612  41.091 0.0000000000
68048  -49.775  -24.307  40.566 0.0000000000
67046  -50.852  -24.963  42.513 0.0000000000
68022  -51.162  -24.450  43.368 0.0000000000
130198  -51.782  -24.486  44.562 0.0000000000
72918  -53.603  -19.686  41.917 0.0000000000
71925  -52.513  -19.985  42.040 0.0000000000
72906  -53.131  -19.681  42.729 0.0000000000
72888  -52.787  -19.696  43.488 0.0000000000
141297  -52.557  -19.733  44.184 0.0000000000
78167  -57.959  -15.098  29.992 0.0000000000
78168  -58.703  -14.814  30.306 0.0000000000
78169  -59.171  -14.169  29.917 0.0000000000
79189  -58.761  -13.692  29.319 0.0000000000
81151  -60.154  -11.158  28.496 0.0000000000
136985  -60.517  -10.773  28.802 0.0000000000
82049  -59.707  -10.574  27.908 0.0000000000
83005  -60.079  -9.846  27.761 0.0000000000
83013  -60.592  -9.142  27.855 0.0000000000
80276  -57.912  -12.435  24.412 0.0000000000
81210  -57.946  -11.509  25.153 0.0000000000
82093  -58.479  -9.494  25.804 0.0000000000
83954  -58.950  -8.452  26.092 0.0000000000
83955  -59.419  -8.229  25.966 0.0000000000
84853  -60.041  -8.019  26.017 0.0000000000
85763  -61.756  -6.984  26.485 0.0000000000
131606  -61.775  -7.257  25.924 0.0000000000
84897  -62.087  -8.025  22.273 0.0000000000
84898  -62.834  -7.163  21.816 0.0000000000
54391  -41.661  -37.344  49.210 0.0000000000
54404  -40.353  -37.289  48.438 0.0000000000
54405  -41.129  -37.144  48.510 0.0000000000
139429  -41.381  -36.663  47.761 0.0000000000
45046  -20.272  -46.637  51.054 0.0000000000
47138  -21.372  -44.663  50.516 0.0000000000
47124  -22.150  -44.675  51.430 0.0000000000
46088  -22.719  -45.017  51.952 0.0000000000
53443  -32.496  -37.737  47.273 0.0000000000
53409  -34.053  -37.937  48.946 0.0000000000
54400  -34.570  -37.667  48.441 0.0000000000
53399  -35.389  -38.042  49.844 0.0000000000
53382  -35.924  -38.654  50.370 0.0000000000
53369  -36.536  -38.614  50.779 0.0000000000
131012  -36.763  -39.193  51.466 0.0000000000
53370  -37.262  -38.606  51.106 0.0000000000
53386  -38.785  -38.258  51.015 0.0000000000
53372  -39.667  -38.223  51.298 0.0000000000
64834  -46.892  -28.796  45.220 0.0000000000
64817  -47.707  -27.885  46.349 0.0000000000
64835  -47.370  -28.374  45.641 0.0000000000
131976  -48.232  -29.354  44.451 0.0000000000
62647  -47.871  -29.688  42.905 0.0000000000
62648  -48.577  -29.578  43.336 0.0000000000
63731  -49.073  -29.385  44.468 0.0000000000
62649  -49.317  -29.481  43.746 0.0000000000
63750  -50.075  -29.213  43.404 0.0000000000
74011  -57.319  -19.054  36.615 0.0000000000
74000  -56.995  -19.021  37.484 0.0000000000
74001  -57.833  -18.712  37.251 0.0000000000
73988  -57.833  -18.294  38.765 0.0000000000
75016  -58.638  -17.642  39.641 0.0000000000
75025  -59.366  -17.131  38.295 0.0000000000
140380  -59.195  -17.237  39.209 0.0000000000
75017  -59.126  -17.245  39.931 0.0000000000
74998  -59.774  -16.446  41.361 0.0000000000
134659  -59.912  -16.134  42.321 0.0000000000
79138  -61.383  -12.938  36.534 0.0000000000
81099  -60.782  -11.580  34.250 0.0000000000
31203  -12.091  -58.200  51.133 0.0000000000
30095  -12.015  -59.587  53.380 0.0000000000
56560  -46.872  -35.422  49.511 0.0000000000
157427  -47.443  -34.627  49.510 0.0000000000
148449  -47.671  -33.887  48.984 0.0000000000
58746  -47.005  -33.285  47.572 0.0000000000
58731  -47.665  -33.293  48.160 0.0000000000
59768  -48.189  -32.558  48.083 0.0000000000
60704  -48.297  -31.774  47.826 0.0000000000
60713  -48.087  -31.153  47.294 0.0000000000
60712  -47.540  -31.660  46.608 0.0000000000
60720  -46.833  -31.135  46.194 0.0000000000
61658  -45.374  -30.769  44.720 0.0000000000
61675  -44.551  -29.714  42.963 0.0000000000
153049  -21.803  -46.626  58.687 0.0000000000
45966  -21.583  -46.207  59.700 0.0000000000
139613  -21.939  -45.876  60.065 0.0000000000
45952  -22.563  -45.821  61.717 0.0000000000
44879  -23.261  -45.894  61.903 0.0000000000
45935  -22.588  -45.847  62.647 0.0000000000
45909  -22.730  -45.931  63.645 0.0000000000
44849  -25.284  -46.820  64.339 0.0000000000
46118  -27.697  -45.535  49.837 0.0000000000
46106  -28.201  -45.573  50.496 0.0000000000
46093  -28.264  -45.711  51.412 0.0000000000
156990  -29.065  -45.597  51.923 0.0000000000
48154  -33.634  -43.373  52.442 0.0000000000
48136  -33.053  -43.993  52.865 0.0000000000
48137  -33.715  -43.736  53.294 0.0000000000
47069  -33.519  -44.625  54.559 0.0000000000
142070  -33.883  -44.736  55.177 0.0000000000
47061  -34.623  -44.760  55.578 0.0000000000
46022  -33.436  -45.521  55.873 0.0000000000
46007  -33.508  -45.833  56.671 0.0000000000
45997  -33.434  -46.069  57.620 0.0000000000
45980  -32.934  -46.341  58.377 0.0000000000
45969  -32.270  -46.334  59.561 0.0000000000
45970  -32.996  -45.961  59.180 0.0000000000
47017  -33.185  -45.360  59.742 0.0000000000
138235  -33.589  -44.756  59.962 0.0000000000
48078  -34.630  -43.692  59.648 0.0000000000
48077  -34.016  -43.994  60.214 0.0000000000
47006  -33.475  -44.350  60.997 0.0000000000
41607  -16.546  -49.750  50.600 0.0000000000
41574  -15.843  -50.000  52.903 0.0000000000
40359  -15.408  -50.559  52.552 0.0000000000
39146  -14.404  -51.650  54.932 0.0000000000
39129  -14.507  -51.458  55.740 0.0000000000
39110  -14.694  -51.160  56.477 0.0000000000
40288  -14.777  -50.966  58.053 0.0000000000
142741  -15.485  -50.514  57.537 0.0000000000
40276  -14.916  -50.881  59.084 0.0000000000
69062  -48.754  -24.810  37.856 0.0000000000
69051  -49.306  -24.515  38.658 0.0000000000
138499  -49.718  -24.002  39.730 0.0000000000
70002  -49.736  -22.894  38.540 0.0000000000
69984  -49.841  -23.197  39.995 0.0000000000
151174  -49.828  -23.357  40.786 0.0000000000
69960  -49.901  -22.489  42.037 0.0000000000
80227  -54.998  -11.706  28.698 0.0000000000
81146  -55.240  -10.536  28.535 0.0000000000
81211  -58.714  -12.009  24.508 0.0000000000
82119  -59.810  -10.766  24.570 0.0000000000
82108  -60.520  -10.225  24.341 0.0000000000
83981  -61.114  -9.041  24.497 0.0000000000
83061  -61.107  -9.665  24.099 0.0000000000
135610  -61.095  -10.427  23.545 0.0000000000
83062  -61.418  -9.666  23.190 0.0000000000
82121  -61.437  -10.394  22.652 0.0000000000
150393  -61.687  -9.633  22.431 0.0000000000
34621  -12.939  -55.448  54.375 0.0000000000
134123  -12.750  -55.951  54.667 0.0000000000
34611  -12.426  -56.054  55.961 0.0000000000
33475  -10.388  -56.713  58.855 0.0000000000
56495  -45.739  -35.870  54.694 0.0000000000
56506  -45.934  -36.009  53.787 0.0000000000
55444  -44.671  -37.000  53.646 0.0000000000
55445  -45.483  -36.765  53.396 0.0000000000
55446  -46.226  -36.435  53.003 0.0000000000
55461  -46.585  -36.947  51.411 0.0000000000
55469  -46.707  -36.853  50.528 0.0000000000
54366  -42.913  -37.926  51.296 0.0000000000
54367  -43.808  -37.969  51.147 0.0000000000
54381  -44.551  -37.710  50.719 0.0000000000
55476  -43.193  -36.864  49.255 0.0000000000
55459  -45.380  -37.559  50.798 0.0000000000
55468  -45.931  -37.145  50.127 0.0000000000
56544  -46.501  -36.445  49.762 0.0000000000
56559  -46.116  -35.913  49.268 0.0000000000
57703  -44.624  -34.712  47.270 0.0000000000
58744  -44.980  -33.939  46.941 0.0000000000
58760  -43.906  -33.879  46.003 0.0000000000
58778  -43.604  -33.609  45.305 0.0000000000
41524  -18.313  -49.626  57.855 0.0000000000
153818  -19.144  -48.991  56.504 0.0000000000
42753  -19.749  -49.114  56.903 0.0000000000
42762  -19.646  -48.451  55.510 0.0000000000
136959  -20.261  -48.512  57.052 0.0000000000
133550  -20.699  -47.552  57.277 0.0000000000
43884  -21.157  -47.182  57.268 0.0000000000
44922  -21.497  -47.005  58.022 0.0000000000
136636  -21.089  -46.558  54.072 0.0000000000
46054  -21.573  -46.080  53.533 0.0000000000
46031  -21.589  -46.534  54.831 0.0000000000
45995  -21.803  -46.867  57.696 0.0000000000
139380  -22.054  -46.729  57.786 0.0000000000
44923  -22.248  -46.645  58.468 0.0000000000
44924  -23.006  -47.001  58.816 0.0000000000
44956  -22.789  -47.178  57.002 0.0000000000
44944  -22.893  -47.122  57.942 0.0000000000
130740  -24.707  -47.817  59.040 0.0000000000
43869  -25.710  -48.239  58.823 0.0000000000
49310  -32.111  -42.126  46.714 0.0000000000
49296  -32.298  -42.294  47.522 0.0000000000
48216  -31.836  -43.066  48.660 0.0000000000
49289  -32.578  -42.688  49.049 0.0000000000
49269  -32.764  -42.847  49.740 0.0000000000
49232  -33.382  -42.891  51.191 0.0000000000
51361  -33.049  -39.788  47.969 0.0000000000
51343  -33.410  -40.119  48.730 0.0000000000
52355  -33.883  -39.499  49.203 0.0000000000
51329  -33.833  -40.420  49.418 0.0000000000
50269  -33.712  -41.289  49.655 0.0000000000
49233  -33.814  -42.739  51.757 0.0000000000
49217  -34.258  -42.513  52.447 0.0000000000
49190  -34.973  -42.755  54.161 0.0000000000
50217  -35.425  -41.246  53.036 0.0000000000
50218  -35.478  -41.807  53.834 0.0000000000
49191  -35.736  -42.517  54.560 0.0000000000
49177  -37.122  -42.349  55.820 0.0000000000
50180  -37.549  -42.119  56.720 0.0000000000
50165  -37.413  -42.052  57.811 0.0000000000
50181  -37.990  -41.042  56.362 0.0000000000
51230  -38.160  -40.351  57.028 0.0000000000
52277  -38.437  -39.563  56.868 0.0000000000
52286  -37.956  -39.825  55.160 0.0000000000
138269  -38.472  -39.543  55.987 0.0000000000
150359  -38.644  -39.250  56.787 0.0000000000
53293  -38.947  -38.770  56.911 0.0000000000
133540  -39.398  -38.285  57.496 0.0000000000
54302  -39.950  -37.911  57.431 0.0000000000
54335  -38.947  -39.247  53.991 0.0000000000
139511  -39.216  -39.134  53.296 0.0000000000
54314  -40.126  -38.231  56.536 0.0000000000
55413  -41.466  -37.150  56.955 0.0000000000
55428  -42.581  -37.043  55.708 0.0000000000
55415  -43.104  -36.421  56.188 0.0000000000
42805  -16.968  -48.954  51.884 0.0000000000
147230  -17.742  -48.691  51.881 0.0000000000
41551  -17.675  -49.110  55.639 0.0000000000
65865  -48.466  -26.379  52.597 0.0000000000
66960  -48.276  -25.649  51.012 0.0000000000
67932  -49.085  -24.991  52.272 0.0000000000
67921  -49.769  -24.329  53.062 0.0000000000
68871  -50.352  -23.888  53.255 0.0000000000
65968  -47.914  -27.433  46.961 0.0000000000
65955  -48.211  -26.980  47.782 0.0000000000
65941  -48.891  -26.358  48.295 0.0000000000
138596  -49.394  -26.802  47.460 0.0000000000
66972  -49.915  -25.147  49.456 0.0000000000
67954  -50.718  -24.251  50.394 0.0000000000
137389  -51.728  -23.383  51.156 0.0000000000
130044  -52.544  -25.307  47.987 0.0000000000
70969  -51.823  -22.151  37.346 0.0000000000
132709  -51.760  -21.934  38.125 0.0000000000
153523  -52.404  -21.827  37.772 0.0000000000
71977  -52.665  -21.195  38.995 0.0000000000
71956  -53.266  -20.423  40.349 0.0000000000
149292  -54.322  -20.191  39.394 0.0000000000
72937  -54.029  -19.957  40.088 0.0000000000
72929  -53.762  -19.835  40.953 0.0000000000
137085  -54.384  -19.400  42.205 0.0000000000
73951  -54.725  -18.984  42.805 0.0000000000
73910  -55.345  -18.335  44.296 0.0000000000
73978  -56.709  -18.857  39.359 0.0000000000
138424  -56.869  -18.667  40.078 0.0000000000
73961  -56.404  -18.565  41.497 0.0000000000
74986  -57.692  -17.789  41.832 0.0000000000
73954  -56.921  -18.224  42.017 0.0000000000
73953  -56.229  -18.463  42.244 0.0000000000
73937  -56.191  -18.261  43.128 0.0000000000
23952  -8.828  -65.613  54.078 0.0000000000
155252  -45.275  -28.336  37.477 0.0000000000
63845  -45.813  -28.488  37.967 0.0000000000
64958  -45.695  -27.509  37.543 0.0000000000
66115  -45.255  -26.203  36.445 0.0000000000
66095  -46.469  -25.969  37.396 0.0000000000
67113  -46.869  -25.600  37.064 0.0000000000
68102  -47.208  -25.155  36.779 0.0000000000
69083  -46.322  -24.340  35.441 0.0000000000
69072  -47.430  -24.515  36.484 0.0000000000
69073  -48.030  -24.162  36.811 0.0000000000
69086  -48.131  -23.801  36.500 0.0000000000
70017  -48.638  -23.415  36.450 0.0000000000
70034  -47.286  -23.357  35.152 0.0000000000
147505  -49.351  -23.146  36.678 0.0000000000
70018  -49.847  -22.880  36.534 0.0000000000
70019  -50.553  -22.645  36.374 0.0000000000
70054  -50.081  -22.533  34.659 0.0000000000
70020  -50.902  -22.554  35.735 0.0000000000
152557  -51.275  -22.554  36.205 0.0000000000
70979  -52.075  -22.330  36.426 0.0000000000
70980  -53.057  -21.809  36.245 0.0000000000
70981  -53.789  -21.295  36.222 0.0000000000
155880  -52.840  -21.578  33.941 0.0000000000
70996  -53.510  -21.564  35.280 0.0000000000
70982  -54.565  -20.761  36.363 0.0000000000
71998  -55.372  -20.362  35.976 0.0000000000
72975  -55.986  -19.869  35.572 0.0000000000
72061  -53.061  -20.598  31.673 0.0000000000
72062  -53.811  -20.290  32.225 0.0000000000
73001  -54.563  -19.817  32.552 0.0000000000
72991  -54.727  -19.947  33.170 0.0000000000
72992  -55.150  -19.852  33.634 0.0000000000
148805  -55.963  -19.758  34.833 0.0000000000
72966  -56.779  -19.503  35.959 0.0000000000
72977  -57.110  -19.170  35.302 0.0000000000
74018  -57.603  -18.767  34.998 0.0000000000
74019  -58.318  -18.413  35.416 0.0000000000
74040  -57.263  -18.043  33.436 0.0000000000
75069  -57.913  -17.777  34.028 0.0000000000
75070  -58.520  -17.816  34.688 0.0000000000
141030  -58.951  -16.968  34.648 0.0000000000
77087  -58.989  -16.052  34.175 0.0000000000
77095  -58.960  -15.163  33.643 0.0000000000
77103  -58.605  -15.453  32.837 0.0000000000
151753  -58.383  -15.760  32.254 0.0000000000
77111  -58.349  -15.672  31.541 0.0000000000
77119  -57.539  -15.781  30.361 0.0000000000
77120  -58.255  -15.471  30.699 0.0000000000
78178  -56.511  -14.619  29.321 0.0000000000
78192  -55.863  -13.865  28.995 0.0000000000
79199  -53.825  -12.426  28.746 0.0000000000
33511  -12.673  -56.547  54.379 0.0000000000
32356  -12.436  -57.284  54.215 0.0000000000
32355  -12.166  -57.789  54.740 0.0000000000
32335  -11.765  -58.045  56.244 0.0000000000
31150  -11.993  -58.358  55.327 0.0000000000
31159  -12.097  -58.540  54.464 0.0000000000
131129  -12.073  -59.197  54.153 0.0000000000
30081  -12.062  -59.927  54.290 0.0000000000
30038  -9.650  -59.858  58.716 0.0000000000
30044  -10.288  -59.894  58.201 0.0000000000
27679  -9.965  -61.136  58.628 0.0000000000
28898  -10.851  -60.587  57.792 0.0000000000
153231  -11.349  -60.240  57.146 0.0000000000
28908  -11.593  -60.411  56.378 0.0000000000
28920  -11.707  -60.652  55.500 0.0000000000
28931  -11.785  -60.790  54.528 0.0000000000
27714  -11.434  -61.485  54.392 0.0000000000
27723  -11.171  -61.985  53.854 0.0000000000
22715  -9.229  -65.693  54.951 0.0000000000
151580  -9.549  -66.286  55.785 0.0000000000
21495  -10.020  -66.729  56.156 0.0000000000
21491  -10.394  -66.178  56.752 0.0000000000
21492  -10.823  -66.449  56.805 0.0000000000
63592  -49.767  -29.178  54.335 0.0000000000
57569  -46.902  -34.792  55.972 0.0000000000
56497  -47.247  -35.082  54.083 0.0000000000
57620  -48.462  -34.433  52.376 0.0000000000
58706  -48.536  -33.590  51.135 0.0000000000
153137  -48.603  -33.815  51.869 0.0000000000
58694  -48.642  -33.376  53.488 0.0000000000
151194  -48.804  -30.979  54.535 0.0000000000
61544  -49.114  -30.280  54.662 0.0000000000
60663  -48.315  -30.840  52.916 0.0000000000
154676  -48.448  -30.267  53.501 0.0000000000
61555  -48.593  -29.751  53.990 0.0000000000
62503  -48.671  -29.022  54.005 0.0000000000
63602  -48.359  -28.428  53.407 0.0000000000
64731  -47.997  -27.377  52.497 0.0000000000
64744  -47.636  -27.720  51.563 0.0000000000
62556  -47.649  -28.558  50.246 0.0000000000
63646  -47.480  -27.970  49.724 0.0000000000
64757  -47.466  -27.382  50.044 0.0000000000
64790  -47.375  -27.645  48.486 0.0000000000
141624  -47.354  -27.839  47.846 0.0000000000
140153  -47.289  -29.751  46.541 0.0000000000
62625  -46.433  -29.804  45.277 0.0000000000
63700  -46.937  -28.907  46.423 0.0000000000
151718  -46.946  -28.565  45.647 0.0000000000
63763  -45.580  -29.274  42.931 0.0000000000
63783  -46.139  -29.572  42.145 0.0000000000
62734  -45.341  -29.337  38.551 0.0000000000
59816  -42.327  -32.371  43.110 0.0000000000
60749  -42.836  -31.311  42.689 0.0000000000
148853  -42.961  -30.560  41.966 0.0000000000
61699  -42.450  -30.190  41.409 0.0000000000
62675  -42.828  -29.634  41.282 0.0000000000
63780  -43.097  -29.328  41.145 0.0000000000
63823  -41.503  -28.902  39.812 0.0000000000
139865  -42.664  -29.101  40.643 0.0000000000
63804  -43.399  -29.165  40.908 0.0000000000
63825  -43.090  -29.222  39.868 0.0000000000
62708  -43.749  -29.536  39.277 0.0000000000
62733  -44.411  -29.497  38.500 0.0000000000
62757  -45.018  -29.074  37.782 0.0000000000
41512  -18.488  -49.744  58.564 0.0000000000
41501  -18.939  -49.310  59.223 0.0000000000
42727  -19.592  -48.422  59.759 0.0000000000
45949  -21.051  -46.358  60.409 0.0000000000
47125  -23.026  -44.749  51.139 0.0000000000
46089  -23.616  -45.317  51.630 0.0000000000
45023  -23.871  -46.023  52.866 0.0000000000
45008  -24.438  -46.544  53.380 0.0000000000
43925  -24.782  -47.327  54.917 0.0000000000
43910  -25.028  -47.645  55.638 0.0000000000
44988  -26.205  -46.923  54.241 0.0000000000
43911  -26.066  -47.644  55.619 0.0000000000
152709  -25.591  -47.823  56.240 0.0000000000
43870  -26.378  -48.289  58.235 0.0000000000
132762  -26.742  -48.414  58.932 0.0000000000
47155  -29.791  -44.777  48.917 0.0000000000
47157  -31.110  -44.146  49.645 0.0000000000
47142  -29.849  -44.822  49.885 0.0000000000
138978  -29.637  -45.044  50.724 0.0000000000
45013  -29.383  -45.844  53.401 0.0000000000
156371  -32.763  -44.549  52.927 0.0000000000
47084  -32.143  -44.763  53.026 0.0000000000
148387  -31.463  -45.115  53.346 0.0000000000
46037  -31.591  -45.599  54.757 0.0000000000
155297  -30.861  -45.262  53.132 0.0000000000
46059  -30.232  -45.534  53.257 0.0000000000
44991  -29.166  -46.311  54.126 0.0000000000
144449  -28.988  -46.618  54.774 0.0000000000
44974  -28.427  -46.862  55.300 0.0000000000
43900  -28.181  -47.573  56.738 0.0000000000
44946  -29.883  -47.179  57.231 0.0000000000
44945  -29.034  -47.359  56.947 0.0000000000
43872  -28.026  -47.989  58.183 0.0000000000
136258  -27.633  -48.245  58.931 0.0000000000
43851  -27.195  -48.333  59.699 0.0000000000
43837  -27.573  -48.070  60.451 0.0000000000
44881  -27.662  -47.728  61.708 0.0000000000
153745  -28.207  -47.204  62.161 0.0000000000
44895  -28.982  -47.368  60.874 0.0000000000
141128  -28.902  -46.951  61.670 0.0000000000
136017  -28.087  -46.815  63.241 0.0000000000
135120  -31.578  -45.627  61.272 0.0000000000
45924  -31.448  -45.107  62.048 0.0000000000
34652  -13.628  -55.516  52.217 0.0000000000
34637  -13.452  -55.266  53.103 0.0000000000
39193  -15.244  -51.251  50.248 0.0000000000
36876  -14.461  -53.350  49.494 0.0000000000
36854  -14.430  -53.313  52.157 0.0000000000
36860  -14.283  -54.213  51.674 0.0000000000
131889  -13.990  -54.817  52.511 0.0000000000
35726  -12.848  -54.666  55.565 0.0000000000
39068  -13.804  -51.939  59.394 0.0000000000
64942  -46.597  -28.093  38.318 0.0000000000
64907  -48.204  -28.056  40.069 0.0000000000
63808  -48.709  -28.391  40.706 0.0000000000
63786  -49.670  -28.295  41.630 0.0000000000
64878  -50.218  -27.815  42.146 0.0000000000
67086  -48.765  -25.389  39.246 0.0000000000
67087  -48.940  -25.516  39.830 0.0000000000
67075  -49.601  -25.183  40.268 0.0000000000
139061  -49.359  -25.938  40.210 0.0000000000
64870  -51.215  -27.873  43.600 0.0000000000
65994  -51.442  -27.105  44.093 0.0000000000
130323  -51.710  -26.067  44.010 0.0000000000
148064  -52.092  -26.591  45.378 0.0000000000
70959  -51.795  -21.769  38.788 0.0000000000
70951  -51.327  -21.727  39.427 0.0000000000
70943  -51.196  -21.560  40.231 0.0000000000
130856  -51.981  -20.664  41.448 0.0000000000
71941  -50.870  -21.223  41.778 0.0000000000
70932  -50.230  -21.485  41.787 0.0000000000
70918  -50.100  -21.211  42.317 0.0000000000
70904  -50.072  -21.745  42.542 0.0000000000
69950  -50.340  -21.916  43.357 0.0000000000
70887  -50.759  -21.846  44.290 0.0000000000
69925  -50.567  -22.474  44.085 0.0000000000
151057  -50.779  -23.086  44.363 0.0000000000
138045  -59.419  -14.620  34.124 0.0000000000
78143  -59.242  -14.258  33.474 0.0000000000
154761  -59.474  -13.587  33.372 0.0000000000
79167  -59.415  -13.378  32.009 0.0000000000
79158  -59.515  -13.099  32.839 0.0000000000
80180  -59.822  -12.376  33.085 0.0000000000
80189  -59.948  -11.775  32.474 0.0000000000
81115  -60.330  -11.027  32.745 0.0000000000
80215  -59.089  -12.983  28.910 0.0000000000
80230  -58.413  -12.290  28.516 0.0000000000
80207  -60.227  -12.161  30.612 0.0000000000
138845  -60.283  -11.456  31.100 0.0000000000
82025  -60.437  -10.410  32.180 0.0000000000
82985  -60.665  -9.720  31.732 0.0000000000
83898  -60.882  -8.926  31.344 0.0000000000
146238  -60.870  -9.823  29.845 0.0000000000
83907  -60.937  -8.896  30.338 0.0000000000
83899  -61.463  -8.207  31.724 0.0000000000
84805  -61.784  -7.553  31.057 0.0000000000
83011  -57.032  -9.617  27.208 0.0000000000
133722  -57.896  -9.208  27.045 0.0000000000
156149  -60.348  -8.610  27.296 0.0000000000
83923  -59.838  -8.327  26.660 0.0000000000
83924  -60.946  -8.457  27.851 0.0000000000
84823  -61.694  -7.154  29.363 0.0000000000
83969  -61.526  -8.377  24.336 0.0000000000
85775  -62.249  -6.986  24.266 0.0000000000
84888  -62.758  -6.725  22.714 0.0000000000
20330  -8.861  -67.706  55.193 0.0000000000
23934  -10.869  -64.688  58.149 0.0000000000
26429  -9.975  -61.699  59.463 0.0000000000
26443  -10.654  -63.645  57.188 0.0000000000
27684  -11.010  -61.330  57.453 0.0000000000
30039  -10.537  -59.108  58.180 0.0000000000
31141  -11.595  -58.711  56.717 0.0000000000
32313  -10.652  -57.499  58.394 0.0000000000
39145  -13.977  -52.204  55.008 0.0000000000
40267  -17.126  -50.392  59.869 0.0000000000
41510  -16.899  -49.905  58.271 0.0000000000
42795  -17.515  -48.777  52.651 0.0000000000
43824  -27.183  -47.996  61.156 0.0000000000
43825  -27.831  -47.886  61.068 0.0000000000
43890  -28.488  -47.721  57.532 0.0000000000
43896  -23.834  -47.586  56.750 0.0000000000
44846  -22.587  -46.108  63.790 0.0000000000
44928  -31.509  -46.973  58.476 0.0000000000
44942  -21.626  -47.005  57.257 0.0000000000
44969  -22.117  -46.854  56.203 0.0000000000
45027  -27.565  -46.227  52.543 0.0000000000
46021  -32.808  -45.571  55.479 0.0000000000
46074  -21.343  -45.580  52.390 0.0000000000
46092  -26.151  -45.792  51.042 0.0000000000
46094  -30.152  -44.846  51.259 0.0000000000
47060  -33.912  -45.107  55.607 0.0000000000
47105  -21.595  -45.388  52.317 0.0000000000
47122  -21.462  -45.368  51.891 0.0000000000
47126  -30.807  -44.578  50.984 0.0000000000
47143  -30.639  -44.475  50.066 0.0000000000
48172  -31.985  -43.796  50.790 0.0000000000
48215  -31.357  -43.628  48.566 0.0000000000
49252  -33.238  -42.684  50.433 0.0000000000
50166  -37.868  -41.301  57.331 0.0000000000
50193  -37.235  -41.572  55.177 0.0000000000
51272  -35.925  -40.564  53.073 0.0000000000
51289  -35.728  -40.284  51.914 0.0000000000
52318  -36.503  -39.867  52.483 0.0000000000
52356  -34.743  -38.997  49.521 0.0000000000
54312  -39.008  -38.677  57.070 0.0000000000
54313  -39.429  -38.488  56.814 0.0000000000
54393  -43.170  -37.186  49.915 0.0000000000
55493  -42.291  -36.354  47.823 0.0000000000
55502  -41.456  -36.069  46.517 0.0000000000
56558  -45.400  -35.860  48.953 0.0000000000
56596  -43.048  -35.296  46.751 0.0000000000
57669  -46.889  -34.554  48.947 0.0000000000
62505  -49.393  -29.381  54.460 0.0000000000
62522  -48.315  -29.159  53.518 0.0000000000
62639  -48.608  -29.507  43.976 0.0000000000
63591  -49.306  -28.774  54.223 0.0000000000
63766  -48.999  -29.087  42.085 0.0000000000
63768  -50.582  -28.404  43.021 0.0000000000
63803  -41.969  -28.977  40.338 0.0000000000
63807  -48.072  -28.997  40.602 0.0000000000
64774  -47.390  -27.496  49.207 0.0000000000
64801  -47.480  -27.808  46.916 0.0000000000
65866  -48.786  -26.713  53.030 0.0000000000
65893  -47.816  -26.654  51.627 0.0000000000
65910  -47.670  -26.580  50.764 0.0000000000
65953  -47.425  -27.568  48.116 0.0000000000
65969  -49.505  -27.461  46.732 0.0000000000
65970  -50.377  -27.268  47.023 0.0000000000
66947  -48.087  -25.879  51.880 0.0000000000
66948  -48.464  -25.614  51.878 0.0000000000
66969  -47.862  -26.098  50.581 0.0000000000
66981  -49.391  -25.764  48.847 0.0000000000
66994  -50.915  -26.212  48.004 0.0000000000
67933  -49.334  -24.308  52.612 0.0000000000
67944  -49.177  -24.438  52.183 0.0000000000
67955  -51.553  -23.951  50.377 0.0000000000
67964  -49.445  -25.033  50.214 0.0000000000
67975  -51.845  -25.171  48.848 0.0000000000
68872  -51.088  -23.745  53.397 0.0000000000
68881  -49.853  -23.845  52.787 0.0000000000
68882  -50.679  -23.465  52.872 0.0000000000
68903  -50.077  -24.051  51.266 0.0000000000
68988  -50.365  -22.920  43.588 0.0000000000
70905  -50.140  -21.179  42.946 0.0000000000
70942  -50.712  -21.724  40.914 0.0000000000
70960  -52.475  -21.553  38.486 0.0000000000
71009  -51.915  -22.084  34.808 0.0000000000
71024  -52.464  -21.566  33.366 0.0000000000
71911  -51.387  -20.821  43.704 0.0000000000
71978  -53.214  -20.954  38.693 0.0000000000
71979  -54.081  -20.529  38.711 0.0000000000
72011  -54.833  -20.573  35.566 0.0000000000
72025  -53.992  -20.912  34.611 0.0000000000
72033  -53.895  -20.748  33.725 0.0000000000
72034  -54.595  -20.326  33.639 0.0000000000
72045  -53.516  -20.733  32.932 0.0000000000
72060  -52.334  -20.892  31.483 0.0000000000
72871  -52.033  -20.070  44.657 0.0000000000
72889  -53.574  -19.394  43.386 0.0000000000
72938  -54.915  -19.795  39.748 0.0000000000
72949  -56.648  -19.120  38.402 0.0000000000
72965  -55.940  -19.884  36.423 0.0000000000
72986  -55.602  -19.803  34.252 0.0000000000
73935  -54.705  -18.761  43.712 0.0000000000
73960  -55.683  -18.812  41.738 0.0000000000
73969  -56.627  -18.642  40.750 0.0000000000
73979  -57.457  -18.449  39.596 0.0000000000
73987  -57.520  -18.755  38.105 0.0000000000
74002  -58.531  -18.242  37.058 0.0000000000
74012  -57.570  -18.947  35.776 0.0000000000
74030  -57.987  -18.282  34.673 0.0000000000
74056  -56.285  -18.278  31.978 0.0000000000
74987  -58.563  -17.299  42.120 0.0000000000
75007  -59.352  -16.928  40.542 0.0000000000
75015  -58.018  -17.895  39.337 0.0000000000
75061  -58.931  -17.631  35.400 0.0000000000
75079  -58.101  -17.085  33.612 0.0000000000
75091  -57.291  -17.562  32.625 0.0000000000
75996  -59.547  -16.403  43.173 0.0000000000
76017  -60.421  -15.818  40.977 0.0000000000
76067  -59.703  -16.208  35.570 0.0000000000
76111  -57.451  -16.803  31.458 0.0000000000
77075  -59.893  -15.931  36.948 0.0000000000
77076  -60.217  -15.103  37.104 0.0000000000
80229  -57.562  -12.208  28.609 0.0000000000
80291  -59.840  -12.250  23.286 0.0000000000
81120  -60.109  -11.170  31.882 0.0000000000
81239  -61.393  -11.101  22.015 0.0000000000
82039  -60.687  -10.636  29.496 0.0000000000
82050  -60.292  -10.520  28.289 0.0000000000
83941  -59.060  -8.530  26.488 0.0000000000
83942  -59.420  -8.104  26.086 0.0000000000
83967  -59.805  -8.647  25.698 0.0000000000
83968  -60.750  -8.721  25.220 0.0000000000
84822  -61.213  -7.869  28.777 0.0000000000
84854  -61.204  -7.780  26.339 0.0000000000
85743  -61.550  -7.040  26.969 0.0000000000
85787  -62.763  -6.502  23.469 0.0000000000
86837  -63.229  -6.333  22.894 0.0000000000
133812  -38.559  -39.406  55.173 0.0000000000
134214  -13.838  -51.867  60.229 0.0000000000
134238  -18.818  -48.039  52.626 0.0000000000
134556  -59.736  -15.503  35.275 0.0000000000
135165  -35.627  -37.724  49.285 0.0000000000
135177  -23.593  -46.126  63.677 0.0000000000
135977  -21.478  -45.078  51.248 0.0000000000
137001  -47.677  -27.292  51.870 0.0000000000
137569  -22.368  -46.984  56.338 0.0000000000
139318  -41.075  -38.504  54.310 0.0000000000
139641  -30.243  -46.940  60.495 0.0000000000
139930  -39.192  -38.749  56.212 0.0000000000
140109  -27.684  -45.537  49.113 0.0000000000
141367  -47.735  -29.168  49.881 0.0000000000
142077  -62.121  -6.545  26.199 0.0000000000
142214  -46.994  -36.555  51.869 0.0000000000
145715  -46.663  -26.996  38.180 0.0000000000
146310  -56.279  -19.398  34.307 0.0000000000
146410  -24.062  -46.710  53.986 0.0000000000
146900  -13.699  -52.187  58.014 0.0000000000
147065  -35.777  -43.597  55.520 0.0000000000
148069  -51.730  -26.412  47.587 0.0000000000
148464  -61.717  -8.768  33.015 0.0000000000
148964  -21.990  -46.781  56.059 0.0000000000
149005  -47.228  -28.450  46.588 0.0000000000
149687  -56.717  -18.145  42.645 0.0000000000
150355  -59.381  -11.608  24.439 0.0000000000
151878  -12.884  -55.971  54.144 0.0000000000
152226  -61.806  -7.734  24.578 0.0000000000
152574  -57.507  -9.297  26.861 0.0000000000
152696  -55.654  -19.523  39.769 0.0000000000
152797  -49.853  -23.366  41.671 0.0000000000
154181  -50.129  -22.486  37.655 0.0000000000
154490  -54.197  -19.129  43.306 0.0000000000
154538  -29.555  -45.269  51.390 0.0000000000
154906  -20.420  -47.509  55.130 0.0000000000
155370  -50.565  -24.762  49.776 0.0000000000
155743  -58.973  -16.888  42.613 0.0000000000
155785  -10.579  -61.957  57.988 0.0000000000
156227  -42.716  -29.840  41.347 0.0000000000
156753  -24.517  -47.850  58.012 0.0000000000
156983  -9.515  -60.355  58.786 0.0000000000
157075  -58.279  -16.547  33.313 0.0000000000
157115  -10.059  -59.495  58.458 0.0000000000
157894  -47.701  -27.729  52.004 0.0000000000
