#!ascii label  , from subject sub001 vox2ras=TkReg
1708
96920  -38.088  4.561  33.990 0.0000000000
94145  -50.314  2.194  14.141 0.0000000000
101177  -46.786  9.319  39.021 0.0000000000
90873  -51.105  -1.331  23.306 0.0000000000
91758  -49.483  0.171  33.875 0.0000000000
95105  -46.114  3.052  23.098 0.0000000000
100505  -50.513  8.392  25.014 0.0000000000
103713  -44.063  12.431  26.355 0.0000000000
91697  -44.109  0.307  38.771 0.0000000000
89788  -43.502  -2.424  28.449 0.0000000000
144237  -47.466  -0.518  22.119 0.0000000000
95988  -43.800  3.136  29.871 0.0000000000
103580  -51.845  12.607  38.633 0.0000000000
100437  -50.835  8.823  31.391 0.0000000000
102890  -55.236  10.828  29.687 0.0000000000
101271  -47.676  8.885  28.836 0.0000000000
105420  -50.082  13.992  27.436 0.0000000000
95214  -46.781  3.271  14.079 0.0000000000
95862  -38.740  2.899  42.562 0.0000000000
135041  -42.218  8.625  36.789 0.0000000000
95106  -55.994  3.338  23.650 0.0000000000
90806  -51.078  -1.994  28.692 0.0000000000
90745  -42.587  -1.768  33.562 0.0000000000
93880  -42.727  2.162  36.838 0.0000000000
95189  -47.799  2.970  16.493 0.0000000000
97997  -47.913  6.974  17.070 0.0000000000
98726  -46.561  6.674  31.199 0.0000000000
97936  -49.179  5.968  24.300 0.0000000000
99699  -46.970  7.621  19.735 0.0000000000
99671  -44.575  7.129  23.531 0.0000000000
99623  -42.288  7.414  26.638 0.0000000000
93955  -40.652  0.964  31.077 0.0000000000
143770  -43.567  -0.062  28.194 0.0000000000
96945  -41.216  4.069  31.602 0.0000000000
105314  -52.492  15.023  36.233 0.0000000000
102855  -53.576  12.308  33.088 0.0000000000
104460  -55.421  14.191  30.796 0.0000000000
136109  -52.021  13.254  30.449 0.0000000000
137561  -48.697  2.154  13.744 0.0000000000
93806  -37.973  1.036  45.017 0.0000000000
96843  -40.649  3.936  43.759 0.0000000000
90773  -50.296  -1.385  31.264 0.0000000000
89767  -46.951  -3.148  30.913 0.0000000000
90749  -46.272  -1.647  33.598 0.0000000000
94947  -43.608  2.173  38.886 0.0000000000
141615  -38.534  0.745  38.637 0.0000000000
135922  -37.687  0.387  40.711 0.0000000000
131873  -37.834  -1.966  40.439 0.0000000000
92971  -52.069  1.017  19.748 0.0000000000
94056  -45.891  1.334  22.096 0.0000000000
94079  -47.930  1.153  19.018 0.0000000000
95148  -46.399  2.665  19.393 0.0000000000
97086  -47.444  5.021  15.825 0.0000000000
97056  -46.774  4.702  19.734 0.0000000000
100384  -44.305  8.615  38.582 0.0000000000
101224  -43.873  9.479  33.904 0.0000000000
102028  -45.605  10.475  34.594 0.0000000000
99610  -53.039  7.660  27.121 0.0000000000
98745  -50.751  6.378  28.021 0.0000000000
98803  -51.050  7.641  23.762 0.0000000000
98816  -49.225  7.436  21.536 0.0000000000
99675  -49.235  8.107  22.239 0.0000000000
99681  -46.049  7.455  22.261 0.0000000000
99660  -47.851  7.814  24.162 0.0000000000
102067  -45.827  10.801  28.950 0.0000000000
99585  -44.695  8.076  28.191 0.0000000000
101267  -42.973  9.662  28.315 0.0000000000
100475  -41.057  8.508  27.639 0.0000000000
102919  -41.405  11.577  26.825 0.0000000000
89816  -47.329  -2.753  26.142 0.0000000000
137950  -49.897  -0.964  22.095 0.0000000000
90842  -45.569  -1.540  25.362 0.0000000000
92891  -44.615  0.422  25.510 0.0000000000
95080  -45.713  2.880  26.351 0.0000000000
101995  -49.588  10.969  39.010 0.0000000000
102843  -47.976  11.492  34.765 0.0000000000
102846  -50.628  12.289  34.487 0.0000000000
101251  -54.556  9.681  30.686 0.0000000000
144690  -52.827  8.935  27.266 0.0000000000
100494  -49.134  8.210  26.541 0.0000000000
102072  -50.452  10.397  29.706 0.0000000000
102889  -48.855  12.234  29.702 0.0000000000
103698  -46.939  12.768  27.333 0.0000000000
96144  -44.224  4.158  14.317 0.0000000000
97819  -38.085  5.734  38.843 0.0000000000
99538  -39.635  7.146  34.892 0.0000000000
98662  -39.514  6.748  40.159 0.0000000000
99473  -41.812  7.388  41.585 0.0000000000
100329  -44.948  7.910  42.078 0.0000000000
97753  -45.240  5.388  46.840 0.0000000000
100315  -48.102  8.468  43.697 0.0000000000
92914  -54.299  0.431  23.507 0.0000000000
92881  -53.897  0.282  26.158 0.0000000000
154432  -50.765  -1.895  25.808 0.0000000000
88752  -47.409  -3.426  28.235 0.0000000000
88716  -42.915  -3.108  30.933 0.0000000000
94981  -49.415  2.197  35.738 0.0000000000
95894  -45.961  2.800  39.522 0.0000000000
94971  -46.117  2.506  37.272 0.0000000000
92782  -46.634  0.531  35.496 0.0000000000
92804  -43.227  0.284  35.232 0.0000000000
95922  -37.427  3.548  36.380 0.0000000000
137761  -52.135  5.479  14.267 0.0000000000
92969  -50.216  0.773  19.367 0.0000000000
95174  -50.006  2.223  16.834 0.0000000000
97125  -50.072  5.633  12.999 0.0000000000
146839  -48.634  5.854  12.855 0.0000000000
98030  -46.774  6.944  13.286 0.0000000000
98020  -45.845  7.002  14.655 0.0000000000
99559  -42.030  7.290  32.724 0.0000000000
97873  -44.907  5.224  30.595 0.0000000000
96979  -47.162  4.370  27.442 0.0000000000
100436  -49.074  8.346  31.642 0.0000000000
151611  -48.801  5.442  27.898 0.0000000000
97021  -47.498  5.121  24.423 0.0000000000
152007  -48.361  6.521  20.964 0.0000000000
99706  -47.956  7.940  18.212 0.0000000000
97984  -45.578  6.394  18.108 0.0000000000
99643  -46.120  7.270  25.653 0.0000000000
156566  -43.604  7.225  24.551 0.0000000000
97934  -41.852  6.075  23.794 0.0000000000
97924  -40.705  5.941  25.254 0.0000000000
98765  -38.926  6.616  26.347 0.0000000000
137895  -39.180  2.895  32.348 0.0000000000
95030  -41.207  2.534  31.117 0.0000000000
96941  -39.785  4.554  32.550 0.0000000000
105347  -53.785  15.010  33.055 0.0000000000
105386  -55.323  14.842  29.552 0.0000000000
94144  -49.481  1.994  13.985 0.0000000000
91773  -49.634  -0.836  32.667 0.0000000000
90760  -48.441  -1.579  32.559 0.0000000000
136475  -48.416  -0.703  33.842 0.0000000000
91692  -38.948  -0.899  38.847 0.0000000000
91689  -38.049  -1.349  40.144 0.0000000000
91911  -53.000  -0.376  22.125 0.0000000000
133042  -51.917  -0.438  21.660 0.0000000000
95116  -45.835  2.277  22.572 0.0000000000
144231  -46.226  2.203  20.803 0.0000000000
95128  -46.278  3.191  21.199 0.0000000000
141338  -46.380  3.640  19.615 0.0000000000
147166  -46.479  3.799  21.927 0.0000000000
101176  -45.949  8.858  38.736 0.0000000000
101211  -45.348  9.996  36.560 0.0000000000
102016  -46.484  10.416  36.681 0.0000000000
134731  -51.736  8.135  25.098 0.0000000000
98788  -51.651  7.513  24.931 0.0000000000
99663  -51.136  7.959  23.844 0.0000000000
99676  -50.482  7.941  22.841 0.0000000000
99662  -50.047  8.167  23.594 0.0000000000
134429  -48.518  7.986  23.241 0.0000000000
99661  -48.847  7.981  24.113 0.0000000000
102904  -45.080  11.821  27.844 0.0000000000
102080  -44.320  10.219  28.609 0.0000000000
102902  -43.538  11.409  27.685 0.0000000000
146914  -41.833  10.566  27.702 0.0000000000
102920  -42.892  11.614  27.187 0.0000000000
88768  -46.087  -3.210  26.898 0.0000000000
89826  -46.824  -2.406  25.581 0.0000000000
89813  -44.803  -2.220  26.740 0.0000000000
93982  -43.910  1.405  28.681 0.0000000000
92870  -44.208  -0.063  26.904 0.0000000000
93995  -44.818  1.691  27.420 0.0000000000
94015  -44.785  1.263  25.700 0.0000000000
95070  -45.272  2.461  27.619 0.0000000000
102790  -51.209  11.932  39.012 0.0000000000
103612  -50.072  12.375  36.586 0.0000000000
154064  -51.264  12.739  36.849 0.0000000000
102874  -55.808  11.349  31.142 0.0000000000
102048  -54.324  10.694  32.038 0.0000000000
102077  -55.336  10.166  29.748 0.0000000000
100463  -54.180  9.043  28.101 0.0000000000
102082  -53.872  9.798  28.708 0.0000000000
146792  -51.841  9.615  28.573 0.0000000000
102061  -52.138  11.009  30.132 0.0000000000
150651  -51.074  13.907  29.441 0.0000000000
104470  -50.034  13.064  29.812 0.0000000000
104483  -49.030  13.425  28.609 0.0000000000
103692  -47.743  12.573  28.651 0.0000000000
104488  -48.764  13.488  27.748 0.0000000000
96160  -46.316  4.208  13.734 0.0000000000
96867  -38.238  4.611  40.608 0.0000000000
98676  -38.995  6.746  39.232 0.0000000000
96859  -39.142  4.751  41.801 0.0000000000
96835  -41.712  3.583  44.769 0.0000000000
97777  -41.057  5.902  43.005 0.0000000000
98630  -42.491  6.252  43.838 0.0000000000
99457  -43.255  7.308  42.610 0.0000000000
98631  -43.757  6.572  44.259 0.0000000000
138208  -44.903  5.070  48.015 0.0000000000
99414  -46.217  7.271  45.764 0.0000000000
99417  -48.356  8.082  45.363 0.0000000000
101143  -49.559  9.172  43.544 0.0000000000
101131  -49.233  9.152  45.605 0.0000000000
140607  -55.499  1.720  22.488 0.0000000000
94036  -54.900  1.379  23.924 0.0000000000
92871  -53.863  0.168  27.117 0.0000000000
90820  -52.579  -1.229  27.568 0.0000000000
91847  -52.776  -0.791  25.805 0.0000000000
90819  -51.208  -1.845  27.085 0.0000000000
131136  -49.397  -2.556  27.006 0.0000000000
139863  -49.279  -2.635  28.703 0.0000000000
89748  -44.518  -2.808  32.638 0.0000000000
88719  -45.246  -3.380  31.285 0.0000000000
89746  -42.524  -2.660  32.222 0.0000000000
92740  -44.759  1.494  39.655 0.0000000000
94957  -44.189  2.550  38.234 0.0000000000
93882  -44.792  1.999  37.026 0.0000000000
93899  -46.115  1.266  36.158 0.0000000000
92780  -44.621  0.761  35.872 0.0000000000
91732  -45.056  0.040  35.298 0.0000000000
92779  -43.680  0.913  35.888 0.0000000000
151211  -37.342  3.695  37.722 0.0000000000
134561  -37.298  2.939  38.946 0.0000000000
97115  -52.804  5.971  14.572 0.0000000000
140460  -48.172  -0.809  22.092 0.0000000000
91918  -49.451  -0.245  20.872 0.0000000000
91917  -48.517  -0.175  20.903 0.0000000000
138291  -48.261  1.970  17.412 0.0000000000
94113  -48.782  1.622  17.826 0.0000000000
95191  -49.433  2.868  15.984 0.0000000000
95205  -49.854  3.931  14.957 0.0000000000
96147  -49.641  5.140  14.106 0.0000000000
97124  -49.419  5.751  12.915 0.0000000000
96146  -48.824  5.184  14.216 0.0000000000
98007  -47.548  6.173  16.455 0.0000000000
98008  -47.526  6.499  15.315 0.0000000000
98861  -47.183  7.282  15.241 0.0000000000
98859  -46.383  7.147  13.850 0.0000000000
98854  -47.019  7.352  16.037 0.0000000000
100396  -40.905  8.138  36.582 0.0000000000
99545  -40.838  7.311  33.769 0.0000000000
100407  -41.782  8.229  34.628 0.0000000000
99562  -45.629  7.793  32.070 0.0000000000
98720  -44.318  6.991  31.790 0.0000000000
98732  -46.030  6.013  30.787 0.0000000000
96009  -46.485  3.968  28.607 0.0000000000
97879  -47.103  5.106  29.407 0.0000000000
102032  -49.706  10.538  33.414 0.0000000000
101229  -48.546  9.968  33.095 0.0000000000
100433  -49.959  8.707  31.797 0.0000000000
97914  -49.866  6.133  25.853 0.0000000000
97892  -49.431  5.701  27.722 0.0000000000
97913  -48.735  5.540  26.187 0.0000000000
97925  -48.125  5.348  25.819 0.0000000000
97944  -48.487  5.732  23.650 0.0000000000
97038  -47.702  5.650  21.779 0.0000000000
97952  -48.367  5.929  22.469 0.0000000000
99689  -48.190  8.036  20.567 0.0000000000
98822  -48.289  7.750  20.006 0.0000000000
98830  -47.449  7.701  18.836 0.0000000000
98837  -46.465  7.059  17.650 0.0000000000
135961  -46.389  7.125  18.527 0.0000000000
97983  -44.816  5.679  18.650 0.0000000000
98821  -45.751  7.187  20.206 0.0000000000
99680  -44.864  7.112  22.682 0.0000000000
136982  -44.498  6.692  21.430 0.0000000000
100459  -48.200  8.555  28.300 0.0000000000
99607  -47.368  7.645  27.092 0.0000000000
99587  -46.964  7.853  27.934 0.0000000000
99603  -43.613  7.515  27.520 0.0000000000
99625  -44.152  7.088  26.684 0.0000000000
145369  -43.441  7.168  25.949 0.0000000000
98795  -42.304  6.809  23.886 0.0000000000
98785  -42.209  7.125  24.837 0.0000000000
154166  -41.220  6.391  24.942 0.0000000000
98768  -41.679  7.146  25.834 0.0000000000
101288  -39.898  9.643  27.509 0.0000000000
99600  -39.755  8.124  27.157 0.0000000000
100493  -38.883  8.222  26.919 0.0000000000
99619  -37.352  7.471  26.327 0.0000000000
90796  -42.414  -1.528  29.416 0.0000000000
90805  -43.354  -1.544  28.219 0.0000000000
92834  -42.190  0.737  30.076 0.0000000000
95038  -42.456  2.428  30.477 0.0000000000
139522  -42.643  3.198  30.621 0.0000000000
103640  -52.169  13.306  35.115 0.0000000000
104435  -53.109  14.010  34.113 0.0000000000
103657  -55.490  12.602  31.591 0.0000000000
154265  -55.486  12.031  30.369 0.0000000000
140878  -53.323  11.796  30.362 0.0000000000
104474  -55.056  13.337  30.233 0.0000000000
105395  -52.616  14.444  29.350 0.0000000000
95215  -47.709  3.300  13.463 0.0000000000
92711  -39.422  0.672  44.759 0.0000000000
150201  -39.812  2.808  43.579 0.0000000000
93815  -40.397  1.203  44.924 0.0000000000
90798  -50.789  -1.889  29.678 0.0000000000
89769  -48.601  -2.571  30.405 0.0000000000
90782  -49.061  -2.083  30.953 0.0000000000
89751  -47.089  -2.357  32.213 0.0000000000
89740  -44.941  -2.318  33.186 0.0000000000
92754  -43.683  1.023  39.239 0.0000000000
93865  -42.163  1.732  38.420 0.0000000000
151696  -38.417  1.512  38.238 0.0000000000
93850  -37.570  1.413  39.356 0.0000000000
92749  -37.939  0.633  39.233 0.0000000000
91684  -37.805  -1.591  41.064 0.0000000000
92925  -46.291  0.323  22.240 0.0000000000
92951  -48.069  0.292  20.310 0.0000000000
92965  -46.937  0.850  20.237 0.0000000000
94093  -47.238  1.681  18.709 0.0000000000
95172  -46.824  2.922  17.907 0.0000000000
96131  -47.528  3.803  16.089 0.0000000000
96116  -46.739  3.999  17.711 0.0000000000
145770  -46.626  4.313  18.492 0.0000000000
97985  -47.633  6.111  18.352 0.0000000000
100393  -43.118  8.644  37.726 0.0000000000
100405  -43.066  9.193  35.771 0.0000000000
101209  -43.776  9.402  36.066 0.0000000000
101221  -44.983  10.071  34.160 0.0000000000
101241  -46.359  9.239  32.921 0.0000000000
99580  -52.240  7.992  29.470 0.0000000000
99579  -50.841  7.319  29.363 0.0000000000
98746  -51.696  6.777  27.792 0.0000000000
98786  -50.609  6.545  25.073 0.0000000000
97937  -50.139  6.643  23.617 0.0000000000
97945  -49.359  6.532  22.600 0.0000000000
98810  -50.104  7.719  22.482 0.0000000000
99684  -49.419  7.785  21.930 0.0000000000
99683  -48.242  8.127  21.096 0.0000000000
99693  -46.523  7.565  20.598 0.0000000000
99682  -47.454  7.895  21.832 0.0000000000
99673  -46.793  7.581  22.934 0.0000000000
99659  -46.310  7.385  23.951 0.0000000000
101259  -46.751  9.622  29.208 0.0000000000
100457  -46.395  8.414  28.533 0.0000000000
101270  -45.399  9.361  28.942 0.0000000000
100455  -44.066  8.646  28.442 0.0000000000
156901  -42.472  8.098  27.766 0.0000000000
99602  -41.288  7.890  27.355 0.0000000000
101290  -41.614  9.042  27.962 0.0000000000
102087  -40.789  10.298  27.590 0.0000000000
102898  -39.771  11.041  27.080 0.0000000000
90859  -49.476  -1.960  24.552 0.0000000000
90883  -50.447  -1.186  22.705 0.0000000000
90858  -48.890  -1.868  24.288 0.0000000000
90857  -47.556  -1.713  24.143 0.0000000000
91859  -46.262  -0.904  24.023 0.0000000000
91822  -44.104  -0.904  27.040 0.0000000000
91846  -45.183  -0.799  25.002 0.0000000000
91871  -45.851  -0.246  23.620 0.0000000000
92902  -45.237  0.807  24.117 0.0000000000
141850  -45.664  2.224  23.971 0.0000000000
96050  -46.101  3.272  24.964 0.0000000000
101179  -48.260  9.882  39.700 0.0000000000
102006  -47.498  10.357  37.703 0.0000000000
102806  -48.781  11.334  37.445 0.0000000000
102845  -49.658  12.056  34.565 0.0000000000
102046  -51.303  10.416  32.712 0.0000000000
102853  -51.939  11.918  33.715 0.0000000000
102047  -53.062  10.543  32.323 0.0000000000
100439  -52.863  8.969  30.634 0.0000000000
99582  -53.678  8.245  28.432 0.0000000000
140530  -53.129  8.517  26.864 0.0000000000
100482  -51.872  8.690  26.378 0.0000000000
100495  -50.130  8.394  26.101 0.0000000000
101292  -51.351  8.877  27.168 0.0000000000
101273  -49.556  9.248  28.777 0.0000000000
101261  -49.049  9.774  29.472 0.0000000000
147694  -50.869  12.008  30.446 0.0000000000
102058  -49.130  11.004  29.956 0.0000000000
102069  -47.887  10.607  29.623 0.0000000000
102887  -46.700  11.189  29.169 0.0000000000
103691  -46.456  12.135  28.347 0.0000000000
103715  -46.183  12.681  26.936 0.0000000000
97835  -37.712  5.775  35.755 0.0000000000
98693  -38.723  6.296  34.658 0.0000000000
143499  -38.419  6.662  36.723 0.0000000000
138571  -39.637  7.494  38.058 0.0000000000
99527  -40.910  8.161  37.991 0.0000000000
97786  -40.078  5.973  41.786 0.0000000000
154757  -40.778  7.159  40.987 0.0000000000
99520  -41.882  8.067  39.378 0.0000000000
100367  -43.407  8.349  39.834 0.0000000000
100354  -44.368  8.244  40.833 0.0000000000
100345  -45.853  8.521  41.222 0.0000000000
97751  -43.975  4.408  46.310 0.0000000000
99428  -45.066  7.200  44.455 0.0000000000
100313  -46.180  8.001  43.070 0.0000000000
100346  -47.151  8.742  41.768 0.0000000000
101159  -48.678  9.394  41.547 0.0000000000
101962  -50.540  10.455  41.758 0.0000000000
102757  -50.936  11.710  40.868 0.0000000000
92926  -53.752  -0.080  22.530 0.0000000000
91875  -52.786  -0.734  23.647 0.0000000000
94007  -54.818  1.637  26.196 0.0000000000
94026  -54.812  1.653  24.716 0.0000000000
92904  -54.308  0.851  24.495 0.0000000000
142838  -52.508  -0.982  25.078 0.0000000000
90861  -51.007  -1.689  24.587 0.0000000000
89818  -49.431  -2.410  26.237 0.0000000000
89801  -47.969  -2.920  26.847 0.0000000000
88751  -45.611  -3.677  28.299 0.0000000000
88729  -47.232  -3.338  30.109 0.0000000000
88741  -45.123  -3.629  29.760 0.0000000000
89779  -43.250  -2.713  29.219 0.0000000000
90780  -41.655  -1.544  30.516 0.0000000000
132535  -47.770  3.798  38.695 0.0000000000
94934  -44.698  2.364  39.468 0.0000000000
95915  -45.998  3.107  38.405 0.0000000000
94960  -47.524  3.250  37.700 0.0000000000
93885  -47.508  1.910  36.462 0.0000000000
92783  -47.671  0.722  35.422 0.0000000000
91756  -47.969  -0.376  34.465 0.0000000000
91755  -46.306  -0.593  34.634 0.0000000000
90735  -44.969  -1.181  34.241 0.0000000000
90733  -43.104  -1.168  34.171 0.0000000000
95939  -37.538  3.865  34.901 0.0000000000
97831  -37.392  4.938  36.616 0.0000000000
152286  -37.568  4.440  39.455 0.0000000000
95879  -37.919  3.716  40.865 0.0000000000
93822  -38.767  0.758  43.280 0.0000000000
95208  -53.397  3.855  14.791 0.0000000000
95220  -51.825  4.522  13.748 0.0000000000
95219  -51.334  3.653  13.689 0.0000000000
132988  -50.713  -0.434  21.272 0.0000000000
92970  -51.182  0.793  19.569 0.0000000000
92985  -48.716  0.967  19.147 0.0000000000
94115  -50.476  1.843  17.694 0.0000000000
95175  -50.900  2.526  17.073 0.0000000000
96148  -50.837  4.503  14.796 0.0000000000
97113  -50.558  5.460  13.205 0.0000000000
95229  -50.319  4.224  13.118 0.0000000000
96173  -49.759  4.852  12.830 0.0000000000
96172  -48.927  4.884  12.691 0.0000000000
96171  -48.032  4.822  12.902 0.0000000000
97096  -48.341  6.020  13.607 0.0000000000
153089  -47.810  6.474  13.377 0.0000000000
96170  -47.010  5.120  13.195 0.0000000000
97109  -45.768  6.025  13.296 0.0000000000
130956  -45.064  6.113  13.657 0.0000000000
97095  -43.844  5.364  14.722 0.0000000000
97851  -40.199  5.781  33.097 0.0000000000
97860  -41.390  5.654  32.207 0.0000000000
96948  -43.294  4.769  31.037 0.0000000000
99548  -43.010  8.155  33.104 0.0000000000
98723  -43.928  6.277  31.533 0.0000000000
134438  -44.708  3.582  29.651 0.0000000000
96008  -45.945  3.404  28.278 0.0000000000
96029  -46.214  3.486  26.705 0.0000000000
96042  -46.514  3.975  25.407 0.0000000000
102842  -47.235  11.187  34.953 0.0000000000
101242  -47.234  9.271  32.821 0.0000000000
98727  -47.753  7.427  31.459 0.0000000000
99578  -49.988  6.987  29.629 0.0000000000
98739  -48.809  6.100  29.401 0.0000000000
97877  -48.127  5.854  29.693 0.0000000000
96993  -47.539  4.954  27.030 0.0000000000
97012  -46.919  4.528  24.952 0.0000000000
96068  -46.431  3.801  22.756 0.0000000000
97029  -46.950  4.569  22.329 0.0000000000
97977  -48.245  6.878  18.759 0.0000000000
97959  -48.750  6.619  21.469 0.0000000000
98831  -48.287  7.391  19.257 0.0000000000
98847  -47.891  7.564  17.694 0.0000000000
147665  -46.922  7.396  16.570 0.0000000000
98006  -45.818  6.705  15.869 0.0000000000
98813  -44.764  6.667  20.657 0.0000000000
99628  -48.661  7.899  26.077 0.0000000000
153736  -47.067  7.450  25.597 0.0000000000
99658  -45.323  7.121  24.194 0.0000000000
99605  -45.732  7.550  27.610 0.0000000000
98769  -45.127  6.871  26.154 0.0000000000
99657  -44.409  7.074  24.431 0.0000000000
98796  -42.903  6.997  23.185 0.0000000000
97943  -42.442  6.320  23.218 0.0000000000
97018  -42.146  4.390  23.637 0.0000000000
144541  -40.847  7.604  26.936 0.0000000000
98766  -39.887  6.826  26.390 0.0000000000
104513  -45.019  13.289  25.140 0.0000000000
103729  -43.506  12.851  25.664 0.0000000000
103727  -41.736  12.417  25.718 0.0000000000
103709  -40.373  12.088  26.044 0.0000000000
102927  -39.110  11.720  25.755 0.0000000000
96933  -38.448  4.100  33.341 0.0000000000
95965  -39.628  3.670  32.244 0.0000000000
96934  -39.240  4.756  33.102 0.0000000000
95217  -49.986  2.956  13.526 0.0000000000
91767  -50.260  0.352  33.398 0.0000000000
139006  -50.395  -0.403  32.637 0.0000000000
139359  -49.637  -0.360  33.253 0.0000000000
91766  -48.931  -0.942  33.099 0.0000000000
157381  -49.059  -0.399  33.684 0.0000000000
91894  -52.267  -0.670  22.303 0.0000000000
91910  -52.541  -0.199  21.569 0.0000000000
91893  -51.492  -0.802  22.095 0.0000000000
152938  -46.035  2.365  21.727 0.0000000000
95117  -46.189  3.053  22.341 0.0000000000
100369  -46.131  8.782  39.604 0.0000000000
101193  -46.371  9.331  38.065 0.0000000000
101206  -46.691  9.945  37.405 0.0000000000
100506  -51.319  8.244  24.797 0.0000000000
100507  -51.463  8.033  24.514 0.0000000000
143436  -51.073  8.182  24.198 0.0000000000
100514  -50.849  8.073  23.491 0.0000000000
140029  -50.333  8.245  24.274 0.0000000000
99647  -49.498  8.168  24.614 0.0000000000
152352  -49.897  8.322  24.873 0.0000000000
103695  -44.706  12.176  27.035 0.0000000000
102903  -44.295  11.635  27.742 0.0000000000
103694  -43.770  11.916  27.070 0.0000000000
89789  -44.190  -2.828  27.967 0.0000000000
89799  -44.679  -2.672  27.382 0.0000000000
151054  -43.751  -2.126  27.853 0.0000000000
95046  -43.607  2.410  29.638 0.0000000000
92856  -44.223  1.168  27.940 0.0000000000
93983  -44.638  2.029  28.239 0.0000000000
154200  -44.718  2.582  28.737 0.0000000000
154082  -51.485  12.529  37.821 0.0000000000
102884  -55.480  11.319  30.177 0.0000000000
102055  -55.592  10.664  30.815 0.0000000000
102891  -55.377  10.636  29.840 0.0000000000
102083  -54.599  9.686  28.983 0.0000000000
137647  -53.934  10.444  29.323 0.0000000000
102074  -52.962  10.407  29.338 0.0000000000
102062  -53.372  11.050  29.931 0.0000000000
105401  -50.718  14.023  28.750 0.0000000000
104484  -49.853  13.721  28.726 0.0000000000
104489  -49.500  13.790  28.002 0.0000000000
104498  -49.327  13.739  27.109 0.0000000000
94142  -47.242  2.305  14.339 0.0000000000
139436  -46.515  2.598  14.809 0.0000000000
96858  -38.552  4.277  41.379 0.0000000000
97784  -38.815  5.134  41.058 0.0000000000
96849  -38.894  3.866  42.187 0.0000000000
95850  -42.381  3.384  45.483 0.0000000000
97758  -41.959  4.447  44.659 0.0000000000
97759  -42.869  4.506  45.252 0.0000000000
98620  -43.072  5.811  44.565 0.0000000000
99402  -47.832  7.882  46.527 0.0000000000
100284  -49.078  8.502  45.535 0.0000000000
94037  -55.460  2.063  23.373 0.0000000000
149619  -55.345  2.388  24.224 0.0000000000
137381  -52.015  -1.506  26.915 0.0000000000
89792  -50.976  -2.041  27.796 0.0000000000
154656  -49.818  -2.430  28.227 0.0000000000
89791  -50.387  -2.227  28.072 0.0000000000
144941  -43.803  -2.769  32.624 0.0000000000
88710  -44.059  -3.216  32.126 0.0000000000
89738  -43.110  -2.441  32.959 0.0000000000
90757  -41.310  -1.755  32.628 0.0000000000
90744  -41.662  -1.598  33.431 0.0000000000
92755  -44.490  0.922  39.337 0.0000000000
94969  -43.758  2.330  37.653 0.0000000000
93881  -43.462  2.047  37.037 0.0000000000
93898  -45.143  1.360  36.371 0.0000000000
93897  -44.131  1.533  36.583 0.0000000000
93896  -43.187  1.630  36.375 0.0000000000
94952  -37.780  2.728  37.216 0.0000000000
144102  -37.573  2.879  37.996 0.0000000000
96134  -52.013  4.420  16.020 0.0000000000
91906  -48.640  -0.606  21.526 0.0000000000
91905  -47.801  -0.327  21.458 0.0000000000
142642  -48.176  2.391  16.872 0.0000000000
95190  -48.532  2.866  16.174 0.0000000000
95204  -48.996  3.734  15.119 0.0000000000
96132  -48.222  3.727  15.542 0.0000000000
97996  -47.604  6.238  17.439 0.0000000000
151590  -47.519  7.025  16.204 0.0000000000
98855  -47.468  7.218  16.698 0.0000000000
100391  -41.500  8.379  37.201 0.0000000000
100403  -41.455  8.192  35.373 0.0000000000
100397  -41.718  8.461  36.192 0.0000000000
99566  -46.142  7.216  31.638 0.0000000000
146981  -45.902  6.630  31.337 0.0000000000
97875  -46.633  5.563  30.090 0.0000000000
98733  -46.936  6.191  30.575 0.0000000000
101244  -50.586  9.351  32.034 0.0000000000
137115  -49.928  9.313  32.373 0.0000000000
97927  -49.843  6.207  24.862 0.0000000000
133994  -49.330  5.830  25.794 0.0000000000
97926  -48.910  5.680  25.341 0.0000000000
97935  -48.243  5.463  24.866 0.0000000000
99694  -47.647  7.890  20.158 0.0000000000
148704  -47.824  7.868  19.469 0.0000000000
98829  -46.161  7.158  19.357 0.0000000000
98807  -44.212  6.796  22.181 0.0000000000
98801  -43.801  7.051  22.912 0.0000000000
100478  -47.827  8.034  27.730 0.0000000000
100458  -47.330  8.411  28.449 0.0000000000
100477  -42.794  7.644  27.374 0.0000000000
99624  -43.158  7.316  26.671 0.0000000000
99640  -42.628  7.254  25.828 0.0000000000
101287  -38.984  9.587  27.408 0.0000000000
100473  -39.346  8.890  27.348 0.0000000000
146053  -42.425  -0.642  29.416 0.0000000000
93956  -41.465  1.127  30.672 0.0000000000
95973  -41.218  3.221  31.341 0.0000000000
95037  -41.694  2.080  30.746 0.0000000000
95981  -41.894  2.873  30.910 0.0000000000
95974  -42.085  3.765  31.160 0.0000000000
104412  -52.800  14.335  35.733 0.0000000000
136170  -52.780  14.869  35.632 0.0000000000
104449  -54.818  14.272  31.751 0.0000000000
104448  -54.222  14.464  32.726 0.0000000000
104450  -55.475  13.343  31.217 0.0000000000
103658  -55.935  12.470  31.003 0.0000000000
104476  -55.488  13.191  30.589 0.0000000000
104475  -55.221  13.675  30.343 0.0000000000
137293  -55.137  15.168  28.990 0.0000000000
105396  -54.089  14.608  29.333 0.0000000000
95216  -48.342  2.993  13.409 0.0000000000
92698  -38.822  0.751  45.247 0.0000000000
93807  -39.977  0.918  45.203 0.0000000000
93800  -39.468  1.013  45.537 0.0000000000
90785  -51.298  -1.372  30.308 0.0000000000
90784  -50.547  -1.652  30.495 0.0000000000
90783  -49.794  -1.856  30.707 0.0000000000
90772  -49.531  -1.612  31.499 0.0000000000
90759  -47.605  -1.844  32.793 0.0000000000
90758  -46.677  -1.997  32.907 0.0000000000
89741  -45.792  -2.181  33.055 0.0000000000
90748  -45.389  -1.720  33.675 0.0000000000
93863  -39.155  1.362  38.137 0.0000000000
92938  -46.460  0.624  21.517 0.0000000000
92950  -46.714  0.774  20.831 0.0000000000
146762  -46.350  2.006  19.971 0.0000000000
94092  -46.649  1.849  19.283 0.0000000000
95159  -46.703  2.375  18.636 0.0000000000
150420  -47.219  2.159  18.133 0.0000000000
142407  -46.498  3.438  18.694 0.0000000000
96091  -46.454  3.893  20.479 0.0000000000
96098  -46.497  4.215  19.077 0.0000000000
97064  -46.866  5.007  18.821 0.0000000000
151147  -43.581  8.587  38.299 0.0000000000
153063  -43.535  8.862  37.081 0.0000000000
100400  -44.075  9.113  36.759 0.0000000000
102020  -45.569  10.484  35.620 0.0000000000
101217  -44.837  10.133  35.817 0.0000000000
100416  -45.481  9.157  33.030 0.0000000000
101226  -45.808  9.868  33.668 0.0000000000
99590  -53.049  7.720  27.979 0.0000000000
99589  -52.195  7.362  28.320 0.0000000000
99609  -52.457  7.280  27.613 0.0000000000
98798  -51.258  7.177  24.469 0.0000000000
98787  -51.340  6.847  25.360 0.0000000000
98797  -50.731  6.912  24.027 0.0000000000
97946  -50.170  7.001  22.650 0.0000000000
98802  -50.586  7.532  23.127 0.0000000000
152659  -49.945  7.937  22.364 0.0000000000
132181  -48.707  8.107  21.607 0.0000000000
99674  -48.069  8.049  22.514 0.0000000000
132238  -47.379  7.709  23.612 0.0000000000
101258  -45.940  9.911  29.195 0.0000000000
102081  -45.149  10.089  28.946 0.0000000000
102079  -43.492  10.334  28.360 0.0000000000
101268  -43.789  9.538  28.509 0.0000000000
144588  -43.312  8.967  28.307 0.0000000000
100454  -43.233  8.163  28.047 0.0000000000
100476  -42.503  8.825  28.099 0.0000000000
101291  -42.163  9.723  28.060 0.0000000000
102901  -42.000  11.348  27.234 0.0000000000
102900  -41.152  11.112  27.326 0.0000000000
102899  -40.431  10.961  27.309 0.0000000000
102918  -40.547  11.483  26.768 0.0000000000
89840  -49.005  -2.155  25.036 0.0000000000
148791  -48.231  -2.379  25.285 0.0000000000
90843  -46.397  -1.879  25.093 0.0000000000
89838  -47.348  -2.152  24.897 0.0000000000
90856  -46.734  -1.595  24.382 0.0000000000
90868  -46.979  -1.255  23.701 0.0000000000
90855  -45.925  -1.224  24.679 0.0000000000
91807  -43.333  -0.722  28.261 0.0000000000
154504  -43.521  -1.065  27.880 0.0000000000
91821  -43.752  -0.554  27.626 0.0000000000
139129  -44.431  -0.065  26.100 0.0000000000
91845  -44.679  -0.427  25.521 0.0000000000
91858  -45.514  -0.498  24.305 0.0000000000
91857  -44.909  0.079  24.675 0.0000000000
150032  -45.344  0.115  23.972 0.0000000000
92901  -44.911  1.025  24.874 0.0000000000
94006  -45.309  2.051  26.038 0.0000000000
94016  -45.321  1.844  25.180 0.0000000000
95087  -45.699  2.712  25.501 0.0000000000
95096  -45.699  2.484  24.643 0.0000000000
101982  -49.004  10.432  39.380 0.0000000000
102007  -48.264  10.798  37.959 0.0000000000
102788  -49.181  11.139  38.236 0.0000000000
103638  -50.261  12.508  35.241 0.0000000000
103611  -49.219  12.253  36.129 0.0000000000
102851  -50.162  11.485  33.902 0.0000000000
102852  -51.073  11.786  33.785 0.0000000000
103650  -52.877  13.091  33.709 0.0000000000
103649  -52.255  12.803  34.097 0.0000000000
102854  -52.748  12.067  33.462 0.0000000000
102054  -53.935  10.116  31.475 0.0000000000
101246  -52.969  9.959  31.672 0.0000000000
133916  -53.468  9.490  31.060 0.0000000000
100443  -53.357  8.568  29.918 0.0000000000
100444  -54.273  8.825  29.578 0.0000000000
101276  -53.363  9.253  27.816 0.0000000000
100484  -53.582  8.687  27.507 0.0000000000
101294  -53.231  8.853  27.257 0.0000000000
100483  -52.674  8.605  26.636 0.0000000000
101293  -52.151  8.927  27.154 0.0000000000
100481  -50.789  8.669  26.661 0.0000000000
101263  -50.932  9.707  29.047 0.0000000000
139643  -50.405  9.339  28.648 0.0000000000
101262  -49.955  9.785  29.329 0.0000000000
103679  -52.545  12.455  30.509 0.0000000000
102880  -51.677  11.801  30.451 0.0000000000
103678  -51.381  12.625  30.487 0.0000000000
102878  -49.324  11.664  30.034 0.0000000000
102070  -48.684  10.482  29.754 0.0000000000
102888  -48.459  11.360  29.738 0.0000000000
153263  -47.195  10.725  29.430 0.0000000000
137913  -47.524  11.344  29.413 0.0000000000
143497  -47.626  12.862  27.814 0.0000000000
132521  -47.002  12.489  28.178 0.0000000000
103697  -46.296  12.457  27.777 0.0000000000
95213  -45.698  3.477  14.600 0.0000000000
150144  -37.782  5.577  37.593 0.0000000000
98686  -37.905  6.202  36.383 0.0000000000
98683  -38.150  6.211  37.287 0.0000000000
99516  -39.070  7.116  37.972 0.0000000000
99506  -39.744  7.360  39.425 0.0000000000
99518  -40.221  7.740  38.633 0.0000000000
99487  -40.116  7.396  40.091 0.0000000000
95856  -40.531  2.767  44.105 0.0000000000
96851  -40.147  4.634  43.013 0.0000000000
98640  -41.589  6.744  42.426 0.0000000000
98639  -40.743  6.352  42.138 0.0000000000
149300  -41.320  7.540  40.989 0.0000000000
150511  -41.495  7.818  40.413 0.0000000000
99489  -42.099  7.768  40.822 0.0000000000
100366  -42.632  8.304  39.427 0.0000000000
99491  -42.892  7.879  41.049 0.0000000000
99458  -44.273  7.648  42.576 0.0000000000
99475  -43.631  7.900  41.310 0.0000000000
99476  -44.332  7.910  41.682 0.0000000000
100355  -45.280  8.484  40.659 0.0000000000
100344  -45.086  8.242  41.406 0.0000000000
137553  -45.057  4.954  47.889 0.0000000000
96798  -43.903  4.354  47.322 0.0000000000
97752  -44.582  4.866  46.620 0.0000000000
98609  -44.296  5.341  45.742 0.0000000000
131392  -44.995  5.776  46.090 0.0000000000
99430  -47.504  7.916  44.954 0.0000000000
99444  -46.694  7.872  44.188 0.0000000000
100314  -47.149  8.237  43.354 0.0000000000
100331  -46.694  8.429  42.422 0.0000000000
100332  -47.769  8.672  42.674 0.0000000000
101150  -47.985  8.983  41.870 0.0000000000
101144  -50.029  9.834  43.760 0.0000000000
138530  -50.131  9.728  42.879 0.0000000000
101951  -50.586  10.368  42.552 0.0000000000
101974  -50.714  11.118  41.295 0.0000000000
101963  -50.637  10.919  42.099 0.0000000000
95129  -56.057  2.351  21.363 0.0000000000
94047  -54.970  1.138  23.004 0.0000000000
94058  -54.958  1.009  22.049 0.0000000000
92927  -54.473  0.500  22.521 0.0000000000
92913  -53.510  -0.292  23.543 0.0000000000
92882  -54.415  0.847  26.612 0.0000000000
139100  -54.329  1.009  25.786 0.0000000000
94017  -54.790  1.721  25.417 0.0000000000
92893  -54.366  1.155  25.122 0.0000000000
92892  -53.924  0.344  25.230 0.0000000000
90847  -52.054  -1.339  25.529 0.0000000000
91848  -53.229  -0.464  24.972 0.0000000000
90862  -51.856  -1.337  24.667 0.0000000000
90846  -51.268  -1.653  25.325 0.0000000000
90845  -50.504  -1.948  25.177 0.0000000000
89830  -50.070  -2.165  25.869 0.0000000000
88760  -48.148  -3.089  27.781 0.0000000000
89802  -48.782  -2.857  27.323 0.0000000000
88759  -47.411  -3.289  27.448 0.0000000000
88758  -46.537  -3.567  27.646 0.0000000000
135430  -46.562  -3.655  28.667 0.0000000000
89768  -47.806  -2.932  30.679 0.0000000000
89780  -48.063  -3.043  29.803 0.0000000000
88717  -43.522  -3.290  31.516 0.0000000000
88726  -44.759  -3.478  30.596 0.0000000000
88725  -43.815  -3.346  30.594 0.0000000000
88739  -43.800  -3.229  29.654 0.0000000000
89766  -43.065  -2.988  30.060 0.0000000000
90781  -42.092  -1.902  30.054 0.0000000000
157286  -41.915  -2.155  30.677 0.0000000000
93902  -49.383  1.385  35.162 0.0000000000
94936  -46.241  2.600  40.102 0.0000000000
95895  -46.731  3.129  40.152 0.0000000000
132052  -48.117  3.962  39.780 0.0000000000
95909  -47.164  3.565  39.502 0.0000000000
93867  -43.606  1.633  39.168 0.0000000000
93851  -44.207  1.984  39.543 0.0000000000
94933  -44.152  2.394  39.134 0.0000000000
94970  -45.304  2.472  37.472 0.0000000000
94958  -45.108  2.772  38.330 0.0000000000
138719  -45.769  2.878  37.817 0.0000000000
95916  -46.838  3.386  38.515 0.0000000000
94959  -46.498  3.029  37.782 0.0000000000
137266  -47.951  2.593  36.872 0.0000000000
94972  -47.029  2.505  37.158 0.0000000000
93900  -47.086  1.254  36.016 0.0000000000
92806  -48.304  0.293  34.856 0.0000000000
92805  -47.391  0.077  34.967 0.0000000000
134006  -47.119  -0.521  34.531 0.0000000000
91734  -46.674  -0.108  34.962 0.0000000000
91731  -44.131  0.148  35.333 0.0000000000
91753  -44.560  -0.528  34.769 0.0000000000
91752  -43.632  -0.484  34.718 0.0000000000
90734  -44.055  -1.179  34.241 0.0000000000
91751  -42.715  -0.427  34.631 0.0000000000
145459  -37.802  2.395  35.311 0.0000000000
94999  -37.868  2.233  34.612 0.0000000000
94998  -37.576  3.054  34.883 0.0000000000
95010  -37.718  2.809  34.113 0.0000000000
95928  -37.469  3.684  35.575 0.0000000000
96909  -37.481  4.436  35.385 0.0000000000
96902  -37.346  4.296  36.155 0.0000000000
95906  -37.310  3.656  38.450 0.0000000000
96889  -37.341  4.319  37.936 0.0000000000
131327  -37.735  0.538  39.919 0.0000000000
93836  -37.416  1.346  40.133 0.0000000000
93821  -38.355  0.289  42.791 0.0000000000
94899  -38.253  1.200  42.409 0.0000000000
92717  -38.476  0.136  43.530 0.0000000000
92710  -38.752  0.288  44.166 0.0000000000
96151  -53.363  5.113  14.384 0.0000000000
96164  -52.180  5.436  14.089 0.0000000000
97114  -51.178  5.204  13.692 0.0000000000
90882  -49.512  -1.350  22.939 0.0000000000
91892  -50.725  -0.808  21.928 0.0000000000
141568  -49.826  0.214  20.145 0.0000000000
92953  -50.711  0.299  20.141 0.0000000000
92966  -47.515  0.805  19.810 0.0000000000
92967  -48.376  0.651  19.666 0.0000000000
94114  -49.636  1.687  17.669 0.0000000000
95192  -50.539  3.230  15.953 0.0000000000
96133  -51.337  4.117  15.606 0.0000000000
97097  -50.252  5.542  13.320 0.0000000000
139334  -50.260  5.014  14.159 0.0000000000
96174  -50.497  5.330  13.016 0.0000000000
95228  -49.676  3.647  13.132 0.0000000000
97112  -48.897  6.096  12.990 0.0000000000
96130  -47.062  4.111  16.738 0.0000000000
96145  -47.958  4.808  14.958 0.0000000000
98021  -47.311  6.787  14.065 0.0000000000
98031  -47.381  6.658  13.252 0.0000000000
97123  -47.669  6.093  12.938 0.0000000000
98037  -47.044  6.625  13.074 0.0000000000
97122  -46.669  6.032  13.094 0.0000000000
97121  -46.488  6.582  13.172 0.0000000000
147476  -45.620  6.695  13.845 0.0000000000
98028  -44.831  6.141  14.241 0.0000000000
98691  -39.106  6.864  34.940 0.0000000000
98704  -39.832  6.183  33.677 0.0000000000
98695  -40.170  6.799  33.902 0.0000000000
99546  -41.637  7.622  33.397 0.0000000000
98706  -41.216  6.986  32.971 0.0000000000
98717  -41.694  6.484  32.431 0.0000000000
97865  -42.612  5.268  31.449 0.0000000000
98718  -42.545  6.720  32.206 0.0000000000
100409  -43.077  9.237  34.093 0.0000000000
100413  -42.705  8.555  33.649 0.0000000000
100414  -43.528  8.735  33.317 0.0000000000
98724  -44.760  6.370  31.376 0.0000000000
97867  -44.412  5.718  31.088 0.0000000000
97872  -44.114  5.021  30.805 0.0000000000
96953  -44.647  4.418  30.269 0.0000000000
96007  -45.157  3.108  28.911 0.0000000000
95989  -45.683  3.681  29.135 0.0000000000
96020  -46.688  3.870  27.835 0.0000000000
96030  -46.698  3.956  27.084 0.0000000000
138030  -46.627  3.997  26.284 0.0000000000
102837  -47.792  11.556  35.551 0.0000000000
102836  -46.937  11.137  35.661 0.0000000000
102024  -47.603  10.957  34.280 0.0000000000
100431  -48.502  8.767  32.260 0.0000000000
101243  -48.062  9.333  32.676 0.0000000000
100430  -47.694  8.629  32.376 0.0000000000
100435  -48.138  8.120  31.829 0.0000000000
98741  -50.359  6.687  28.798 0.0000000000
97903  -48.908  5.486  27.320 0.0000000000
97882  -49.042  5.764  28.499 0.0000000000
97881  -48.444  5.577  29.034 0.0000000000
97891  -48.334  5.286  28.407 0.0000000000
96970  -47.697  4.782  28.403 0.0000000000
96994  -48.158  5.216  27.235 0.0000000000
97013  -47.488  5.052  25.403 0.0000000000
97020  -46.864  4.519  24.022 0.0000000000
150702  -46.834  4.489  23.148 0.0000000000
97046  -47.693  5.861  20.729 0.0000000000
97967  -48.070  6.479  19.690 0.0000000000
97953  -49.300  6.770  21.894 0.0000000000
98815  -48.707  7.384  20.868 0.0000000000
99700  -48.007  7.760  18.918 0.0000000000
98839  -48.174  7.647  18.394 0.0000000000
99711  -47.379  7.384  17.114 0.0000000000
99710  -47.706  7.648  17.784 0.0000000000
97995  -45.739  6.396  17.041 0.0000000000
98005  -45.044  5.733  16.289 0.0000000000
97994  -44.896  5.540  17.514 0.0000000000
99687  -46.134  7.483  21.420 0.0000000000
98814  -45.374  7.186  21.034 0.0000000000
97958  -44.076  6.120  21.041 0.0000000000
137613  -46.789  7.430  26.434 0.0000000000
143891  -45.953  7.231  24.748 0.0000000000
99586  -45.545  8.128  28.245 0.0000000000
147245  -45.116  7.621  27.807 0.0000000000
99642  -44.144  7.059  25.431 0.0000000000
99670  -43.614  7.187  23.745 0.0000000000
97942  -42.275  5.386  23.359 0.0000000000
97941  -41.775  5.211  23.911 0.0000000000
140911  -41.004  6.716  25.505 0.0000000000
97933  -41.238  5.566  24.532 0.0000000000
98783  -40.334  6.369  25.860 0.0000000000
99601  -40.557  8.025  27.303 0.0000000000
99621  -39.349  7.465  26.693 0.0000000000
144603  -43.220  13.557  24.394 0.0000000000
156562  -42.855  13.010  25.241 0.0000000000
104526  -42.650  13.390  24.649 0.0000000000
103738  -40.444  13.091  24.791 0.0000000000
103725  -39.695  12.171  25.608 0.0000000000
137157  -39.849  2.049  31.494 0.0000000000
93948  -40.735  1.817  31.088 0.0000000000
95971  -39.745  2.845  31.781 0.0000000000
95972  -40.428  3.488  31.678 0.0000000000
96942  -40.455  4.349  32.024 0.0000000000
105326  -52.902  14.887  34.778 0.0000000000
105348  -54.356  15.033  32.381 0.0000000000
105387  -55.448  14.506  30.054 0.0000000000
106284  -55.566  15.243  29.924 0.0000000000
105398  -55.404  15.440  29.335 0.0000000000
105405  -55.174  15.611  28.683 0.0000000000
94150  -49.337  2.792  13.465 0.0000000000
94888  -37.406  2.587  44.145 0.0000000000
94878  -37.913  1.919  44.938 0.0000000000
91784  -50.790  -0.820  31.805 0.0000000000
91774  -50.009  -1.103  32.040 0.0000000000
90761  -49.230  -1.348  32.281 0.0000000000
90751  -48.061  -1.302  33.357 0.0000000000
151963  -38.524  -0.136  39.200 0.0000000000
91690  -38.396  -1.128  39.450 0.0000000000
92941  -53.330  0.113  21.578 0.0000000000
131849  -52.766  0.320  20.889 0.0000000000
92940  -51.931  -0.005  20.979 0.0000000000
94057  -46.253  1.450  21.233 0.0000000000
95139  -46.263  2.911  20.243 0.0000000000
96079  -46.574  4.085  21.189 0.0000000000
100385  -45.164  8.705  38.586 0.0000000000
101204  -44.895  9.277  37.205 0.0000000000
101192  -45.555  9.008  37.934 0.0000000000
101212  -46.090  10.008  36.856 0.0000000000
102015  -45.957  10.348  36.328 0.0000000000
99629  -52.547  8.008  25.697 0.0000000000
98772  -52.094  7.445  25.689 0.0000000000
99648  -51.861  7.954  25.151 0.0000000000
99664  -51.405  7.807  24.378 0.0000000000
99677  -50.826  7.911  23.331 0.0000000000
138638  -49.670  8.134  22.885 0.0000000000
102894  -45.415  11.437  28.425 0.0000000000
137341  -44.913  10.823  28.588 0.0000000000
137659  -44.741  11.352  28.214 0.0000000000
102893  -44.047  11.005  28.258 0.0000000000
102089  -43.231  10.915  28.003 0.0000000000
102088  -42.698  10.405  28.086 0.0000000000
136201  -42.612  11.042  27.664 0.0000000000
103711  -42.155  11.919  26.443 0.0000000000
89827  -47.561  -2.494  25.554 0.0000000000
89815  -46.453  -2.728  26.245 0.0000000000
89825  -45.967  -2.192  25.756 0.0000000000
90830  -45.209  -1.898  26.025 0.0000000000
92842  -43.433  0.868  29.014 0.0000000000
92869  -43.939  0.351  27.698 0.0000000000
144938  -44.387  0.890  27.152 0.0000000000
92880  -44.471  0.667  26.313 0.0000000000
94005  -44.833  1.466  26.580 0.0000000000
93996  -45.325  2.237  26.876 0.0000000000
102789  -50.217  11.492  38.601 0.0000000000
102807  -49.799  11.660  37.788 0.0000000000
103595  -50.465  12.240  37.368 0.0000000000
103629  -50.957  12.771  35.878 0.0000000000
102863  -54.500  11.543  32.399 0.0000000000
102049  -55.247  10.954  31.591 0.0000000000
136156  -55.031  10.274  31.157 0.0000000000
153653  -55.142  9.690  29.707 0.0000000000
100445  -54.750  9.248  29.358 0.0000000000
101265  -54.938  9.617  29.285 0.0000000000
101277  -54.072  9.325  28.263 0.0000000000
101275  -52.461  9.284  27.807 0.0000000000
101264  -52.760  9.744  28.555 0.0000000000
102073  -51.686  10.286  29.419 0.0000000000
104471  -51.119  13.427  30.061 0.0000000000
104485  -50.337  13.627  29.398 0.0000000000
104478  -49.495  13.306  29.270 0.0000000000
103686  -48.595  12.873  29.155 0.0000000000
103685  -48.001  12.098  29.312 0.0000000000
104482  -48.285  13.087  28.297 0.0000000000
154145  -48.166  13.170  27.483 0.0000000000
153336  -45.361  4.467  13.907 0.0000000000
97810  -38.242  5.591  39.579 0.0000000000
98679  -38.496  6.355  38.651 0.0000000000
97793  -38.533  5.400  40.307 0.0000000000
97794  -39.130  5.915  40.663 0.0000000000
97785  -39.433  5.577  41.423 0.0000000000
96834  -41.220  3.237  44.413 0.0000000000
97766  -40.821  4.922  43.363 0.0000000000
97767  -41.454  5.273  43.867 0.0000000000
98629  -41.782  6.162  43.488 0.0000000000
98641  -42.459  6.737  42.965 0.0000000000
99456  -42.425  7.256  42.127 0.0000000000
99440  -43.127  6.681  43.582 0.0000000000
99441  -43.890  7.187  43.398 0.0000000000
98597  -45.649  6.132  46.804 0.0000000000
98610  -45.471  6.462  46.085 0.0000000000
98611  -46.319  7.162  46.392 0.0000000000
99415  -47.266  7.667  45.717 0.0000000000
155536  -48.024  8.073  44.827 0.0000000000
100333  -48.706  8.745  43.272 0.0000000000
100298  -49.208  8.504  44.931 0.0000000000
100317  -49.650  9.179  44.401 0.0000000000
151802  -55.944  2.216  22.054 0.0000000000
91823  -53.199  -0.560  27.325 0.0000000000
91836  -53.334  -0.349  26.470 0.0000000000
143215  -53.481  -0.236  25.728 0.0000000000
91835  -52.681  -0.933  26.701 0.0000000000
90833  -52.220  -1.274  26.193 0.0000000000
90832  -51.458  -1.650  26.183 0.0000000000
89819  -49.973  -2.244  26.721 0.0000000000
89803  -49.899  -2.344  27.511 0.0000000000
133139  -49.361  -2.658  27.808 0.0000000000
88744  -48.299  -3.030  28.774 0.0000000000
89757  -45.722  -3.099  31.872 0.0000000000
88720  -46.096  -3.285  31.122 0.0000000000
88711  -44.880  -3.258  32.046 0.0000000000
88718  -44.385  -3.400  31.393 0.0000000000
150741  -42.844  -3.055  31.649 0.0000000000
89756  -42.226  -2.586  31.310 0.0000000000
89745  -41.756  -2.199  32.023 0.0000000000
94946  -43.038  2.168  38.330 0.0000000000
155809  -43.977  2.474  38.665 0.0000000000
94956  -43.456  2.363  38.155 0.0000000000
146171  -44.512  2.437  37.675 0.0000000000
93884  -46.588  1.885  36.659 0.0000000000
93883  -45.665  1.936  36.810 0.0000000000
92781  -45.585  0.646  35.719 0.0000000000
91733  -45.955  -0.047  35.184 0.0000000000
93891  -38.307  1.788  35.300 0.0000000000
94980  -37.995  2.308  36.009 0.0000000000
94979  -37.625  2.941  35.780 0.0000000000
95914  -37.478  3.332  37.159 0.0000000000
98032  -53.102  6.180  14.803 0.0000000000
97099  -52.757  6.043  14.735 0.0000000000
96149  -51.864  5.344  14.831 0.0000000000
91891  -49.033  -1.068  22.101 0.0000000000
91907  -49.380  -0.666  21.527 0.0000000000
92952  -48.909  0.231  20.247 0.0000000000
94112  -47.918  1.675  18.111 0.0000000000
94094  -48.662  1.291  18.551 0.0000000000
94127  -48.974  2.139  16.959 0.0000000000
96162  -49.666  5.815  13.135 0.0000000000
97085  -47.063  5.019  17.005 0.0000000000
98865  -46.946  7.086  13.930 0.0000000000
98860  -46.740  7.431  14.796 0.0000000000
98853  -46.548  7.309  15.702 0.0000000000
99535  -40.306  7.739  36.028 0.0000000000
99539  -40.204  7.223  34.443 0.0000000000
99536  -40.807  7.853  35.443 0.0000000000
134573  -41.439  7.848  34.051 0.0000000000
100412  -42.036  8.209  33.864 0.0000000000
100415  -44.524  9.096  33.238 0.0000000000
100426  -44.175  8.323  32.645 0.0000000000
99561  -44.724  7.687  32.154 0.0000000000
98725  -45.438  6.365  31.239 0.0000000000
97874  -45.544  5.457  30.521 0.0000000000
95990  -46.098  4.300  29.370 0.0000000000
96954  -46.411  4.938  29.662 0.0000000000
96957  -46.979  4.507  28.935 0.0000000000
96969  -47.182  4.296  28.147 0.0000000000
137315  -48.831  10.606  33.578 0.0000000000
102025  -48.377  11.138  34.113 0.0000000000
154661  -49.130  10.201  33.230 0.0000000000
100432  -49.277  9.017  32.264 0.0000000000
151832  -49.892  6.028  26.528 0.0000000000
97893  -50.167  6.036  27.503 0.0000000000
97904  -49.679  5.796  27.098 0.0000000000
132363  -49.307  5.708  26.551 0.0000000000
156893  -48.643  5.442  26.808 0.0000000000
97912  -48.080  5.289  26.598 0.0000000000
97030  -47.469  5.196  23.443 0.0000000000
155028  -47.381  5.167  22.679 0.0000000000
98823  -48.729  7.867  21.033 0.0000000000
98838  -47.319  7.615  18.179 0.0000000000
97975  -45.361  6.507  19.026 0.0000000000
98808  -45.127  7.132  21.858 0.0000000000
100479  -48.706  8.328  27.458 0.0000000000
99608  -48.280  7.884  26.846 0.0000000000
99606  -46.502  7.554  27.341 0.0000000000
99584  -43.979  7.875  28.137 0.0000000000
99604  -44.445  7.453  27.649 0.0000000000
99641  -43.103  7.251  25.089 0.0000000000
98794  -41.660  6.606  24.447 0.0000000000
98784  -41.564  6.903  25.090 0.0000000000
100474  -40.227  8.704  27.522 0.0000000000
99620  -38.364  7.417  26.600 0.0000000000
100492  -37.920  8.290  26.756 0.0000000000
89787  -42.871  -1.982  28.870 0.0000000000
90804  -42.819  -1.074  28.777 0.0000000000
142409  -42.455  0.137  29.543 0.0000000000
91799  -43.111  -0.019  28.915 0.0000000000
93957  -42.294  1.628  30.345 0.0000000000
93966  -42.747  1.366  29.876 0.0000000000
95045  -42.975  2.016  30.041 0.0000000000
95039  -43.134  2.754  30.182 0.0000000000
95982  -43.302  3.366  30.350 0.0000000000
103613  -52.128  13.264  37.133 0.0000000000
104397  -52.401  13.788  36.774 0.0000000000
104422  -52.752  13.900  35.371 0.0000000000
103651  -53.535  13.422  33.309 0.0000000000
104436  -53.491  14.434  33.466 0.0000000000
146950  -54.089  13.764  32.890 0.0000000000
103656  -54.485  12.691  32.509 0.0000000000
102865  -55.964  11.994  31.238 0.0000000000
102875  -55.940  11.836  30.855 0.0000000000
102883  -54.940  12.049  30.024 0.0000000000
102882  -54.415  11.459  29.942 0.0000000000
103680  -54.030  12.436  30.408 0.0000000000
104473  -53.273  13.577  30.369 0.0000000000
147946  -55.230  14.303  29.888 0.0000000000
105385  -54.377  14.292  29.922 0.0000000000
104472  -52.209  13.771  30.164 0.0000000000
104479  -51.879  14.070  29.752 0.0000000000
138806  -51.407  14.277  28.405 0.0000000000
105409  -50.863  14.130  27.829 0.0000000000
94901  -39.319  2.345  43.315 0.0000000000
95863  -39.355  3.343  42.929 0.0000000000
94890  -40.048  1.785  44.102 0.0000000000
94891  -40.645  1.806  44.705 0.0000000000
94868  -39.328  1.717  45.773 0.0000000000
93794  -40.494  1.342  45.807 0.0000000000
95848  -41.136  2.290  44.880 0.0000000000
90799  -51.571  -1.579  29.506 0.0000000000
89783  -50.130  -2.261  28.977 0.0000000000
90797  -50.043  -2.133  29.935 0.0000000000
89770  -49.332  -2.299  30.170 0.0000000000
89759  -47.466  -2.665  31.468 0.0000000000
90771  -48.766  -1.857  31.757 0.0000000000
90770  -47.996  -2.189  32.054 0.0000000000
89758  -46.581  -2.863  31.659 0.0000000000
89750  -46.193  -2.550  32.376 0.0000000000
89739  -44.075  -2.338  33.152 0.0000000000
91696  -43.284  0.414  38.691 0.0000000000
92753  -42.864  1.216  38.817 0.0000000000
92752  -41.894  1.037  38.630 0.0000000000
93866  -42.980  1.828  38.609 0.0000000000
94945  -42.419  2.202  38.181 0.0000000000
94944  -37.983  2.005  38.084 0.0000000000
93862  -37.863  1.389  38.673 0.0000000000
92738  -38.135  -0.313  39.779 0.0000000000
92730  -37.928  -0.548  40.485 0.0000000000
91904  -46.964  -0.075  21.807 0.0000000000
158024  -47.791  0.061  20.851 0.0000000000
92939  -47.185  0.230  21.151 0.0000000000
147792  -47.373  0.473  20.524 0.0000000000
94066  -46.501  1.397  20.474 0.0000000000
94077  -46.777  1.319  19.818 0.0000000000
94078  -47.228  1.324  19.309 0.0000000000
95173  -47.584  2.408  17.397 0.0000000000
96117  -47.194  3.290  17.058 0.0000000000
97074  -46.941  5.088  17.975 0.0000000000
100392  -42.322  8.553  37.480 0.0000000000
100398  -42.599  8.863  36.240 0.0000000000
100399  -43.340  9.088  36.472 0.0000000000
101215  -43.529  9.429  35.419 0.0000000000
101219  -43.649  9.515  34.715 0.0000000000
101210  -44.479  9.672  36.381 0.0000000000
101216  -44.184  9.783  35.444 0.0000000000
101225  -44.530  9.678  33.841 0.0000000000
138728  -45.051  9.615  33.567 0.0000000000
100428  -45.992  8.517  32.497 0.0000000000
99563  -46.495  7.886  32.037 0.0000000000
100442  -52.227  8.388  30.152 0.0000000000
100441  -51.103  8.375  30.608 0.0000000000
138892  -51.786  7.572  29.071 0.0000000000
99588  -51.274  6.961  28.584 0.0000000000
98757  -51.078  6.361  27.230 0.0000000000
98758  -52.171  7.069  26.818 0.0000000000
98771  -51.291  6.621  26.319 0.0000000000
98770  -50.481  6.391  26.035 0.0000000000
151773  -49.492  6.372  23.342 0.0000000000
98809  -49.730  7.326  22.095 0.0000000000
99688  -47.324  7.894  21.010 0.0000000000
146756  -46.710  7.669  21.643 0.0000000000
99672  -45.624  7.271  23.280 0.0000000000
100448  -46.953  8.936  28.979 0.0000000000
100447  -46.164  9.137  29.033 0.0000000000
100456  -45.680  8.759  28.724 0.0000000000
144351  -44.988  8.751  28.577 0.0000000000
101269  -44.607  9.435  28.726 0.0000000000
146774  -42.019  7.744  27.333 0.0000000000
144971  -41.827  8.316  27.724 0.0000000000
144375  -41.438  9.783  27.853 0.0000000000
101289  -40.825  9.302  27.741 0.0000000000
148333  -40.003  10.467  27.353 0.0000000000
102086  -39.157  10.349  27.299 0.0000000000
134390  -50.796  -1.603  23.958 0.0000000000
90884  -51.088  -1.063  22.547 0.0000000000
90872  -50.264  -1.508  23.529 0.0000000000
90871  -49.522  -1.711  23.880 0.0000000000
90870  -48.746  -1.571  23.545 0.0000000000
154394  -48.267  -1.744  24.004 0.0000000000
90881  -48.496  -1.222  22.780 0.0000000000
90869  -47.827  -1.341  23.426 0.0000000000
91890  -47.647  -0.885  22.687 0.0000000000
91872  -46.541  -0.661  23.328 0.0000000000
90816  -43.822  -1.432  27.523 0.0000000000
90817  -44.324  -1.550  26.862 0.0000000000
90829  -44.683  -1.581  26.294 0.0000000000
91834  -44.426  -0.865  26.312 0.0000000000
90841  -44.877  -1.226  25.694 0.0000000000
91889  -46.842  -0.459  22.575 0.0000000000
91888  -46.142  0.001  22.945 0.0000000000
92924  -45.882  0.727  22.707 0.0000000000
94035  -45.531  1.501  23.669 0.0000000000
94046  -45.713  1.447  22.956 0.0000000000
95104  -45.746  2.287  23.344 0.0000000000
95097  -46.064  3.000  23.988 0.0000000000
140662  -47.418  9.547  39.613 0.0000000000
101194  -47.174  9.797  38.204 0.0000000000
101993  -47.891  10.313  38.369 0.0000000000
102805  -47.845  11.012  37.224 0.0000000000
102824  -48.380  11.647  36.448 0.0000000000
102825  -49.427  11.896  36.930 0.0000000000
102838  -48.556  11.934  35.710 0.0000000000
102844  -48.764  11.742  34.650 0.0000000000
102850  -49.230  11.294  34.006 0.0000000000
102045  -50.379  9.997  32.733 0.0000000000
137172  -51.133  9.819  32.273 0.0000000000
142208  -51.912  13.271  36.196 0.0000000000
103639  -51.260  12.777  35.225 0.0000000000
102847  -51.559  12.507  34.403 0.0000000000
102862  -53.459  11.344  32.766 0.0000000000
102035  -52.487  11.245  33.081 0.0000000000
102034  -51.610  11.114  33.265 0.0000000000
137245  -52.090  10.676  32.724 0.0000000000
101245  -52.043  10.021  32.137 0.0000000000
100438  -51.781  8.908  30.984 0.0000000000
100449  -52.887  8.242  29.481 0.0000000000
99581  -52.834  7.923  28.821 0.0000000000
99611  -53.501  8.211  27.647 0.0000000000
100462  -54.074  8.672  28.204 0.0000000000
99631  -53.290  8.182  26.832 0.0000000000
100498  -52.891  8.218  26.209 0.0000000000
100497  -52.293  8.302  25.700 0.0000000000
100496  -51.328  8.461  25.591 0.0000000000
100480  -49.696  8.501  27.130 0.0000000000
101274  -51.363  9.162  28.076 0.0000000000
100461  -50.349  8.845  27.815 0.0000000000
100460  -49.169  8.701  28.130 0.0000000000
101272  -48.476  9.159  28.968 0.0000000000
102881  -52.542  11.609  30.377 0.0000000000
102060  -50.930  11.179  30.230 0.0000000000
102059  -49.869  11.093  30.086 0.0000000000
102071  -49.497  10.427  29.748 0.0000000000
133531  -48.172  9.836  29.538 0.0000000000
101260  -47.545  9.403  29.199 0.0000000000
144009  -47.353  10.069  29.416 0.0000000000
102068  -46.611  10.391  29.275 0.0000000000
102896  -47.071  11.946  28.850 0.0000000000
102895  -46.203  11.610  28.655 0.0000000000
103690  -45.808  12.017  28.129 0.0000000000
103696  -45.567  12.302  27.411 0.0000000000
97840  -37.706  5.216  35.193 0.0000000000
97841  -38.274  5.376  34.451 0.0000000000
97836  -38.104  5.997  35.153 0.0000000000
98690  -38.580  6.636  35.339 0.0000000000
99530  -38.977  7.111  36.587 0.0000000000
136650  -38.568  6.566  37.974 0.0000000000
99531  -39.656  7.467  36.497 0.0000000000
99532  -40.196  7.817  36.900 0.0000000000
100390  -40.730  8.090  37.282 0.0000000000
96850  -39.525  4.269  42.583 0.0000000000
97775  -39.799  5.137  42.177 0.0000000000
98649  -39.800  6.322  41.004 0.0000000000
97776  -40.414  5.525  42.571 0.0000000000
98650  -40.447  6.651  41.355 0.0000000000
98663  -40.255  6.971  40.650 0.0000000000
99488  -40.788  7.620  40.396 0.0000000000
99519  -41.276  7.976  38.892 0.0000000000
100381  -41.763  8.301  38.083 0.0000000000
143528  -42.891  8.494  38.570 0.0000000000
100383  -43.482  8.504  39.033 0.0000000000
131004  -44.144  8.486  39.468 0.0000000000
149214  -44.042  8.379  40.150 0.0000000000
153473  -44.789  8.567  39.207 0.0000000000
100368  -45.421  8.630  39.355 0.0000000000
138132  -45.547  8.604  40.019 0.0000000000
100356  -46.059  8.676  40.449 0.0000000000
151499  -43.805  5.889  45.036 0.0000000000
98622  -44.497  6.414  45.061 0.0000000000
99442  -44.726  7.459  43.480 0.0000000000
99429  -45.908  7.555  44.875 0.0000000000
99443  -45.604  7.707  43.803 0.0000000000
99459  -45.239  7.803  42.818 0.0000000000
100330  -45.762  8.204  42.078 0.0000000000
101157  -46.634  8.781  41.044 0.0000000000
101166  -46.876  9.103  40.146 0.0000000000
101167  -47.697  9.485  40.233 0.0000000000
101168  -48.522  9.628  40.654 0.0000000000
101972  -49.319  10.141  40.261 0.0000000000
101151  -48.932  9.113  42.511 0.0000000000
101160  -49.690  9.880  41.280 0.0000000000
101983  -49.999  10.777  39.879 0.0000000000
144540  -50.885  11.406  40.383 0.0000000000
102772  -51.331  11.904  39.752 0.0000000000
102791  -51.693  12.461  39.449 0.0000000000
152687  -50.712  11.971  41.580 0.0000000000
94059  -55.469  1.683  21.661 0.0000000000
92942  -54.166  0.509  21.723 0.0000000000
91895  -52.953  -0.553  22.873 0.0000000000
139473  -52.349  -0.889  23.070 0.0000000000
92903  -53.787  0.015  24.339 0.0000000000
91861  -53.208  -0.491  24.195 0.0000000000
91860  -52.606  -0.875  24.386 0.0000000000
90874  -51.984  -1.149  23.694 0.0000000000
156890  -51.355  -1.447  24.034 0.0000000000
90844  -49.778  -2.127  25.097 0.0000000000
89828  -48.866  -2.444  25.769 0.0000000000
89817  -48.794  -2.676  26.508 0.0000000000
153701  -48.150  -2.633  25.999 0.0000000000
88769  -46.964  -3.169  26.827 0.0000000000
88757  -45.719  -3.435  27.518 0.0000000000
88750  -44.698  -3.436  28.500 0.0000000000
89781  -48.878  -2.679  29.560 0.0000000000
88743  -47.378  -3.395  29.202 0.0000000000
88728  -46.402  -3.402  30.359 0.0000000000
88742  -46.560  -3.531  29.571 0.0000000000
139620  -45.792  -3.679  29.179 0.0000000000
136105  -45.104  -3.765  28.979 0.0000000000
89778  -42.610  -2.330  29.634 0.0000000000
91789  -41.529  -0.894  30.392 0.0000000000
91788  -41.235  -0.362  30.669 0.0000000000
93947  -40.005  1.186  31.409 0.0000000000
95028  -39.252  2.188  32.145 0.0000000000
96890  -49.174  4.248  40.173 0.0000000000
95910  -48.934  4.381  38.874 0.0000000000
92739  -44.135  1.451  39.477 0.0000000000
94949  -45.173  2.740  39.174 0.0000000000
94948  -44.493  2.637  38.843 0.0000000000
95908  -46.338  3.230  39.174 0.0000000000
135753  -48.511  3.824  37.868 0.0000000000
94961  -48.417  3.210  37.209 0.0000000000
94973  -48.903  2.751  36.552 0.0000000000
93901  -48.414  2.054  36.162 0.0000000000
139640  -47.994  1.409  35.802 0.0000000000
138245  -48.766  1.581  35.622 0.0000000000
92784  -48.598  0.950  35.276 0.0000000000
91757  -48.786  -0.101  34.274 0.0000000000
91765  -47.629  -1.015  34.066 0.0000000000
91764  -46.751  -1.115  34.138 0.0000000000
91754  -45.458  -0.574  34.727 0.0000000000
90736  -45.869  -1.174  34.230 0.0000000000
90746  -43.565  -1.786  33.643 0.0000000000
93895  -42.354  1.716  36.228 0.0000000000
92778  -42.799  1.060  35.694 0.0000000000
92803  -42.318  0.290  35.172 0.0000000000
92776  -40.939  1.018  35.527 0.0000000000
91750  -41.789  -0.388  34.539 0.0000000000
90732  -42.162  -1.113  34.082 0.0000000000
95955  -37.736  3.697  34.120 0.0000000000
96919  -37.735  4.527  34.645 0.0000000000
153259  -37.578  5.536  36.309 0.0000000000
97818  -37.654  5.154  38.260 0.0000000000
97824  -37.453  4.961  37.397 0.0000000000
97809  -37.704  5.084  39.165 0.0000000000
95871  -38.269  3.353  41.741 0.0000000000
94943  -37.548  2.171  38.771 0.0000000000
94932  -37.294  2.279  39.603 0.0000000000
95870  -37.652  2.729  41.177 0.0000000000
94909  -38.117  2.340  42.102 0.0000000000
94900  -38.681  1.847  42.978 0.0000000000
93813  -39.202  0.482  44.049 0.0000000000
92705  -38.888  0.533  44.776 0.0000000000
92704  -38.149  0.502  44.731 0.0000000000
92709  -36.794  0.332  44.069 0.0000000000
93805  -37.374  0.772  44.474 0.0000000000
94877  -37.321  1.591  44.417 0.0000000000
95207  -52.512  3.524  14.459 0.0000000000
96165  -52.755  5.604  14.290 0.0000000000
95206  -51.790  3.014  14.309 0.0000000000
95218  -50.727  3.359  13.561 0.0000000000
91909  -51.299  -0.454  21.454 0.0000000000
91920  -51.093  -0.080  20.802 0.0000000000
91908  -50.100  -0.548  21.419 0.0000000000
92954  -51.553  0.436  20.273 0.0000000000
92968  -49.247  0.632  19.568 0.0000000000
94095  -49.338  1.373  18.297 0.0000000000
94096  -50.848  1.621  18.308 0.0000000000
94116  -51.240  2.065  17.857 0.0000000000
95193  -51.444  3.363  16.522 0.0000000000
97098  -51.022  5.295  13.797 0.0000000000
96163  -50.968  4.734  13.307 0.0000000000
95227  -48.994  3.593  13.086 0.0000000000
95226  -48.422  3.917  13.000 0.0000000000
96161  -47.178  4.112  13.389 0.0000000000
136248  -47.685  5.929  14.425 0.0000000000
97111  -48.172  6.218  13.022 0.0000000000
97110  -45.905  5.186  13.308 0.0000000000
96159  -44.767  5.197  13.790 0.0000000000
98029  -45.996  6.712  13.354 0.0000000000
97108  -44.105  5.412  14.234 0.0000000000
97850  -39.488  5.481  33.397 0.0000000000
97858  -39.830  5.192  32.882 0.0000000000
97859  -40.536  5.226  32.475 0.0000000000
98705  -40.511  6.550  33.336 0.0000000000
98716  -40.897  6.141  32.717 0.0000000000
96943  -41.200  4.891  31.884 0.0000000000
96946  -41.897  4.644  31.468 0.0000000000
96951  -43.090  3.958  30.776 0.0000000000
95983  -43.911  3.824  30.260 0.0000000000
100404  -42.289  8.702  35.366 0.0000000000
100408  -42.443  8.741  34.415 0.0000000000
99547  -42.378  7.920  33.197 0.0000000000
137052  -43.845  7.585  32.308 0.0000000000
98719  -43.436  6.884  31.993 0.0000000000
98722  -43.054  6.118  31.713 0.0000000000
97866  -43.580  5.530  31.283 0.0000000000
96952  -43.828  4.402  30.626 0.0000000000
132977  -44.343  2.805  29.324 0.0000000000
95061  -45.726  3.030  27.749 0.0000000000
95071  -45.751  2.963  27.131 0.0000000000
96019  -46.231  3.450  27.466 0.0000000000
96041  -46.127  3.433  25.866 0.0000000000
96051  -46.412  3.884  24.474 0.0000000000
102017  -47.083  10.642  37.026 0.0000000000
102021  -46.316  10.731  35.925 0.0000000000
102023  -46.348  10.906  35.011 0.0000000000
102031  -48.007  10.558  33.626 0.0000000000
102030  -47.208  10.446  33.817 0.0000000000
101227  -46.766  9.881  33.403 0.0000000000
99567  -47.318  7.973  31.968 0.0000000000
149226  -47.352  6.797  31.051 0.0000000000
99575  -50.387  7.651  30.312 0.0000000000
99574  -49.595  7.241  30.299 0.0000000000
98744  -49.884  6.099  28.233 0.0000000000
98736  -49.208  6.729  29.863 0.0000000000
99573  -48.893  7.164  30.559 0.0000000000
98728  -48.135  6.947  30.863 0.0000000000
98734  -47.736  6.320  30.398 0.0000000000
97876  -47.374  5.697  29.869 0.0000000000
96992  -47.060  4.517  26.696 0.0000000000
97006  -47.484  5.022  26.275 0.0000000000
97005  -46.986  4.550  25.864 0.0000000000
96060  -46.387  3.804  23.575 0.0000000000
97045  -46.970  4.789  20.653 0.0000000000
97976  -47.516  5.804  19.251 0.0000000000
97986  -48.144  7.107  17.934 0.0000000000
137737  -48.443  7.007  20.191 0.0000000000
98846  -46.970  7.437  17.400 0.0000000000
98845  -46.521  7.103  16.680 0.0000000000
98019  -44.904  6.017  15.120 0.0000000000
98820  -45.045  6.631  19.843 0.0000000000
97965  -44.330  5.982  20.340 0.0000000000
100504  -49.454  8.187  25.526 0.0000000000
99646  -48.652  7.884  25.265 0.0000000000
99645  -47.816  7.677  25.019 0.0000000000
99627  -47.790  7.643  26.067 0.0000000000
99644  -46.915  7.455  24.704 0.0000000000
146974  -46.228  7.808  28.013 0.0000000000
99626  -45.897  7.306  26.744 0.0000000000
134748  -45.095  7.186  27.143 0.0000000000
149045  -45.195  6.872  25.140 0.0000000000
154475  -42.845  6.421  22.677 0.0000000000
99656  -42.867  7.161  24.137 0.0000000000
97949  -42.697  5.654  22.724 0.0000000000
97019  -42.660  4.708  22.965 0.0000000000
97010  -40.915  4.591  24.676 0.0000000000
143351  -41.472  7.485  26.749 0.0000000000
98767  -40.776  7.128  26.304 0.0000000000
99622  -40.189  7.517  26.833 0.0000000000
98764  -37.829  6.498  26.102 0.0000000000
105421  -50.805  14.073  26.950 0.0000000000
147264  -47.393  13.318  25.957 0.0000000000
103716  -46.855  12.969  26.410 0.0000000000
104496  -46.080  12.949  26.080 0.0000000000
103731  -45.287  12.951  25.854 0.0000000000
140613  -44.785  12.616  26.302 0.0000000000
104528  -44.630  13.552  24.473 0.0000000000
104512  -44.129  13.297  25.076 0.0000000000
103712  -43.163  12.198  26.394 0.0000000000
103728  -42.601  12.526  25.756 0.0000000000
103710  -41.201  11.965  26.235 0.0000000000
104525  -41.827  13.410  24.570 0.0000000000
132795  -40.978  12.431  25.717 0.0000000000
102917  -39.602  11.580  26.359 0.0000000000
88727  -45.585  -3.466  30.504 0.0000000000
88740  -44.490  -3.500  29.278 0.0000000000
88749  -43.935  -3.105  28.805 0.0000000000
88756  -45.009  -3.235  27.775 0.0000000000
89737  -42.089  -2.217  32.893 0.0000000000
89747  -43.283  -3.022  32.225 0.0000000000
89749  -45.340  -2.754  32.555 0.0000000000
89760  -48.314  -2.402  31.241 0.0000000000
89765  -42.424  -2.556  30.424 0.0000000000
89782  -49.541  -2.410  29.475 0.0000000000
89790  -48.804  -2.889  28.077 0.0000000000
89798  -44.208  -2.180  27.351 0.0000000000
89800  -45.320  -2.883  27.126 0.0000000000
89814  -45.608  -2.546  26.438 0.0000000000
89829  -49.431  -2.285  25.599 0.0000000000
89839  -48.240  -2.052  24.587 0.0000000000
90747  -44.501  -1.750  33.693 0.0000000000
90750  -47.195  -1.515  33.519 0.0000000000
90795  -41.926  -1.133  29.905 0.0000000000
90818  -50.485  -2.107  27.269 0.0000000000
90831  -50.637  -1.984  26.485 0.0000000000
90860  -50.190  -1.844  24.392 0.0000000000
91655  -37.432  -0.097  44.013 0.0000000000
91798  -41.819  -0.251  29.984 0.0000000000
91873  -47.143  -0.935  23.133 0.0000000000
91874  -51.723  -1.049  22.820 0.0000000000
91919  -50.330  -0.170  20.763 0.0000000000
92699  -39.535  0.841  45.261 0.0000000000
92826  -40.274  0.405  31.393 0.0000000000
92833  -40.922  0.319  30.890 0.0000000000
92855  -43.676  0.634  28.407 0.0000000000
92912  -45.630  0.592  23.388 0.0000000000
93801  -40.024  1.073  45.510 0.0000000000
93808  -40.441  1.219  45.492 0.0000000000
93812  -36.659  1.198  44.047 0.0000000000
93814  -39.804  0.932  44.509 0.0000000000
93837  -46.229  2.212  40.222 0.0000000000
93852  -44.989  1.951  39.897 0.0000000000
93922  -38.358  1.539  34.363 0.0000000000
93967  -43.392  1.570  29.415 0.0000000000
93968  -44.117  2.113  29.037 0.0000000000
94025  -45.385  1.642  24.386 0.0000000000
94867  -38.639  1.348  45.416 0.0000000000
94880  -40.878  1.555  45.299 0.0000000000
94889  -39.379  1.247  43.696 0.0000000000
95029  -40.501  2.670  31.391 0.0000000000
95060  -45.253  2.792  28.242 0.0000000000
95907  -45.691  2.971  38.894 0.0000000000
95956  -38.106  3.070  33.446 0.0000000000
96150  -52.663  4.816  14.102 0.0000000000
96158  -43.709  4.813  14.353 0.0000000000
96175  -50.752  5.344  13.237 0.0000000000
96797  -43.739  4.004  47.191 0.0000000000
96811  -44.032  4.200  46.931 0.0000000000
96842  -39.956  3.671  43.372 0.0000000000
96844  -41.279  4.231  44.132 0.0000000000
96879  -37.429  4.391  38.771 0.0000000000
96895  -37.249  4.152  37.048 0.0000000000
96940  -39.135  4.095  32.769 0.0000000000
96947  -42.586  4.473  31.184 0.0000000000
96956  -45.344  4.147  29.707 0.0000000000
96980  -47.690  4.740  27.702 0.0000000000
96981  -48.270  5.131  27.818 0.0000000000
97116  -53.205  5.918  14.605 0.0000000000
97742  -45.314  5.491  47.368 0.0000000000
97768  -42.201  5.486  44.323 0.0000000000
97825  -38.134  5.925  38.097 0.0000000000
97842  -39.062  5.877  33.990 0.0000000000
97849  -38.743  5.036  33.689 0.0000000000
97861  -42.164  5.954  31.899 0.0000000000
97864  -41.824  5.301  31.731 0.0000000000
97868  -45.180  5.864  30.932 0.0000000000
97880  -47.803  5.227  29.101 0.0000000000
97905  -50.379  6.147  26.822 0.0000000000
98588  -44.246  5.822  47.779 0.0000000000
98621  -43.608  4.987  45.480 0.0000000000
98623  -45.401  6.773  45.494 0.0000000000
98632  -44.378  7.001  44.073 0.0000000000
98651  -41.088  7.018  41.599 0.0000000000
98661  -38.802  6.125  39.885 0.0000000000
98682  -37.652  5.609  36.928 0.0000000000
98687  -38.472  6.766  36.054 0.0000000000
98689  -38.066  6.344  35.720 0.0000000000
98694  -39.519  6.651  34.337 0.0000000000
98735  -48.483  6.505  30.162 0.0000000000
98740  -49.537  6.389  29.045 0.0000000000
99403  -48.525  8.161  45.986 0.0000000000
99416  -47.904  7.926  45.970 0.0000000000
99431  -47.655  8.109  44.269 0.0000000000
99474  -43.041  7.638  41.759 0.0000000000
99490  -42.749  8.083  40.292 0.0000000000
99507  -40.551  7.740  39.574 0.0000000000
99508  -41.330  7.880  39.792 0.0000000000
99509  -42.012  8.035  40.032 0.0000000000
99517  -39.379  7.265  38.651 0.0000000000
99524  -38.752  6.869  37.312 0.0000000000
99525  -39.479  7.402  37.292 0.0000000000
99526  -40.191  7.805  37.701 0.0000000000
99534  -39.328  7.209  35.671 0.0000000000
99540  -40.971  7.734  34.701 0.0000000000
99560  -42.960  7.524  32.603 0.0000000000
99565  -45.271  7.020  31.627 0.0000000000
99568  -48.584  7.611  31.245 0.0000000000
99569  -49.506  7.751  30.972 0.0000000000
99570  -50.242  8.233  31.111 0.0000000000
99576  -51.404  7.911  29.814 0.0000000000
99630  -52.878  7.814  26.226 0.0000000000
100297  -48.468  8.275  44.581 0.0000000000
100299  -49.501  9.105  45.062 0.0000000000
100316  -49.059  8.658  44.111 0.0000000000
100353  -43.503  8.134  40.584 0.0000000000
100382  -42.145  8.241  38.752 0.0000000000
100394  -44.081  8.771  37.631 0.0000000000
100402  -41.035  8.121  35.916 0.0000000000
100427  -45.093  8.436  32.579 0.0000000000
100429  -46.870  8.535  32.482 0.0000000000
100450  -53.637  8.379  29.161 0.0000000000
100451  -54.317  8.676  28.892 0.0000000000
100452  -54.538  9.095  28.766 0.0000000000
101158  -47.604  9.175  41.034 0.0000000000
101178  -47.603  9.899  38.959 0.0000000000
101191  -44.825  8.827  37.954 0.0000000000
101205  -45.858  9.544  37.337 0.0000000000
101214  -42.962  9.226  34.957 0.0000000000
101220  -44.329  9.839  34.491 0.0000000000
101228  -47.634  9.924  33.209 0.0000000000
101230  -49.391  9.769  32.821 0.0000000000
101249  -51.425  9.418  31.685 0.0000000000
101250  -52.399  9.450  31.384 0.0000000000
101252  -55.366  10.021  30.263 0.0000000000
101255  -53.976  9.075  30.310 0.0000000000
101256  -54.884  9.356  29.930 0.0000000000
101278  -54.478  9.321  28.713 0.0000000000
101295  -53.761  9.065  27.674 0.0000000000
101952  -50.545  10.767  42.818 0.0000000000
101973  -50.303  10.599  40.836 0.0000000000
101981  -48.266  10.280  38.980 0.0000000000
101994  -48.665  10.663  38.633 0.0000000000
102019  -44.851  10.274  35.014 0.0000000000
102029  -46.412  10.470  34.124 0.0000000000
102033  -50.713  10.837  33.343 0.0000000000
102056  -55.857  10.953  30.870 0.0000000000
102063  -54.452  10.770  29.533 0.0000000000
102064  -55.550  10.753  30.218 0.0000000000
102075  -54.734  10.203  29.231 0.0000000000
102076  -55.166  10.194  29.479 0.0000000000
102101  -39.134  11.018  26.794 0.0000000000
102745  -50.541  11.475  42.304 0.0000000000
102771  -50.619  11.389  39.449 0.0000000000
102773  -51.377  12.183  40.179 0.0000000000
102808  -50.872  12.090  38.211 0.0000000000
102823  -47.395  11.236  36.376 0.0000000000
102839  -49.225  12.224  35.346 0.0000000000
102864  -55.426  11.795  31.788 0.0000000000
102876  -55.674  11.929  30.531 0.0000000000
102879  -50.133  11.826  30.321 0.0000000000
102916  -38.772  11.273  26.209 0.0000000000
103596  -52.147  12.925  37.812 0.0000000000
103628  -50.101  12.571  35.981 0.0000000000
103641  -52.718  13.637  34.602 0.0000000000
103669  -55.801  12.405  30.795 0.0000000000
103676  -49.647  12.393  30.034 0.0000000000
103677  -50.470  12.606  30.277 0.0000000000
103681  -55.377  12.670  30.393 0.0000000000
103682  -55.524  12.573  30.515 0.0000000000
103687  -49.310  12.797  29.616 0.0000000000
103714  -45.423  12.613  26.594 0.0000000000
103726  -40.384  12.621  25.376 0.0000000000
103730  -44.462  12.956  25.759 0.0000000000
104398  -52.597  14.487  36.351 0.0000000000
104411  -52.510  13.834  35.979 0.0000000000
104423  -52.969  14.402  35.027 0.0000000000
104424  -53.048  14.619  34.279 0.0000000000
104487  -47.677  13.145  26.776 0.0000000000
104509  -41.215  12.966  25.147 0.0000000000
104510  -42.158  12.966  25.197 0.0000000000
104511  -43.356  13.295  24.914 0.0000000000
105334  -53.148  14.931  33.752 0.0000000000
105384  -52.994  14.226  29.936 0.0000000000
105397  -55.215  15.351  29.066 0.0000000000
105402  -51.604  14.273  29.088 0.0000000000
105408  -50.169  13.970  28.174 0.0000000000
106248  -52.514  15.197  35.644 0.0000000000
106325  -55.191  15.738  28.787 0.0000000000
130717  -42.889  0.790  29.479 0.0000000000
131978  -42.868  8.833  36.949 0.0000000000
133102  -44.802  8.508  39.974 0.0000000000
133346  -49.572  9.582  42.056 0.0000000000
135053  -45.576  4.818  30.068 0.0000000000
135340  -45.885  -3.540  29.874 0.0000000000
136323  -46.772  7.696  45.149 0.0000000000
137222  -40.204  7.497  35.191 0.0000000000
138351  -43.492  8.095  32.738 0.0000000000
139814  -48.749  9.369  32.591 0.0000000000
139924  -46.946  10.776  34.458 0.0000000000
140802  -46.942  7.322  31.563 0.0000000000
141765  -39.983  1.241  45.748 0.0000000000
141772  -49.009  -0.444  21.186 0.0000000000
143390  -43.692  7.705  41.983 0.0000000000
144123  -50.321  9.931  42.120 0.0000000000
144555  -54.758  13.538  32.129 0.0000000000
145187  -50.729  11.545  41.523 0.0000000000
146139  -37.456  5.046  35.889 0.0000000000
146723  -42.446  8.457  38.129 0.0000000000
146837  -55.239  14.796  29.423 0.0000000000
146906  -46.396  8.547  41.701 0.0000000000
147224  -46.034  5.354  30.238 0.0000000000
147604  -48.416  11.818  35.200 0.0000000000
150036  -55.673  11.410  30.476 0.0000000000
150162  -46.781  10.898  36.360 0.0000000000
150551  -38.487  6.152  39.248 0.0000000000
152135  -38.880  6.834  38.502 0.0000000000
152618  -44.111  2.081  37.229 0.0000000000
154176  -55.523  15.096  29.671 0.0000000000
154764  -46.246  3.079  21.829 0.0000000000
154878  -42.443  7.627  41.470 0.0000000000
155368  -51.287  14.175  27.284 0.0000000000
156510  -49.698  8.243  31.390 0.0000000000
156548  -37.257  2.974  39.485 0.0000000000
157099  -47.423  4.822  28.940 0.0000000000
157773  -43.065  11.250  27.636 0.0000000000
157900  -44.402  -3.438  29.988 0.0000000000
