#!ascii label  , from subject sub001 vox2ras=TkReg
946
149317  -22.592  -16.237  -17.121 0.5555555820
78709  -22.899  -15.258  -17.842 0.6666666865
78725  -22.894  -14.350  -18.153 0.7777777910
137753  -23.622  -14.179  -18.731 0.7777777910
80769  -23.626  -12.670  -19.265 0.8888888955
80793  -26.307  -12.547  -21.127 0.8888888955
76654  -22.385  -16.509  -16.735 0.5555555820
77668  -21.716  -15.044  -16.598 0.5555555820
78708  -22.126  -14.549  -17.298 0.6666666865
79690  -22.205  -13.625  -17.827 0.8888888955
79723  -24.135  -13.637  -19.415 0.8888888955
81714  -24.888  -11.609  -20.263 1.0000000000
80792  -25.681  -11.868  -20.950 0.8888888955
82625  -25.927  -11.109  -21.517 1.0000000000
79672  -20.434  -13.951  -16.278 0.7777777910
155922  -20.780  -12.797  -17.303 1.0000000000
81688  -21.430  -11.471  -18.419 1.0000000000
81689  -22.361  -11.649  -18.701 1.0000000000
81703  -22.700  -11.076  -19.289 1.0000000000
82611  -23.179  -10.311  -19.885 1.0000000000
82598  -22.181  -10.363  -19.179 1.0000000000
83556  -23.666  -9.442  -20.351 1.0000000000
84460  -25.650  -9.255  -21.372 1.0000000000
83551  -22.973  -9.325  -19.948 1.0000000000
84467  -26.301  -8.654  -21.717 1.0000000000
85379  -24.889  -7.562  -21.284 1.0000000000
150754  -25.678  -7.265  -21.653 0.7777777910
82580  -19.840  -11.082  -17.709 0.8888888955
81687  -20.431  -11.271  -18.164 1.0000000000
83550  -22.344  -9.564  -19.557 1.0000000000
83535  -20.784  -9.666  -18.274 1.0000000000
83549  -21.825  -9.006  -19.340 1.0000000000
85369  -22.770  -8.094  -20.461 1.0000000000
84458  -23.372  -8.143  -20.569 1.0000000000
86260  -24.098  -7.073  -21.180 1.0000000000
136811  -24.896  -6.750  -21.519 1.0000000000
86272  -25.624  -6.395  -21.558 1.0000000000
132469  -26.109  -5.934  -21.336 0.7777777910
87321  -26.726  -5.816  -20.942 0.7777777910
146354  -19.369  -9.114  -17.118 0.5555555820
85348  -20.065  -7.535  -18.162 0.7777777910
84430  -20.494  -8.172  -18.474 0.8888888955
84447  -21.656  -8.339  -19.453 1.0000000000
84448  -22.423  -8.676  -19.849 1.0000000000
85361  -21.349  -7.725  -19.544 0.8888888955
85362  -22.132  -7.748  -20.019 1.0000000000
157665  -22.637  -7.583  -20.524 1.0000000000
86271  -24.151  -6.307  -21.531 1.0000000000
87319  -24.905  -5.966  -21.664 0.8888888955
87318  -24.209  -5.435  -21.619 1.0000000000
133023  -25.062  -5.227  -21.663 0.8888888955
146718  -26.262  -4.273  -21.805 0.7777777910
88322  -27.318  -4.512  -21.147 0.6666666865
136719  -26.771  -4.079  -21.709 0.6666666865
85326  -18.867  -7.483  -16.506 0.4444444478
85347  -19.461  -7.567  -17.263 0.7777777910
86230  -19.261  -6.168  -17.847 0.6666666865
87290  -21.122  -5.879  -19.766 0.7777777910
86251  -20.582  -6.536  -19.215 0.8888888955
86259  -21.959  -6.004  -20.414 0.8888888955
87309  -23.414  -6.609  -21.060 1.0000000000
87317  -23.215  -5.132  -21.394 1.0000000000
88319  -24.767  -4.622  -21.722 0.8888888955
150297  -25.795  -3.752  -22.118 0.7777777910
89323  -26.162  -3.622  -22.119 0.7777777910
89325  -27.286  -3.801  -21.384 0.5555555820
89324  -26.671  -3.378  -21.802 0.7777777910
90373  -27.311  -2.950  -21.292 0.6666666865
87268  -19.246  -5.212  -17.833 0.6666666865
87289  -20.359  -5.669  -19.121 0.7777777910
87269  -19.663  -5.492  -18.519 0.7777777910
87306  -20.730  -5.032  -19.808 0.8888888955
87307  -21.521  -5.143  -20.372 0.8888888955
88301  -21.961  -4.371  -20.796 1.0000000000
88317  -23.235  -4.349  -21.569 1.0000000000
88318  -23.905  -4.580  -21.647 0.8888888955
89321  -24.551  -3.352  -22.105 0.8888888955
89342  -25.728  -3.167  -22.532 0.8888888955
89340  -24.242  -2.600  -22.335 0.8888888955
89341  -25.108  -2.845  -22.593 0.7777777910
89343  -26.108  -2.952  -22.428 0.7777777910
90372  -26.681  -2.530  -21.773 0.7777777910
91381  -27.389  -2.014  -21.245 0.6666666865
87267  -18.756  -4.998  -17.420 0.6666666865
86229  -18.818  -5.770  -17.505 0.5555555820
88272  -19.454  -4.636  -18.529 0.7777777910
88285  -20.362  -4.240  -19.871 0.8888888955
88300  -21.083  -4.370  -20.420 0.8888888955
89301  -21.614  -3.667  -20.749 1.0000000000
90371  -23.620  -3.070  -21.871 1.0000000000
133486  -23.739  -3.851  -21.754 0.8888888955
90383  -25.481  -2.431  -22.628 0.7777777910
92435  -26.189  -0.935  -22.164 0.7777777910
91380  -26.771  -1.579  -21.686 0.6666666865
138013  -27.330  -1.213  -21.128 0.5555555820
91372  -28.011  -1.313  -20.763 0.5555555820
89278  -19.199  -3.733  -18.524 0.7777777910
89277  -18.432  -3.617  -18.141 0.6666666865
88284  -19.736  -4.024  -19.226 0.8888888955
137618  -21.224  -3.008  -20.725 1.0000000000
139805  -22.032  -3.009  -21.071 1.0000000000
132283  -23.936  -1.937  -22.511 0.8888888955
91389  -24.435  -1.536  -22.574 0.8888888955
90382  -24.747  -2.200  -22.588 0.8888888955
92424  -26.546  -0.102  -21.711 0.7777777910
92418  -27.648  -0.494  -20.947 0.5555555820
93502  -25.234  0.303  -22.427 0.7777777910
93487  -27.937  0.165  -20.820 0.5555555820
93493  -26.465  0.702  -21.755 0.6666666865
90326  -16.969  -2.803  -16.421 0.4444444478
149166  -18.331  -2.923  -18.184 0.5555555820
154334  -19.176  -2.458  -19.307 0.7777777910
143133  -20.461  -2.795  -20.304 1.0000000000
90350  -19.716  -2.585  -19.778 0.8888888955
91371  -21.674  -1.795  -20.999 1.0000000000
91379  -22.280  -1.431  -21.612 0.8888888955
91387  -22.845  -1.316  -22.415 0.8888888955
148338  -23.208  -1.802  -22.551 0.8888888955
91388  -23.613  -1.224  -22.636 0.8888888955
134371  -24.908  -1.129  -22.529 0.8888888955
93503  -25.863  0.040  -22.047 0.6666666865
94550  -27.286  1.129  -21.398 0.5555555820
140375  -19.206  0.198  -19.912 0.6666666865
91360  -18.912  -1.337  -19.501 0.6666666865
92417  -20.489  -0.048  -20.885 0.7777777910
149947  -21.359  -0.669  -21.213 0.8888888955
92423  -22.442  -0.518  -21.830 0.7777777910
92431  -23.093  -0.519  -22.534 0.8888888955
93500  -22.723  0.336  -22.146 0.7777777910
92432  -23.710  -0.462  -22.652 0.8888888955
93508  -23.931  0.897  -22.518 0.7777777910
131532  -24.130  0.040  -22.656 0.7777777910
94557  -24.411  1.518  -22.663 0.6666666865
94559  -25.855  1.610  -22.428 0.6666666865
134722  -25.758  0.853  -22.251 0.5555555820
96508  -26.314  2.852  -22.801 0.6666666865
95581  -25.854  2.295  -22.748 0.5555555820
95570  -26.441  2.163  -22.204 0.5555555820
95571  -27.150  1.925  -21.561 0.4444444478
95549  -19.626  2.294  -20.112 0.3333333433
149638  -19.405  1.766  -19.967 0.3333333433
94538  -19.994  1.646  -20.600 0.5555555820
93486  -20.206  0.769  -20.716 0.6666666865
94546  -20.589  1.853  -21.249 0.5555555820
92422  -20.906  0.493  -21.247 0.7777777910
93499  -22.095  1.218  -22.091 0.7777777910
94548  -22.709  2.022  -21.941 0.6666666865
130722  -23.154  1.102  -22.233 0.6666666865
94556  -23.640  1.765  -22.477 0.6666666865
95579  -24.123  2.355  -22.836 0.6666666865
132061  -25.613  2.830  -23.326 0.6666666865
96519  -26.688  3.732  -22.740 0.5555555820
95562  -19.931  2.716  -20.370 0.4444444478
95537  -19.382  3.074  -18.891 0.4444444478
95561  -19.730  2.214  -20.333 0.4444444478
96503  -20.452  2.966  -20.816 0.5555555820
131951  -20.688  2.415  -21.262 0.5555555820
94547  -21.452  2.042  -21.664 0.6666666865
96517  -24.748  3.047  -23.266 0.6666666865
142751  -26.246  4.068  -23.429 0.6666666865
97443  -26.530  4.624  -23.012 0.5555555820
97423  -20.671  3.578  -20.617 0.4444444478
96505  -21.779  3.354  -21.524 0.6666666865
95568  -21.942  2.627  -21.769 0.6666666865
96515  -23.696  3.132  -22.533 0.6666666865
95578  -23.359  2.457  -22.463 0.6666666865
150320  -25.447  3.435  -23.542 0.6666666865
79710  -23.054  -13.419  -18.639 0.8888888955
79689  -21.268  -13.600  -17.042 1.0000000000
80767  -21.846  -12.234  -18.263 1.0000000000
81690  -23.203  -11.810  -19.170 1.0000000000
82624  -25.073  -11.014  -20.745 1.0000000000
86205  -19.204  -6.892  -17.261 0.5555555820
133855  -24.416  -4.050  -21.821 0.8888888955
88271  -18.899  -4.389  -17.962 0.5555555820
91349  -18.304  -2.063  -18.261 0.5555555820
90349  -19.474  -3.164  -19.160 0.7777777910
90361  -21.711  -2.489  -20.885 1.0000000000
91328  -16.951  -1.650  -15.956 0.2222222239
94549  -26.527  1.465  -21.856 0.6666666865
93492  -21.818  0.373  -21.675 0.7777777910
95567  -21.158  2.800  -21.418 0.6666666865
86204  -18.715  -6.532  -17.078 0.4444444478
97444  -27.173  4.558  -22.366 0.5555555820
95550  -19.965  2.838  -20.178 0.2222222239
98367  -26.883  5.310  -22.679 0.5555555820
75696  -23.282  -17.229  -17.133 0.5555555820
76670  -23.544  -16.869  -17.780 0.5555555820
77670  -22.996  -16.095  -17.589 0.6666666865
78726  -23.625  -14.936  -18.459 0.5555555820
77686  -24.316  -15.509  -18.932 0.5555555820
79725  -25.716  -13.831  -20.417 0.7777777910
79738  -26.160  -13.327  -20.800 0.8888888955
138825  -22.721  -16.897  -16.800 0.5555555820
78727  -24.328  -14.595  -19.128 0.6666666865
79724  -25.065  -14.244  -19.810 0.6666666865
137275  -25.068  -13.464  -19.915 0.8888888955
81715  -26.468  -11.735  -21.665 0.7777777910
82633  -26.866  -10.435  -21.720 0.8888888955
149192  -21.422  -16.833  -15.517 0.4444444478
77655  -21.249  -15.347  -15.881 0.5555555820
82632  -26.227  -10.332  -21.476 1.0000000000
133918  -19.256  -14.110  -15.955 0.2222222239
79688  -20.339  -13.112  -16.674 0.6666666865
85381  -26.920  -7.704  -21.681 0.6666666865
86273  -26.477  -6.873  -21.504 0.7777777910
139034  -27.484  -6.170  -20.972 0.6666666865
80748  -19.333  -11.960  -16.704 0.5555555820
131311  -27.452  -5.321  -20.906 0.6666666865
142839  -19.110  -10.434  -16.450 0.4444444478
87310  -28.088  -5.007  -20.842 0.5555555820
89304  -28.367  -3.637  -20.347 0.5555555820
84390  -18.725  -9.114  -16.266 0.2222222239
89303  -27.793  -3.312  -20.754 0.5555555820
85325  -18.625  -7.040  -16.428 0.4444444478
87225  -17.718  -5.626  -15.237 0.3333333433
137727  -28.538  -0.926  -20.232 0.5555555820
89276  -18.096  -3.492  -17.905 0.4444444478
93488  -28.385  0.376  -20.526 0.4444444478
89235  -17.458  -2.836  -16.031 0.3333333433
94539  -27.913  0.795  -20.893 0.5555555820
94551  -28.001  1.589  -21.074 0.4444444478
94514  -18.861  2.263  -18.276 0.3333333433
94526  -18.490  1.530  -18.450 0.3333333433
96509  -27.037  2.866  -21.921 0.4444444478
140383  -27.398  3.837  -21.853 0.4444444478
98358  -27.601  5.293  -22.067 0.2222222239
96487  -19.711  3.945  -19.432 0.3333333433
97432  -21.271  3.728  -20.945 0.6666666865
96506  -22.790  3.662  -21.811 0.6666666865
96522  -24.954  3.880  -23.523 0.6666666865
97449  -25.039  4.553  -23.843 0.6666666865
97450  -25.557  4.718  -23.929 0.6666666865
97451  -26.064  4.629  -23.686 0.6666666865
98366  -26.347  5.252  -23.445 0.6666666865
99184  -26.722  5.827  -23.192 0.4444444478
99185  -27.368  6.141  -22.542 0.3333333433
97433  -21.945  4.243  -21.164 0.5555555820
77656  -21.964  -15.883  -16.672 0.5555555820
77669  -22.379  -15.553  -17.188 0.6666666865
77685  -23.528  -15.802  -18.313 0.6666666865
80768  -22.748  -12.432  -18.675 1.0000000000
80751  -22.274  -12.910  -18.237 1.0000000000
139801  -25.158  -12.148  -20.020 1.0000000000
80778  -24.633  -12.774  -19.775 0.8888888955
80779  -25.588  -12.846  -20.403 0.8888888955
139768  -22.145  -17.025  -16.014 0.4444444478
76653  -21.664  -16.301  -16.123 0.4444444478
78692  -21.000  -14.602  -16.155 0.6666666865
78707  -21.330  -14.348  -16.629 0.5555555820
81704  -24.205  -11.886  -19.697 1.0000000000
137651  -23.488  -11.228  -19.619 1.0000000000
82612  -24.186  -11.042  -20.096 1.0000000000
83558  -25.319  -10.252  -21.089 1.0000000000
80750  -21.539  -12.856  -17.701 1.0000000000
81671  -20.718  -12.102  -17.930 0.8888888955
81670  -19.831  -11.684  -17.603 0.8888888955
134035  -22.009  -11.009  -18.783 1.0000000000
82623  -24.311  -10.250  -20.509 1.0000000000
82597  -21.246  -10.547  -18.539 1.0000000000
83536  -21.621  -9.646  -18.924 1.0000000000
83557  -24.635  -9.364  -20.754 1.0000000000
83564  -26.519  -9.587  -21.498 0.8888888955
84449  -23.179  -8.714  -20.286 1.0000000000
139778  -23.993  -8.589  -20.501 1.0000000000
84459  -24.837  -8.421  -20.979 1.0000000000
84466  -25.650  -8.159  -21.594 0.8888888955
85380  -26.339  -7.825  -21.810 0.7777777910
82596  -20.229  -10.498  -18.055 1.0000000000
82595  -19.611  -10.459  -17.208 0.5555555820
81669  -19.379  -11.136  -16.696 0.5555555820
85370  -23.216  -7.484  -20.788 1.0000000000
87320  -25.596  -5.524  -21.587 0.8888888955
133701  -26.193  -5.115  -21.429 0.7777777910
83515  -19.227  -9.866  -16.760 0.5555555820
84429  -19.815  -8.268  -17.517 0.6666666865
83534  -19.910  -9.745  -17.572 0.7777777910
142143  -20.352  -8.907  -17.839 0.7777777910
143844  -19.563  -6.914  -18.072 0.6666666865
146647  -20.031  -6.994  -18.773 0.8888888955
85360  -20.649  -7.463  -19.125 0.8888888955
84431  -21.201  -8.785  -18.672 0.8888888955
84446  -21.014  -8.083  -19.147 1.0000000000
86252  -21.490  -6.888  -19.798 0.8888888955
86253  -22.502  -6.921  -20.568 1.0000000000
152981  -23.565  -5.902  -21.372 1.0000000000
88320  -25.632  -4.591  -21.778 0.8888888955
88321  -26.781  -4.780  -21.250 0.7777777910
88303  -27.757  -4.134  -20.766 0.5555555820
85302  -18.525  -7.647  -16.140 0.3333333433
85303  -18.594  -8.238  -16.151 0.3333333433
86231  -19.880  -6.302  -18.595 0.7777777910
141230  -22.868  -5.946  -20.891 1.0000000000
87308  -22.339  -5.171  -20.914 1.0000000000
89322  -25.144  -3.919  -21.977 0.7777777910
90362  -27.921  -2.391  -20.751 0.5555555820
89320  -22.992  -3.698  -21.600 1.0000000000
91391  -26.119  -2.035  -22.314 0.7777777910
87251  -18.539  -5.781  -17.227 0.4444444478
89300  -20.744  -3.615  -20.397 0.8888888955
89302  -22.346  -3.661  -21.204 1.0000000000
148949  -22.772  -2.859  -21.630 0.8888888955
91390  -25.511  -1.538  -22.523 0.7777777910
92425  -26.946  -0.663  -21.430 0.6666666865
92419  -28.258  -0.366  -20.586 0.5555555820
88270  -18.213  -4.219  -17.696 0.5555555820
90339  -18.868  -2.827  -18.618 0.6666666865
89290  -20.080  -3.407  -19.804 0.8888888955
150950  -22.740  -2.032  -22.144 1.0000000000
92434  -25.392  -0.612  -22.402 0.8888888955
93494  -27.300  0.258  -21.262 0.6666666865
133465  -24.768  -0.271  -22.559 0.8888888955
90337  -18.234  -2.624  -18.084 0.5555555820
90348  -18.718  -2.020  -19.223 0.5555555820
90359  -20.099  -1.826  -20.331 1.0000000000
133506  -19.282  -1.844  -19.739 0.7777777910
154793  -20.856  -1.506  -20.794 0.7777777910
93463  -18.648  -0.296  -19.285 0.5555555820
92408  -18.806  -0.565  -19.462 0.5555555820
93485  -19.558  0.980  -20.271 0.4444444478
92416  -19.799  0.038  -20.448 0.6666666865
91369  -19.390  -0.877  -20.093 0.7777777910
90338  -18.426  -2.175  -18.520 0.7777777910
91350  -18.449  -1.556  -18.578 0.6666666865
91370  -20.285  -0.831  -20.655 0.7777777910
138504  -23.470  0.228  -22.509 0.7777777910
94558  -25.144  1.184  -22.563 0.6666666865
95580  -25.083  2.123  -22.880 0.6666666865
95572  -27.699  2.367  -21.340 0.4444444478
93475  -19.215  1.067  -19.876 0.4444444478
132788  -19.480  1.746  -20.137 0.5555555820
93491  -20.562  1.248  -21.067 0.6666666865
135090  -21.214  1.237  -21.550 0.7777777910
96518  -26.061  3.452  -23.442 0.6666666865
96504  -21.013  3.299  -21.030 0.6666666865
96523  -25.649  4.085  -23.711 0.6666666865
87266  -18.391  -4.813  -17.301 0.4444444478
92388  -17.166  -0.997  -17.080 0.3333333433
87240  -17.679  -4.984  -16.055 0.4444444478
97436  -27.685  4.592  -21.742 0.3333333433
76669  -23.026  -16.625  -17.324 0.5555555820
79739  -26.643  -13.172  -20.926 0.6666666865
75680  -22.589  -17.415  -16.544 0.5555555820
75662  -21.331  -17.588  -15.424 0.3333333433
145523  -27.125  -7.195  -21.464 0.6666666865
80749  -20.050  -12.350  -17.184 0.7777777910
84409  -19.043  -8.455  -16.581 0.3333333433
143554  -18.859  -9.328  -16.485 0.3333333433
86189  -17.619  -6.132  -15.585 0.4444444478
89262  -17.997  -3.938  -17.754 0.3333333433
93462  -17.662  0.482  -17.555 0.3333333433
76688  -26.932  -16.222  -18.562 0.4444444478
76657  -29.620  -16.142  -16.759 0.2222222239
144702  -24.020  -17.345  -17.841 0.4444444478
75697  -24.771  -17.286  -18.461 0.4444444478
149641  -24.105  -16.824  -18.318 0.4444444478
76686  -24.670  -16.677  -18.868 0.4444444478
77671  -27.537  -15.465  -18.374 0.4444444478
78711  -28.688  -14.479  -17.469 0.2222222239
77687  -25.004  -16.109  -19.406 0.4444444478
77703  -25.770  -15.489  -19.887 0.4444444478
77704  -26.244  -15.454  -19.891 0.4444444478
79692  -29.353  -13.789  -17.203 0.1111111119
79673  -30.045  -13.989  -16.727 0.1111111119
77705  -26.748  -14.962  -19.778 0.4444444478
78729  -28.075  -14.093  -18.340 0.3333333433
77702  -25.109  -15.132  -19.574 0.4444444478
154836  -26.077  -15.139  -20.200 0.4444444478
78728  -27.411  -14.741  -19.087 0.3333333433
79711  -27.661  -13.794  -19.355 0.3333333433
79691  -28.709  -13.567  -17.782 0.2222222239
78740  -26.349  -14.671  -20.299 0.4444444478
78741  -27.000  -14.252  -19.981 0.3333333433
78739  -25.852  -14.736  -20.274 0.5555555820
80770  -28.531  -12.508  -18.949 0.2222222239
81672  -28.905  -12.151  -18.373 0.1111111119
82581  -29.447  -10.790  -17.511 0.1111111119
150844  -27.586  -12.898  -20.520 0.3333333433
80781  -28.253  -12.232  -19.697 0.3333333433
80794  -26.932  -12.262  -21.359 0.4444444478
81716  -27.413  -11.612  -21.436 0.5555555820
82627  -27.314  -10.767  -21.765 0.6666666865
140328  -28.534  -9.962  -20.306 0.4444444478
84451  -29.196  -8.306  -19.291 0.3333333433
83565  -27.111  -9.816  -21.470 0.6666666865
84462  -28.131  -8.364  -20.655 0.5555555820
84468  -26.874  -8.958  -21.483 0.6666666865
84470  -27.618  -8.341  -21.183 0.5555555820
85363  -28.429  -7.582  -20.413 0.5555555820
84450  -28.669  -8.366  -19.990 0.4444444478
137308  -28.791  -6.841  -20.089 0.3333333433
143734  -27.192  -8.318  -21.548 0.5555555820
149302  -28.609  -5.856  -20.386 0.4444444478
86261  -28.187  -6.717  -20.894 0.4444444478
88304  -28.343  -4.344  -20.425 0.4444444478
96516  -24.339  3.841  -22.838 0.5555555820
98377  -25.764  5.230  -23.955 0.5555555820
99204  -25.399  5.867  -24.256 0.5555555820
76671  -26.439  -17.003  -18.173 0.4444444478
77672  -28.738  -16.013  -17.232 0.2222222239
147218  -23.503  -16.473  -18.052 0.4444444478
80753  -29.287  -12.335  -17.599 0.1111111119
81705  -28.048  -11.607  -20.403 0.4444444478
82599  -28.545  -10.746  -19.680 0.3333333433
83559  -27.615  -9.892  -21.272 0.6666666865
83560  -28.109  -9.739  -20.850 0.4444444478
87291  -28.759  -4.855  -20.182 0.4444444478
90363  -28.471  -2.787  -20.322 0.4444444478
97435  -24.067  4.608  -22.311 0.5555555820
98365  -24.127  5.280  -22.746 0.5555555820
83537  -28.947  -9.890  -19.164 0.2222222239
74649  -25.762  -18.421  -17.521 0.4444444478
74650  -26.534  -18.214  -17.298 0.4444444478
74651  -27.170  -17.902  -16.922 0.4444444478
76656  -28.903  -16.585  -16.807 0.2222222239
76638  -30.170  -16.647  -16.156 0.2222222239
74647  -23.822  -17.963  -17.263 0.4444444478
147885  -25.042  -18.573  -17.593 0.4444444478
77657  -29.231  -15.342  -17.129 0.1111111119
78693  -29.678  -14.637  -16.985 0.1111111119
76639  -30.349  -15.968  -16.418 0.1111111119
79674  -30.410  -13.347  -16.261 0.1111111119
81660  -30.299  -11.903  -16.401 0.1111111119
145276  -29.872  -10.604  -16.790 0.1111111119
130719  -29.387  -9.895  -18.122 0.1111111119
83538  -29.393  -8.969  -18.666 0.2222222239
85364  -28.948  -7.612  -19.683 0.1111111119
86254  -29.166  -6.309  -19.540 0.2222222239
87292  -29.153  -5.439  -19.529 0.2222222239
89293  -28.992  -3.229  -19.887 0.3333333433
90354  -28.948  -2.311  -19.668 0.3333333433
91373  -28.484  -1.847  -20.288 0.4444444478
92398  -18.578  -0.848  -18.990 0.4444444478
94540  -28.455  1.043  -20.547 0.4444444478
96510  -27.794  3.176  -21.262 0.3333333433
99205  -26.116  5.950  -23.897 0.5555555820
96507  -23.705  4.057  -22.039 0.5555555820
98375  -24.685  5.206  -23.656 0.5555555820
97434  -23.675  4.715  -21.578 0.5555555820
78755  -26.289  -13.978  -20.619 0.5555555820
79740  -27.164  -13.051  -20.906 0.6666666865
82626  -26.672  -11.065  -21.984 0.6666666865
85382  -27.418  -7.683  -21.463 0.5555555820
86275  -27.630  -6.937  -21.243 0.5555555820
87322  -28.036  -5.922  -21.032 0.4444444478
76685  -24.171  -16.303  -18.727 0.4444444478
79726  -26.776  -13.797  -20.592 0.3333333433
133917  -27.780  -16.030  -17.665 0.4444444478
76655  -28.130  -16.605  -17.094 0.3333333433
76672  -27.255  -16.731  -17.593 0.4444444478
74648  -24.567  -17.974  -17.818 0.4444444478
75698  -25.292  -17.882  -18.013 0.4444444478
145058  -26.093  -17.796  -17.953 0.4444444478
75713  -25.600  -17.249  -18.522 0.4444444478
134943  -26.034  -16.565  -18.934 0.4444444478
77688  -25.769  -16.080  -19.559 0.4444444478
151149  -26.388  -16.003  -19.390 0.4444444478
78710  -28.309  -15.340  -17.599 0.4444444478
150654  -27.979  -14.825  -18.109 0.4444444478
80737  -29.760  -13.049  -16.942 0.1111111119
78677  -30.528  -14.210  -16.173 0.1111111119
79728  -27.977  -12.967  -19.726 0.3333333433
79727  -27.368  -13.499  -20.315 0.3333333433
79712  -28.308  -13.278  -18.685 0.2222222239
80752  -28.839  -12.804  -18.121 0.2222222239
146672  -28.709  -11.656  -19.141 0.2222222239
81673  -29.117  -11.544  -18.091 0.1111111119
81691  -29.080  -10.761  -18.639 0.1111111119
82567  -29.802  -11.323  -16.817 0.1111111119
80780  -27.503  -12.357  -20.933 0.3333333433
81717  -27.748  -11.017  -21.120 0.4444444478
82628  -27.915  -10.362  -21.093 0.4444444478
83552  -28.923  -9.117  -19.669 0.3333333433
84434  -29.566  -8.149  -18.683 0.1111111119
134599  -28.419  -9.141  -20.401 0.4444444478
84469  -27.331  -9.082  -21.190 0.5555555820
84461  -27.813  -9.112  -20.848 0.5555555820
85372  -27.904  -7.597  -21.078 0.5555555820
88286  -28.891  -4.036  -19.985 0.4444444478
97442  -24.544  4.524  -23.236 0.5555555820
98376  -25.194  5.202  -24.077 0.5555555820
75699  -26.838  -17.487  -17.481 0.4444444478
81659  -29.787  -12.148  -16.922 0.1111111119
75682  -27.610  -17.282  -16.941 0.4444444478
75683  -28.500  -17.216  -16.586 0.2222222239
74630  -24.409  -18.603  -17.228 0.4444444478
74629  -23.641  -18.645  -16.679 0.4444444478
78694  -30.300  -14.741  -16.558 0.1111111119
139626  -30.056  -15.374  -16.755 0.1111111119
69591  -29.548  -23.638  -12.937 0.1111111119
70567  -25.407  -22.649  -14.724 0.3333333433
70546  -27.513  -22.557  -13.597 0.2222222239
69590  -28.054  -23.161  -13.251 0.2222222239
145676  -28.960  -22.983  -13.146 0.1111111119
141999  -29.835  -22.846  -13.124 0.1111111119
71568  -23.232  -21.519  -15.507 0.3333333433
70580  -23.577  -22.206  -15.452 0.3333333433
143629  -24.632  -22.640  -15.158 0.3333333433
71572  -26.185  -21.259  -15.256 0.3333333433
71558  -26.555  -21.596  -14.619 0.3333333433
70569  -26.981  -21.990  -13.963 0.2222222239
71559  -27.349  -21.307  -14.349 0.2222222239
70547  -28.398  -22.373  -13.433 0.2222222239
144512  -29.226  -22.154  -13.277 0.1111111119
71540  -28.720  -21.611  -13.623 0.2222222239
73524  -22.205  -20.135  -14.811 0.2222222239
72552  -22.780  -20.762  -15.365 0.2222222239
71569  -23.994  -21.493  -15.691 0.3333333433
70582  -25.027  -22.009  -15.228 0.3333333433
71571  -25.489  -21.393  -15.466 0.3333333433
71560  -28.274  -20.995  -14.187 0.1111111119
73543  -22.226  -19.379  -15.186 0.2222222239
156653  -22.716  -20.012  -15.365 0.3333333433
73562  -22.720  -18.788  -15.976 0.3333333433
73545  -23.855  -19.991  -16.098 0.3333333433
73563  -23.532  -19.271  -16.257 0.3333333433
73564  -24.307  -19.315  -16.682 0.3333333433
72554  -24.480  -20.682  -16.010 0.3333333433
72572  -24.610  -19.989  -16.434 0.3333333433
73546  -26.623  -20.073  -16.025 0.3333333433
73566  -25.944  -19.739  -16.627 0.3333333433
73547  -27.371  -19.652  -15.685 0.3333333433
73525  -27.840  -19.960  -15.042 0.3333333433
72538  -28.920  -20.430  -14.469 0.1111111119
73526  -28.642  -19.854  -14.925 0.2222222239
74611  -21.733  -18.667  -15.284 0.2222222239
75663  -21.876  -18.035  -16.053 0.3333333433
73565  -25.084  -19.629  -16.825 0.3333333433
74631  -25.468  -19.070  -17.133 0.3333333433
73567  -26.813  -19.310  -16.324 0.3333333433
74632  -26.251  -18.894  -16.935 0.3333333433
73548  -28.168  -19.340  -15.375 0.3333333433
73549  -29.044  -19.239  -15.208 0.1111111119
137083  -21.224  -18.171  -15.111 0.3333333433
74633  -27.032  -18.524  -16.594 0.3333333433
74634  -27.826  -17.916  -16.183 0.3333333433
88287  -29.282  -4.559  -19.428 0.2222222239
89294  -29.409  -3.707  -19.373 0.2222222239
92413  -28.737  -0.150  -20.189 0.3333333433
148717  -28.913  -0.653  -19.836 0.2222222239
70568  -26.240  -22.300  -14.370 0.3333333433
146725  -29.412  -21.519  -13.540 0.1111111119
72553  -23.605  -20.803  -15.756 0.3333333433
72555  -25.301  -20.856  -15.895 0.3333333433
72556  -26.438  -20.671  -15.598 0.3333333433
72536  -26.868  -20.941  -14.961 0.3333333433
75681  -22.967  -17.984  -16.621 0.3333333433
74613  -28.505  -18.585  -15.646 0.3333333433
68639  -28.409  -24.585  -12.734 0.1111111119
147015  -29.223  -24.281  -12.754 0.1111111119
70566  -23.918  -22.985  -15.305 0.3333333433
69611  -24.687  -23.323  -14.855 0.3333333433
69612  -25.501  -23.487  -14.365 0.3333333433
69588  -26.284  -23.452  -13.796 0.3333333433
69589  -27.139  -23.326  -13.445 0.3333333433
144586  -30.168  -24.509  -12.748 0.1111111119
69592  -30.295  -23.553  -12.943 0.1111111119
71541  -30.098  -21.845  -13.287 0.1111111119
73523  -21.689  -19.375  -14.363 0.2222222239
72539  -29.605  -20.437  -14.171 0.1111111119
130894  -29.392  -19.852  -14.697 0.1111111119
75664  -28.987  -17.831  -16.052 0.1111111119
75661  -20.912  -17.749  -14.750 0.1111111119
90355  -29.446  -2.930  -19.266 0.2222222239
93481  -28.844  0.559  -20.130 0.2222222239
141366  -29.205  -0.053  -19.623 0.2222222239
147709  -21.132  -16.184  -15.352 0.2222222239
80736  -19.600  -12.718  -16.321 0.5555555820
91364  -28.857  -1.372  -19.746 0.2222222239
138469  -28.648  -23.756  -12.960 0.1111111119
70581  -24.285  -22.156  -15.462 0.3333333433
69613  -26.022  -22.938  -14.214 0.3333333433
70545  -26.672  -22.741  -13.824 0.3333333433
71556  -22.523  -21.507  -15.024 0.2222222239
70579  -22.905  -22.097  -15.271 0.2222222239
71557  -25.800  -21.855  -14.927 0.3333333433
71539  -27.868  -21.784  -13.799 0.2222222239
72537  -27.607  -20.597  -14.688 0.2222222239
71570  -24.734  -21.417  -15.651 0.3333333433
72521  -29.140  -20.990  -13.929 0.1111111119
153416  -28.243  -20.330  -14.619 0.1111111119
73544  -23.066  -19.597  -15.758 0.3333333433
154150  -21.650  -18.968  -14.822 0.2222222239
72574  -25.938  -20.468  -16.125 0.3333333433
72557  -27.145  -20.340  -15.378 0.3333333433
74610  -21.284  -18.662  -14.641 0.2222222239
147477  -24.866  -19.086  -17.165 0.3333333433
74612  -27.608  -18.863  -15.922 0.3333333433
68638  -27.681  -24.011  -13.045 0.2222222239
150444  -23.995  -23.883  -15.058 0.3333333433
68657  -24.724  -24.250  -14.486 0.3333333433
68636  -25.755  -24.197  -13.855 0.3333333433
68637  -26.693  -24.091  -13.378 0.3333333433
70564  -22.277  -22.270  -14.686 0.2222222239
89286  -29.773  -3.382  -18.693 0.1111111119
90332  -29.905  -2.277  -18.027 0.1111111119
142530  -29.701  -2.648  -18.620 0.1111111119
91356  -29.597  -1.219  -18.714 0.1111111119
91345  -29.929  -1.534  -18.074 0.1111111119
92393  -29.929  -0.792  -18.144 0.1111111119
136196  -29.258  -0.900  -19.353 0.1111111119
92405  -29.527  -0.451  -18.830 0.1111111119
158056  -28.544  1.630  -20.544 0.2222222239
93470  -29.469  0.372  -18.884 0.1111111119
96498  -28.343  3.483  -20.612 0.1111111119
150398  -28.002  4.115  -21.213 0.1111111119
148756  -28.295  2.437  -20.724 0.1111111119
97427  -28.546  4.462  -20.602 0.1111111119
152482  -22.655  4.619  -20.839 0.4444444478
140258  -23.108  4.439  -21.335 0.4444444478
99170  -28.061  6.007  -21.748 0.1111111119
99206  -26.786  6.514  -23.348 0.3333333433
99186  -28.073  6.757  -22.132 0.1111111119
146221  -24.257  5.992  -23.274 0.4444444478
155590  -24.363  6.565  -23.728 0.4444444478
99203  -24.848  5.955  -24.149 0.4444444478
99215  -25.108  6.547  -24.699 0.4444444478
99216  -25.668  6.528  -24.492 0.4444444478
100046  -26.148  7.172  -24.510 0.4444444478
100883  -26.689  7.821  -24.266 0.2222222239
100047  -26.748  7.241  -23.692 0.2222222239
138510  -27.290  7.924  -23.443 0.2222222239
100884  -27.717  8.703  -23.316 0.2222222239
103316  -25.950  11.177  -28.327 0.1111111119
103292  -26.846  10.741  -26.507 0.1111111119
101643  -28.254  9.557  -23.326 0.1111111119
98356  -23.326  5.846  -20.817 0.4444444478
98357  -23.639  5.415  -21.647 0.4444444478
99169  -23.677  6.208  -22.258 0.3333333433
99214  -24.624  6.823  -24.439 0.4444444478
100061  -24.794  7.229  -25.034 0.4444444478
100062  -25.459  7.210  -25.067 0.4444444478
100897  -24.035  8.789  -24.756 0.3333333433
101653  -25.961  8.477  -25.522 0.3333333433
101654  -26.501  9.162  -24.972 0.1111111119
150903  -27.137  8.441  -23.963 0.2222222239
101642  -27.340  9.190  -24.163 0.1111111119
102440  -27.263  9.816  -25.024 0.1111111119
98348  -23.344  5.759  -20.336 0.2222222239
99183  -23.913  6.882  -22.853 0.3333333433
100045  -24.139  7.350  -23.578 0.3333333433
100069  -24.459  7.965  -25.034 0.3333333433
100070  -24.971  7.597  -25.381 0.4444444478
101665  -24.501  8.880  -25.375 0.2222222239
147215  -25.248  8.467  -25.660 0.2222222239
101667  -26.171  9.377  -25.963 0.1111111119
101652  -24.535  9.623  -25.422 0.1111111119
101666  -25.395  9.143  -25.902 0.1111111119
102463  -25.800  9.571  -26.747 0.1111111119
102464  -26.127  9.789  -26.885 0.1111111119
102462  -25.353  9.818  -26.601 0.1111111119
102473  -25.850  9.999  -27.281 0.1111111119
99168  -23.351  6.412  -21.231 0.3333333433
151058  -23.519  7.300  -21.636 0.3333333433
100009  -23.650  7.739  -20.609 0.3333333433
100027  -23.902  7.869  -22.513 0.3333333433
140107  -24.062  8.305  -23.400 0.3333333433
150605  -24.157  8.400  -24.558 0.3333333433
101651  -23.713  9.492  -24.685 0.2222222239
102461  -24.526  10.600  -25.587 0.1111111119
150558  -25.532  10.498  -27.414 0.1111111119
103306  -25.887  10.547  -27.822 0.1111111119
143712  -25.028  13.340  -28.152 0.1111111119
100842  -24.308  8.307  -20.300 0.1111111119
100853  -24.069  8.265  -21.378 0.2222222239
100854  -24.799  8.846  -21.673 0.2222222239
101615  -24.260  8.676  -22.569 0.3333333433
101633  -24.163  9.315  -23.186 0.2222222239
100882  -23.851  8.814  -24.109 0.3333333433
101632  -23.834  9.185  -23.642 0.3333333433
102439  -23.485  9.891  -23.818 0.2222222239
103266  -23.425  10.726  -24.350 0.1111111119
102452  -23.555  10.548  -24.764 0.1111111119
103290  -23.524  11.624  -25.427 0.1111111119
103291  -24.719  11.124  -26.266 0.1111111119
103305  -24.806  11.791  -27.013 0.1111111119
103315  -25.679  11.182  -27.994 0.1111111119
104117  -26.110  11.890  -28.680 0.1111111119
103317  -26.312  11.552  -28.283 0.1111111119
154399  -24.702  8.676  -20.019 0.1111111119
101601  -25.683  9.229  -20.311 0.1111111119
100843  -24.846  8.822  -20.684 0.1111111119
101611  -25.462  9.292  -21.265 0.1111111119
102426  -25.987  10.709  -22.375 0.1111111119
102411  -25.802  10.014  -22.256 0.1111111119
103256  -25.098  11.382  -23.208 0.1111111119
149054  -24.024  10.669  -23.770 0.1111111119
104074  -24.348  12.744  -23.591 0.1111111119
103278  -23.066  11.833  -24.820 0.1111111119
104082  -22.930  13.116  -25.030 0.1111111119
139773  -23.024  12.806  -25.457 0.1111111119
101602  -26.541  9.606  -19.912 0.1111111119
102406  -26.770  10.290  -20.601 0.1111111119
102412  -26.401  10.343  -21.511 0.1111111119
103249  -26.688  11.242  -21.632 0.1111111119
103257  -26.147  11.810  -22.239 0.1111111119
102407  -27.264  10.943  -20.405 0.1111111119
134921  -27.448  10.981  -19.702 0.1111111119
103250  -27.305  11.705  -20.986 0.1111111119
89268  -30.030  -3.037  -18.020 0.1111111119
153346  -29.382  -2.312  -19.061 0.1111111119
90345  -29.583  -1.950  -18.591 0.1111111119
93482  -29.214  0.822  -19.570 0.1111111119
94532  -28.898  1.279  -20.105 0.1111111119
137081  -26.264  6.685  -23.992 0.4444444478
100028  -27.472  7.179  -22.839 0.1111111119
100870  -27.895  8.089  -22.660 0.1111111119
150421  -28.497  6.562  -21.549 0.1111111119
145453  -26.732  10.112  -25.930 0.1111111119
103279  -27.535  10.756  -25.308 0.1111111119
100060  -24.286  7.824  -24.347 0.3333333433
102474  -26.072  10.217  -27.426 0.1111111119
101616  -25.175  9.381  -22.340 0.2222222239
101612  -26.179  9.715  -20.894 0.1111111119
104073  -23.420  12.875  -24.442 0.1111111119
104056  -26.871  12.112  -21.618 0.1111111119
103245  -27.559  11.636  -20.064 0.1111111119
136680  -30.631  -1.505  -16.817 0.1111111119
91346  -30.304  -1.866  -17.496 0.1111111119
98359  -28.179  5.138  -21.260 0.1111111119
100071  -25.495  7.854  -25.497 0.4444444478
100836  -26.019  8.908  -19.471 0.1111111119
100828  -26.081  8.671  -18.583 0.1111111119
101603  -27.096  9.812  -19.264 0.1111111119
102413  -27.021  10.865  -21.079 0.1111111119
90333  -30.317  -2.588  -17.418 0.1111111119
88279  -29.725  -4.213  -18.694 0.1111111119
91333  -31.246  -1.250  -16.242 0.1111111119
90319  -30.944  -2.026  -16.322 0.1111111119
149474  -30.703  -0.686  -16.723 0.1111111119
93458  -30.153  0.400  -17.415 0.1111111119
94533  -29.315  1.714  -19.397 0.1111111119
135169  -29.473  1.109  -18.916 0.1111111119
95556  -29.145  2.635  -19.439 0.1111111119
96491  -29.090  3.402  -19.530 0.1111111119
97428  -29.100  4.780  -20.026 0.1111111119
98349  -28.791  5.343  -20.558 0.1111111119
99171  -28.569  6.037  -21.017 0.1111111119
100855  -28.723  8.084  -22.015 0.1111111119
100019  -29.308  7.586  -21.403 0.1111111119
97425  -23.007  4.750  -20.464 0.4444444478
97426  -23.408  5.067  -20.858 0.4444444478
102427  -28.981  10.070  -23.104 0.1111111119
102441  -28.555  10.383  -23.660 0.1111111119
99158  -23.371  6.493  -20.471 0.2222222239
100017  -23.365  7.076  -20.772 0.2222222239
103293  -27.955  11.544  -25.598 0.1111111119
99999  -23.991  7.038  -19.627 0.1111111119
104105  -27.216  11.941  -27.667 0.1111111119
104993  -27.290  13.015  -28.795 0.1111111119
151067  -24.579  7.364  -19.302 0.1111111119
99991  -24.824  7.861  -19.117 0.1111111119
142981  -25.348  8.566  -19.077 0.1111111119
104126  -25.717  13.180  -28.685 0.1111111119
100820  -25.961  8.406  -17.481 0.1111111119
101581  -26.696  9.103  -17.983 0.1111111119
104949  -23.014  14.356  -24.544 0.1111111119
104091  -22.893  13.671  -25.982 0.1111111119
104982  -23.974  14.305  -27.657 0.1111111119
105907  -24.208  15.248  -28.062 0.1111111119
101591  -27.249  9.769  -18.462 0.1111111119
104063  -26.245  12.895  -21.866 0.1111111119
104930  -24.310  13.948  -23.032 0.1111111119
104057  -27.197  12.910  -21.139 0.1111111119
91365  -29.255  -1.676  -19.183 0.1111111119
143267  -30.336  -1.116  -17.462 0.1111111119
93457  -29.730  -0.005  -18.105 0.1111111119
95555  -28.877  2.056  -20.092 0.1111111119
97416  -28.876  3.875  -20.021 0.1111111119
96490  -28.678  2.953  -20.006 0.1111111119
100029  -28.189  7.458  -22.284 0.1111111119
100018  -28.662  7.198  -21.751 0.1111111119
100898  -26.135  7.719  -25.139 0.2222222239
100899  -26.602  8.502  -24.696 0.2222222239
103307  -26.396  11.011  -27.695 0.1111111119
103308  -27.565  11.726  -26.644 0.1111111119
100871  -28.404  8.872  -22.585 0.1111111119
150253  -27.863  9.970  -24.051 0.2222222239
100909  -24.735  8.195  -25.400 0.3333333433
101641  -23.511  9.464  -24.193 0.2222222239
104104  -25.007  12.647  -27.575 0.1111111119
104116  -25.809  11.978  -28.411 0.1111111119
100000  -24.177  7.732  -19.780 0.1111111119
100834  -24.741  8.413  -19.533 0.1111111119
102438  -23.313  9.989  -24.293 0.1111111119
138350  -23.734  11.631  -24.080 0.1111111119
103304  -23.653  12.436  -26.051 0.1111111119
104103  -24.001  13.293  -26.690 0.1111111119
100835  -25.106  8.895  -19.775 0.1111111119
101617  -25.866  9.739  -21.665 0.1111111119
102425  -25.064  10.052  -23.185 0.1111111119
104950  -23.700  13.881  -23.876 0.1111111119
104965  -22.817  13.990  -25.359 0.1111111119
101590  -26.684  9.220  -18.991 0.1111111119
102399  -27.126  10.338  -19.817 0.1111111119
147712  -25.367  12.766  -22.718 0.1111111119
147648  -30.105  -3.830  -18.033 0.1111111119
102453  -28.093  10.612  -24.412 0.1111111119
103280  -28.424  11.318  -24.764 0.1111111119
101634  -28.972  9.567  -22.576 0.1111111119
103267  -28.896  11.109  -23.989 0.1111111119
104106  -28.448  12.576  -26.894 0.1111111119
100826  -25.076  8.226  -18.866 0.1111111119
105885  -22.861  14.656  -25.662 0.1111111119
104931  -25.114  13.902  -22.102 0.1111111119
105847  -23.830  15.118  -22.407 0.1111111119
104929  -23.054  15.146  -23.439 0.1111111119
81652  -18.636  -11.545  -16.014 0.2222222239
82560  -18.721  -10.726  -16.019 0.2222222239
78691  -20.259  -14.497  -15.685 0.3333333433
80735  -18.868  -12.375  -16.036 0.3333333433
97424  -21.202  4.044  -20.647 0.3333333433
97397  -20.118  3.809  -19.922 0.2222222239
98337  -23.299  5.080  -20.319 0.1111111119
155066  -17.749  1.454  -16.808 0.2222222239
141175  -17.385  0.155  -16.959 0.1111111119
79670  -18.705  -13.574  -16.133 0.2222222239
93440  -17.668  0.732  -16.520 0.1111111119
94515  -19.393  2.754  -18.478 0.1111111119
96475  -21.566  3.561  -19.209 0.1111111119
97415  -23.153  4.814  -19.520 0.1111111119
98338  -23.446  6.005  -19.983 0.1111111119
97412  -20.665  3.789  -20.471 0.2222222239
95538  -19.682  3.337  -19.261 0.1111111119
77637  -20.646  -15.260  -15.260 0.2222222239
155783  -18.854  -14.024  -15.940 0.2222222239
79671  -19.765  -13.416  -16.104 0.3333333433
96474  -20.256  3.452  -19.597 0.1111111119
84378  -17.397  -8.460  -14.860 0.1111111119
85284  -16.954  -7.374  -14.282 0.3333333433
133702  -21.922  4.503  -20.699 0.3333333433
97414  -22.274  4.588  -20.497 0.3333333433
80713  -18.785  -12.801  -15.839 0.2222222239
97398  -21.021  4.205  -19.490 0.1111111119
97399  -22.344  4.265  -19.441 0.1111111119
94516  -20.555  2.229  -19.276 0.1111111119
95539  -20.866  3.055  -19.131 0.1111111119
139617  -22.289  2.856  -19.264 0.1111111119
132902  -25.118  -24.974  -13.871 0.1111111119
67710  -26.164  -24.956  -13.326 0.1111111119
68634  -23.745  -25.383  -14.584 0.1111111119
68656  -23.893  -24.652  -14.817 0.1111111119
157024  -23.436  -24.178  -14.894 0.1111111119
69610  -23.248  -23.542  -15.073 0.1111111119
70565  -23.030  -22.764  -15.206 0.1111111119
77613  -20.515  -15.201  -15.241 0.1111111119
82538  -18.464  -11.293  -15.839 0.1111111119
88246  -17.767  -3.970  -16.293 0.2222222239
89248  -17.229  -2.715  -16.638 0.2222222239
88234  -17.853  -3.802  -16.264 0.2222222239
90292  -18.503  -3.322  -16.256 0.2222222239
67708  -23.778  -26.043  -14.413 0.1111111119
149660  -25.419  -25.572  -13.516 0.1111111119
67707  -23.019  -25.345  -14.020 0.1111111119
153233  -23.251  -24.684  -14.550 0.1111111119
68655  -22.775  -23.947  -14.580 0.1111111119
69609  -22.487  -23.153  -14.652 0.1111111119
71555  -21.826  -21.417  -14.332 0.1111111119
72535  -22.200  -20.843  -14.695 0.1111111119
76617  -20.903  -16.286  -14.998 0.1111111119
78674  -20.117  -14.669  -15.458 0.1111111119
80696  -18.019  -12.871  -14.523 0.1111111119
82520  -17.984  -10.851  -14.760 0.1111111119
87226  -18.013  -4.920  -15.311 0.2222222239
157438  -18.590  -2.878  -16.350 0.2222222239
90314  -18.685  -2.239  -16.569 0.1111111119
157184  -27.749  -24.622  -12.847 0.1111111119
67709  -24.617  -25.797  -14.066 0.1111111119
90291  -17.672  -2.776  -16.007 0.2222222239
91308  -17.110  -1.246  -16.128 0.1111111119
78690  -19.516  -14.024  -15.813 0.1111111119
83495  -18.759  -9.905  -16.205 0.1111111119
72534  -21.643  -20.436  -14.096 0.1111111119
150722  -21.462  -19.648  -13.793 0.1111111119
154817  -18.447  -12.029  -15.847 0.1111111119
68635  -24.244  -25.219  -14.489 0.1111111119
140201  -24.038  -25.965  -14.677 0.1111111119
76600  -20.631  -16.007  -14.222 0.1111111119
89237  -18.315  -4.023  -16.094 0.1111111119
154433  -21.853  -22.726  -14.160 0.1111111119
138994  -20.792  -17.581  -14.596 0.1111111119
90315  -19.589  -2.632  -16.958 0.1111111119
143913  -18.653  -1.250  -16.959 0.1111111119
94504  -18.410  1.748  -17.260 0.1111111119
132226  -17.825  -6.011  -14.605 0.1111111119
93442  -18.470  0.905  -16.645 0.1111111119
94505  -19.063  1.907  -17.887 0.1111111119
72573  -25.255  -20.262  -16.383 0.3333333433
76687  -25.247  -16.685  -19.058 0.4444444478
77689  -26.882  -15.553  -19.307 0.4444444478
80712  -17.604  -12.155  -14.886 0.1111111119
82613  -28.166  -10.725  -20.556 0.4444444478
84377  -17.016  -7.851  -14.760 0.2222222239
85269  -17.056  -7.445  -13.992 0.3333333433
85301  -16.987  -7.210  -15.037 0.3333333433
85371  -24.124  -7.809  -20.682 1.0000000000
86274  -27.081  -6.599  -21.153 0.6666666865
88235  -18.824  -4.635  -15.677 0.1111111119
88247  -17.827  -4.689  -15.773 0.2222222239
88258  -18.149  -4.323  -17.579 0.3333333433
88302  -22.643  -4.410  -21.314 1.0000000000
89236  -17.958  -3.088  -16.143 0.2222222239
90290  -16.855  -2.108  -16.266 0.2222222239
90312  -16.734  -2.119  -16.196 0.3333333433
90313  -17.849  -1.916  -16.419 0.2222222239
90318  -30.574  -2.139  -16.929 0.1111111119
90327  -19.417  -1.910  -17.075 0.1111111119
90360  -20.952  -2.272  -20.728 1.0000000000
90369  -22.251  -2.300  -21.370 1.0000000000
90370  -23.364  -2.359  -22.235 0.8888888955
91329  -17.969  -1.428  -16.410 0.1111111119
91339  -16.898  -1.976  -16.494 0.2222222239
91359  -18.598  -1.381  -19.027 0.6666666865
92375  -17.412  -0.477  -16.451 0.1111111119
92397  -17.681  -0.563  -17.532 0.3333333433
92433  -24.275  -0.784  -22.611 0.8888888955
93420  -17.785  0.176  -16.328 0.1111111119
93441  -17.881  1.021  -16.335 0.1111111119
93452  -17.599  1.085  -16.872 0.3333333433
93474  -18.856  0.203  -19.577 0.5555555820
93501  -24.608  0.623  -22.578 0.6666666865
94493  -17.816  1.349  -16.635 0.2222222239
94494  -18.112  1.570  -16.661 0.2222222239
94503  -17.974  1.742  -16.860 0.2222222239
94513  -17.895  1.384  -17.410 0.2222222239
94545  -20.185  2.321  -20.741 0.5555555820
95569  -22.651  2.888  -22.170 0.6666666865
96497  -20.189  3.288  -20.404 0.3333333433
97413  -21.395  4.197  -20.535 0.2222222239
104118  -26.809  12.249  -28.426 0.1111111119
136629  -19.193  -3.034  -16.513 0.2222222239
137182  -18.408  1.711  -17.498 0.3333333433
139539  -20.052  -4.851  -19.143 0.8888888955
139973  -26.970  -11.487  -21.866 0.7777777910
140275  -25.028  -1.816  -22.615 0.7777777910
142488  -18.071  0.276  -16.416 0.1111111119
143345  -29.214  -13.096  -17.516 0.2222222239
151307  -23.232  -20.233  -15.671 0.3333333433
153017  -26.134  1.171  -22.103 0.5555555820
154025  -25.878  -20.932  -15.688 0.3333333433
156291  -29.477  -11.623  -17.381 0.1111111119
156301  -18.544  -6.468  -16.856 0.4444444478
157054  -27.879  -12.422  -20.277 0.3333333433
157379  -26.758  -8.261  -21.738 0.8888888955
157497  -27.896  -6.448  -21.105 0.5555555820
157823  -25.388  -3.350  -22.365 0.7777777910
