#!ascii label  , from subject sub001 vox2ras=TkReg
368
152981  -23.565  -5.902  -21.372 0.0000000000
81687  -20.431  -11.271  -18.164 0.0000000000
83565  -27.111  -9.816  -21.470 0.0000000000
78739  -25.852  -14.736  -20.274 0.0000000000
146221  -24.257  5.992  -23.274 0.0000000000
132061  -25.613  2.830  -23.326 0.0000000000
90359  -20.099  -1.826  -20.331 0.0000000000
147885  -25.042  -18.573  -17.593 0.0000000000
80769  -23.626  -12.670  -19.265 0.0000000000
78708  -22.126  -14.549  -17.298 0.0000000000
97449  -25.039  4.553  -23.843 0.0000000000
94548  -22.709  2.022  -21.941 0.0000000000
146647  -20.031  -6.994  -18.773 0.0000000000
87267  -18.756  -4.998  -17.420 0.0000000000
88301  -21.961  -4.371  -20.796 0.0000000000
91389  -24.435  -1.536  -22.574 0.0000000000
89342  -25.728  -3.167  -22.532 0.0000000000
88321  -26.781  -4.780  -21.250 0.0000000000
146354  -19.369  -9.114  -17.118 0.0000000000
84448  -22.423  -8.676  -19.849 0.0000000000
150754  -25.678  -7.265  -21.653 0.0000000000
82623  -24.311  -10.250  -20.509 0.0000000000
80793  -26.307  -12.547  -21.127 0.0000000000
79711  -27.661  -13.794  -19.355 0.0000000000
140375  -19.206  0.198  -19.912 0.0000000000
93500  -22.723  0.336  -22.146 0.0000000000
94549  -26.527  1.465  -21.856 0.0000000000
76654  -22.385  -16.509  -16.735 0.0000000000
76686  -24.670  -16.677  -18.868 0.0000000000
79689  -21.268  -13.600  -17.042 0.0000000000
78692  -21.000  -14.602  -16.155 0.0000000000
96505  -21.779  3.354  -21.524 0.0000000000
131951  -20.688  2.415  -21.262 0.0000000000
86259  -21.959  -6.004  -20.414 0.0000000000
87306  -20.730  -5.032  -19.808 0.0000000000
87308  -22.339  -5.171  -20.914 0.0000000000
133486  -23.739  -3.851  -21.754 0.0000000000
88319  -24.767  -4.622  -21.722 0.0000000000
89323  -26.162  -3.622  -22.119 0.0000000000
133023  -25.062  -5.227  -21.663 0.0000000000
82596  -20.229  -10.498  -18.055 0.0000000000
84431  -21.201  -8.785  -18.672 0.0000000000
83536  -21.621  -9.646  -18.924 0.0000000000
83551  -22.973  -9.325  -19.948 0.0000000000
81703  -22.700  -11.076  -19.289 0.0000000000
79723  -24.135  -13.637  -19.415 0.0000000000
80778  -24.633  -12.774  -19.775 0.0000000000
79725  -25.716  -13.831  -20.417 0.0000000000
79740  -27.164  -13.051  -20.906 0.0000000000
78740  -26.349  -14.671  -20.299 0.0000000000
98357  -23.639  5.415  -21.647 0.0000000000
98356  -23.326  5.846  -20.817 0.0000000000
99169  -23.677  6.208  -22.258 0.0000000000
100060  -24.286  7.824  -24.347 0.0000000000
99215  -25.108  6.547  -24.699 0.0000000000
150320  -25.447  3.435  -23.542 0.0000000000
90349  -19.474  -3.164  -19.160 0.0000000000
90348  -18.718  -2.020  -19.223 0.0000000000
91369  -19.390  -0.877  -20.093 0.0000000000
92422  -20.906  0.493  -21.247 0.0000000000
149947  -21.359  -0.669  -21.213 0.0000000000
92435  -26.189  -0.935  -22.164 0.0000000000
93502  -25.234  0.303  -22.427 0.0000000000
93493  -26.465  0.702  -21.755 0.0000000000
84467  -26.301  -8.654  -21.717 0.0000000000
145523  -27.125  -7.195  -21.464 0.0000000000
74629  -23.641  -18.645  -16.679 0.0000000000
75696  -23.282  -17.229  -17.133 0.0000000000
76670  -23.544  -16.869  -17.780 0.0000000000
75697  -24.771  -17.286  -18.461 0.0000000000
81671  -20.718  -12.102  -17.930 0.0000000000
81689  -22.361  -11.649  -18.701 0.0000000000
80750  -21.539  -12.856  -17.701 0.0000000000
79690  -22.205  -13.625  -17.827 0.0000000000
78726  -23.625  -14.936  -18.459 0.0000000000
97435  -24.067  4.608  -22.311 0.0000000000
98375  -24.685  5.206  -23.656 0.0000000000
96516  -24.339  3.841  -22.838 0.0000000000
96515  -23.696  3.132  -22.533 0.0000000000
95579  -24.123  2.355  -22.836 0.0000000000
86205  -19.204  -6.892  -17.261 0.0000000000
87269  -19.663  -5.492  -18.519 0.0000000000
88285  -20.362  -4.240  -19.871 0.0000000000
137618  -21.224  -3.008  -20.725 0.0000000000
91379  -22.280  -1.431  -21.612 0.0000000000
148949  -22.772  -2.859  -21.630 0.0000000000
90382  -24.747  -2.200  -22.588 0.0000000000
91391  -26.119  -2.035  -22.314 0.0000000000
90372  -26.681  -2.530  -21.773 0.0000000000
74632  -26.251  -18.894  -16.935 0.0000000000
74650  -26.534  -18.214  -17.298 0.0000000000
84429  -19.815  -8.268  -17.517 0.0000000000
85361  -21.349  -7.725  -19.544 0.0000000000
157665  -22.637  -7.583  -20.524 0.0000000000
136811  -24.896  -6.750  -21.519 0.0000000000
84458  -23.372  -8.143  -20.569 0.0000000000
83557  -24.635  -9.364  -20.754 0.0000000000
82632  -26.227  -10.332  -21.476 0.0000000000
137651  -23.488  -11.228  -19.619 0.0000000000
82624  -25.073  -11.014  -20.745 0.0000000000
82626  -26.672  -11.065  -21.984 0.0000000000
81705  -28.048  -11.607  -20.403 0.0000000000
80770  -28.531  -12.508  -18.949 0.0000000000
99204  -25.399  5.867  -24.256 0.0000000000
93491  -20.562  1.248  -21.067 0.0000000000
93499  -22.095  1.218  -22.091 0.0000000000
94557  -24.411  1.518  -22.663 0.0000000000
92432  -23.710  -0.462  -22.652 0.0000000000
94558  -25.144  1.184  -22.563 0.0000000000
95581  -25.854  2.295  -22.748 0.0000000000
132469  -26.109  -5.934  -21.336 0.0000000000
131311  -27.452  -5.321  -20.906 0.0000000000
76653  -21.664  -16.301  -16.123 0.0000000000
149317  -22.592  -16.237  -17.121 0.0000000000
77685  -23.528  -15.802  -18.313 0.0000000000
77687  -25.004  -16.109  -19.406 0.0000000000
76671  -26.439  -17.003  -18.173 0.0000000000
76688  -26.932  -16.222  -18.562 0.0000000000
77704  -26.244  -15.454  -19.891 0.0000000000
95561  -19.730  2.214  -20.333 0.0000000000
141230  -22.868  -5.946  -20.891 0.0000000000
87317  -23.215  -5.132  -21.394 0.0000000000
88318  -23.905  -4.580  -21.647 0.0000000000
87318  -24.209  -5.435  -21.619 0.0000000000
82580  -19.840  -11.082  -17.709 0.0000000000
83535  -20.784  -9.666  -18.274 0.0000000000
82597  -21.246  -10.547  -18.539 0.0000000000
82598  -22.181  -10.363  -19.179 0.0000000000
134035  -22.009  -11.009  -18.783 0.0000000000
79724  -25.065  -14.244  -19.810 0.0000000000
137275  -25.068  -13.464  -19.915 0.0000000000
78755  -26.289  -13.978  -20.619 0.0000000000
98365  -24.127  5.280  -22.746 0.0000000000
155590  -24.363  6.565  -23.728 0.0000000000
99203  -24.848  5.955  -24.149 0.0000000000
96518  -26.061  3.452  -23.442 0.0000000000
142751  -26.246  4.068  -23.429 0.0000000000
96519  -26.688  3.732  -22.740 0.0000000000
90350  -19.716  -2.585  -19.778 0.0000000000
90339  -18.868  -2.827  -18.618 0.0000000000
154334  -19.176  -2.458  -19.307 0.0000000000
133506  -19.282  -1.844  -19.739 0.0000000000
91370  -20.285  -0.831  -20.655 0.0000000000
154793  -20.856  -1.506  -20.794 0.0000000000
92424  -26.546  -0.102  -21.711 0.0000000000
84468  -26.874  -8.958  -21.483 0.0000000000
143734  -27.192  -8.318  -21.548 0.0000000000
84469  -27.331  -9.082  -21.190 0.0000000000
74630  -24.409  -18.603  -17.228 0.0000000000
74647  -23.822  -17.963  -17.263 0.0000000000
74648  -24.567  -17.974  -17.818 0.0000000000
144702  -24.020  -17.345  -17.841 0.0000000000
75698  -25.292  -17.882  -18.013 0.0000000000
155922  -20.780  -12.797  -17.303 0.0000000000
78725  -22.894  -14.350  -18.153 0.0000000000
78709  -22.899  -15.258  -17.842 0.0000000000
96507  -23.705  4.057  -22.039 0.0000000000
96506  -22.790  3.662  -21.811 0.0000000000
95568  -21.942  2.627  -21.769 0.0000000000
95578  -23.359  2.457  -22.463 0.0000000000
96517  -24.748  3.047  -23.266 0.0000000000
143844  -19.563  -6.914  -18.072 0.0000000000
86231  -19.880  -6.302  -18.595 0.0000000000
88300  -21.083  -4.370  -20.420 0.0000000000
89300  -20.744  -3.615  -20.397 0.0000000000
89301  -21.614  -3.667  -20.749 0.0000000000
139805  -22.032  -3.009  -21.071 0.0000000000
89302  -22.346  -3.661  -21.204 0.0000000000
89321  -24.551  -3.352  -22.105 0.0000000000
89340  -24.242  -2.600  -22.335 0.0000000000
89341  -25.108  -2.845  -22.593 0.0000000000
90383  -25.481  -2.431  -22.628 0.0000000000
89343  -26.108  -2.952  -22.428 0.0000000000
146718  -26.262  -4.273  -21.805 0.0000000000
136719  -26.771  -4.079  -21.709 0.0000000000
88322  -27.318  -4.512  -21.147 0.0000000000
73567  -26.813  -19.310  -16.324 0.0000000000
84447  -21.656  -8.339  -19.453 0.0000000000
84446  -21.014  -8.083  -19.147 0.0000000000
85362  -22.132  -7.748  -20.019 0.0000000000
85370  -23.216  -7.484  -20.788 0.0000000000
85369  -22.770  -8.094  -20.461 0.0000000000
83556  -23.666  -9.442  -20.351 0.0000000000
84460  -25.650  -9.255  -21.372 0.0000000000
83558  -25.319  -10.252  -21.089 0.0000000000
80768  -22.748  -12.432  -18.675 0.0000000000
81690  -23.203  -11.810  -19.170 0.0000000000
139801  -25.158  -12.148  -20.020 0.0000000000
80792  -25.681  -11.868  -20.950 0.0000000000
82625  -25.927  -11.109  -21.517 0.0000000000
81715  -26.468  -11.735  -21.665 0.0000000000
81716  -27.413  -11.612  -21.436 0.0000000000
80794  -26.932  -12.262  -21.359 0.0000000000
79727  -27.368  -13.499  -20.315 0.0000000000
150844  -27.586  -12.898  -20.520 0.0000000000
79728  -27.977  -12.967  -19.726 0.0000000000
98376  -25.194  5.202  -24.077 0.0000000000
98377  -25.764  5.230  -23.955 0.0000000000
86229  -18.818  -5.770  -17.505 0.0000000000
93463  -18.648  -0.296  -19.285 0.0000000000
93485  -19.558  0.980  -20.271 0.0000000000
94538  -19.994  1.646  -20.600 0.0000000000
93486  -20.206  0.769  -20.716 0.0000000000
93492  -21.818  0.373  -21.675 0.0000000000
130722  -23.154  1.102  -22.233 0.0000000000
94556  -23.640  1.765  -22.477 0.0000000000
93508  -23.931  0.897  -22.518 0.0000000000
148338  -23.208  -1.802  -22.551 0.0000000000
91387  -22.845  -1.316  -22.415 0.0000000000
91388  -23.613  -1.224  -22.636 0.0000000000
134722  -25.758  0.853  -22.251 0.0000000000
94559  -25.855  1.610  -22.428 0.0000000000
95570  -26.441  2.163  -22.204 0.0000000000
86272  -25.624  -6.395  -21.558 0.0000000000
139034  -27.484  -6.170  -20.972 0.0000000000
138825  -22.721  -16.897  -16.800 0.0000000000
139768  -22.145  -17.025  -16.014 0.0000000000
77656  -21.964  -15.883  -16.672 0.0000000000
149641  -24.105  -16.824  -18.318 0.0000000000
147218  -23.503  -16.473  -18.052 0.0000000000
76685  -24.171  -16.303  -18.727 0.0000000000
77686  -24.316  -15.509  -18.932 0.0000000000
145058  -26.093  -17.796  -17.953 0.0000000000
151149  -26.388  -16.003  -19.390 0.0000000000
79672  -20.434  -13.951  -16.278 0.0000000000
78707  -21.330  -14.348  -16.629 0.0000000000
77668  -21.716  -15.044  -16.598 0.0000000000
96504  -21.013  3.299  -21.030 0.0000000000
95567  -21.158  2.800  -21.418 0.0000000000
94547  -21.452  2.042  -21.664 0.0000000000
86251  -20.582  -6.536  -19.215 0.0000000000
87290  -21.122  -5.879  -19.766 0.0000000000
87307  -21.521  -5.143  -20.372 0.0000000000
89320  -22.992  -3.698  -21.600 0.0000000000
88317  -23.235  -4.349  -21.569 0.0000000000
133855  -24.416  -4.050  -21.821 0.0000000000
89322  -25.144  -3.919  -21.977 0.0000000000
150297  -25.795  -3.752  -22.118 0.0000000000
88320  -25.632  -4.591  -21.778 0.0000000000
133701  -26.193  -5.115  -21.429 0.0000000000
82595  -19.611  -10.459  -17.208 0.0000000000
83534  -19.910  -9.745  -17.572 0.0000000000
142143  -20.352  -8.907  -17.839 0.0000000000
83549  -21.825  -9.006  -19.340 0.0000000000
83550  -22.344  -9.564  -19.557 0.0000000000
82611  -23.179  -10.311  -19.885 0.0000000000
80779  -25.588  -12.846  -20.403 0.0000000000
79738  -26.160  -13.327  -20.800 0.0000000000
79739  -26.643  -13.172  -20.926 0.0000000000
79726  -26.776  -13.797  -20.592 0.0000000000
78741  -27.000  -14.252  -19.981 0.0000000000
97426  -23.408  5.067  -20.858 0.0000000000
100045  -24.139  7.350  -23.578 0.0000000000
100062  -25.459  7.210  -25.067 0.0000000000
96523  -25.649  4.085  -23.711 0.0000000000
97450  -25.557  4.718  -23.929 0.0000000000
97451  -26.064  4.629  -23.686 0.0000000000
90337  -18.234  -2.624  -18.084 0.0000000000
90338  -18.426  -2.175  -18.520 0.0000000000
91360  -18.912  -1.337  -19.501 0.0000000000
92416  -19.799  0.038  -20.448 0.0000000000
92417  -20.489  -0.048  -20.885 0.0000000000
92423  -22.442  -0.518  -21.830 0.0000000000
134371  -24.908  -1.129  -22.529 0.0000000000
92434  -25.392  -0.612  -22.402 0.0000000000
93503  -25.863  0.040  -22.047 0.0000000000
84466  -25.650  -8.159  -21.594 0.0000000000
85380  -26.339  -7.825  -21.810 0.0000000000
85381  -26.920  -7.704  -21.681 0.0000000000
85382  -27.418  -7.683  -21.463 0.0000000000
75681  -22.967  -17.984  -16.621 0.0000000000
76669  -23.026  -16.625  -17.324 0.0000000000
81670  -19.831  -11.684  -17.603 0.0000000000
81688  -21.430  -11.471  -18.419 0.0000000000
80767  -21.846  -12.234  -18.263 0.0000000000
80751  -22.274  -12.910  -18.237 0.0000000000
79710  -23.054  -13.419  -18.639 0.0000000000
137753  -23.622  -14.179  -18.731 0.0000000000
78727  -24.328  -14.595  -19.128 0.0000000000
152482  -22.655  4.619  -20.839 0.0000000000
97434  -23.675  4.715  -21.578 0.0000000000
97442  -24.544  4.524  -23.236 0.0000000000
96522  -24.954  3.880  -23.523 0.0000000000
87268  -19.246  -5.212  -17.833 0.0000000000
87289  -20.359  -5.669  -19.121 0.0000000000
88272  -19.454  -4.636  -18.529 0.0000000000
88284  -19.736  -4.024  -19.226 0.0000000000
89290  -20.080  -3.407  -19.804 0.0000000000
143133  -20.461  -2.795  -20.304 0.0000000000
91371  -21.674  -1.795  -20.999 0.0000000000
90361  -21.711  -2.489  -20.885 0.0000000000
150950  -22.740  -2.032  -22.144 0.0000000000
132283  -23.936  -1.937  -22.511 0.0000000000
90371  -23.620  -3.070  -21.871 0.0000000000
91390  -25.511  -1.538  -22.523 0.0000000000
92425  -26.946  -0.663  -21.430 0.0000000000
91380  -26.771  -1.579  -21.686 0.0000000000
91381  -27.389  -2.014  -21.245 0.0000000000
89324  -26.671  -3.378  -21.802 0.0000000000
83559  -27.615  -9.892  -21.272 0.0000000000
74631  -25.468  -19.070  -17.133 0.0000000000
74649  -25.762  -18.421  -17.521 0.0000000000
85347  -19.461  -7.567  -17.263 0.0000000000
85348  -20.065  -7.535  -18.162 0.0000000000
84430  -20.494  -8.172  -18.474 0.0000000000
85360  -20.649  -7.463  -19.125 0.0000000000
86252  -21.490  -6.888  -19.798 0.0000000000
86253  -22.502  -6.921  -20.568 0.0000000000
87309  -23.414  -6.609  -21.060 0.0000000000
86271  -24.151  -6.307  -21.531 0.0000000000
86260  -24.098  -7.073  -21.180 0.0000000000
85379  -24.889  -7.562  -21.284 0.0000000000
84449  -23.179  -8.714  -20.286 0.0000000000
139778  -23.993  -8.589  -20.501 0.0000000000
84459  -24.837  -8.421  -20.979 0.0000000000
83564  -26.519  -9.587  -21.498 0.0000000000
82612  -24.186  -11.042  -20.096 0.0000000000
81704  -24.205  -11.886  -19.697 0.0000000000
81714  -24.888  -11.609  -20.263 0.0000000000
82633  -26.866  -10.435  -21.720 0.0000000000
82627  -27.314  -10.767  -21.765 0.0000000000
81717  -27.748  -11.017  -21.120 0.0000000000
80780  -27.503  -12.357  -20.933 0.0000000000
80781  -28.253  -12.232  -19.697 0.0000000000
132788  -19.480  1.746  -20.137 0.0000000000
94546  -20.589  1.853  -21.249 0.0000000000
135090  -21.214  1.237  -21.550 0.0000000000
95580  -25.083  2.123  -22.880 0.0000000000
92431  -23.093  -0.519  -22.534 0.0000000000
138504  -23.470  0.228  -22.509 0.0000000000
133465  -24.768  -0.271  -22.559 0.0000000000
131532  -24.130  0.040  -22.656 0.0000000000
96508  -26.314  2.852  -22.801 0.0000000000
87319  -24.905  -5.966  -21.664 0.0000000000
87320  -25.596  -5.524  -21.587 0.0000000000
86273  -26.477  -6.873  -21.504 0.0000000000
87321  -26.726  -5.816  -20.942 0.0000000000
77655  -21.249  -15.347  -15.881 0.0000000000
77669  -22.379  -15.553  -17.188 0.0000000000
77670  -22.996  -16.095  -17.589 0.0000000000
77702  -25.109  -15.132  -19.574 0.0000000000
75713  -25.600  -17.249  -18.522 0.0000000000
134943  -26.034  -16.565  -18.934 0.0000000000
77688  -25.769  -16.080  -19.559 0.0000000000
77703  -25.770  -15.489  -19.887 0.0000000000
154836  -26.077  -15.139  -20.200 0.0000000000
77705  -26.748  -14.962  -19.778 0.0000000000
75699  -26.838  -17.487  -17.481 0.0000000000
76687  -25.247  -16.685  -19.058 0.0000000000
85371  -24.124  -7.809  -20.682 0.0000000000
86274  -27.081  -6.599  -21.153 0.0000000000
88302  -22.643  -4.410  -21.314 0.0000000000
90360  -20.952  -2.272  -20.728 0.0000000000
90369  -22.251  -2.300  -21.370 0.0000000000
90370  -23.364  -2.359  -22.235 0.0000000000
91359  -18.598  -1.381  -19.027 0.0000000000
92433  -24.275  -0.784  -22.611 0.0000000000
93474  -18.856  0.203  -19.577 0.0000000000
93501  -24.608  0.623  -22.578 0.0000000000
94545  -20.185  2.321  -20.741 0.0000000000
95569  -22.651  2.888  -22.170 0.0000000000
139539  -20.052  -4.851  -19.143 0.0000000000
139973  -26.970  -11.487  -21.866 0.0000000000
140275  -25.028  -1.816  -22.615 0.0000000000
153017  -26.134  1.171  -22.103 0.0000000000
157054  -27.879  -12.422  -20.277 0.0000000000
157379  -26.758  -8.261  -21.738 0.0000000000
157823  -25.388  -3.350  -22.365 0.0000000000
