#!ascii label  , from subject sub001 vox2ras=TkReg
823
30003  -37.702  -60.399  -25.128 0.5000000000
28834  -36.422  -60.641  -26.011 0.8000000119
28826  -34.601  -61.457  -25.390 0.8000000119
28833  -35.589  -60.966  -26.215 0.8000000119
30001  -35.899  -60.800  -25.580 0.8000000119
29996  -39.004  -60.422  -24.268 0.5000000000
30007  -37.267  -60.502  -25.815 0.5000000000
30002  -36.757  -60.578  -25.164 0.6000000238
27621  -33.327  -62.489  -25.769 0.6999999881
27622  -33.921  -62.009  -25.401 0.6999999881
28827  -35.437  -61.130  -24.942 0.8000000119
28828  -36.112  -60.876  -24.729 0.6999999881
28818  -39.473  -60.920  -23.540 0.6000000238
29995  -38.172  -60.474  -24.269 0.5000000000
28816  -37.668  -60.914  -23.378 0.6000000238
26362  -31.040  -63.443  -25.163 0.6999999881
155698  -37.107  -60.869  -23.614 0.6000000238
28805  -36.796  -60.975  -22.949 0.6000000238
26363  -31.780  -63.294  -24.459 0.6999999881
27620  -32.502  -63.040  -26.321 0.6999999881
28815  -36.584  -60.874  -23.956 0.6000000238
29990  -36.128  -60.688  -22.030 0.6000000238
28813  -34.934  -61.403  -24.145 0.8000000119
28814  -35.786  -61.111  -23.948 0.8000000119
28804  -36.034  -60.817  -22.967 0.6999999881
27595  -38.832  -61.971  -22.147 0.4000000060
28807  -38.211  -61.419  -22.600 0.6000000238
26350  -30.882  -63.107  -23.466 0.6999999881
28798  -36.904  -61.150  -22.033 0.6000000238
26351  -31.701  -63.208  -23.349 0.6999999881
137411  -32.425  -63.132  -23.729 0.6999999881
151565  -33.485  -62.409  -24.860 0.6999999881
154899  -33.926  -62.142  -23.407 0.6999999881
148286  -34.453  -61.693  -23.250 0.6000000238
29989  -35.485  -60.769  -22.155 0.6999999881
29979  -35.308  -60.602  -20.717 0.5000000000
148684  -33.722  -62.161  -22.572 0.6000000238
28796  -33.839  -61.748  -21.733 0.6000000238
28803  -34.591  -61.273  -22.211 0.6000000238
28789  -34.359  -60.887  -20.650 0.6000000238
28797  -34.293  -61.209  -21.393 0.6000000238
29977  -33.947  -60.781  -19.844 0.5000000000
27578  -38.546  -62.438  -21.525 0.4000000060
152401  -38.204  -61.928  -21.917 0.5000000000
27591  -29.733  -62.093  -23.579 0.6999999881
28799  -37.586  -61.616  -21.963 0.6000000238
27576  -36.990  -61.734  -21.262 0.6000000238
148705  -36.404  -61.059  -21.473 0.6000000238
27594  -32.603  -62.846  -22.592 0.6999999881
28790  -35.757  -60.922  -20.360 0.5000000000
29973  -35.322  -60.541  -19.840 0.6000000238
27575  -33.171  -62.272  -21.637 0.6999999881
136875  -33.599  -61.623  -21.087 0.6000000238
29978  -34.832  -60.397  -19.959 0.5000000000
150352  -35.021  -60.202  -19.393 0.5000000000
28788  -33.384  -61.310  -20.430 0.5000000000
146667  -28.631  -61.388  -25.050 0.6000000238
31086  -29.704  -59.367  -24.144 0.6000000238
26317  -38.960  -63.071  -20.930 0.5000000000
27565  -38.192  -62.773  -20.994 0.5000000000
28811  -29.423  -61.279  -24.375 0.6999999881
27606  -29.442  -62.219  -24.694 0.6999999881
27577  -37.802  -62.233  -21.411 0.5000000000
27564  -37.458  -62.648  -20.627 0.5000000000
27554  -36.977  -62.756  -19.961 0.4000000060
27592  -30.387  -62.587  -22.918 0.6999999881
27563  -36.665  -62.095  -20.409 0.5000000000
27572  -30.657  -62.254  -22.113 0.6999999881
27573  -31.326  -62.186  -21.513 0.6999999881
139368  -36.166  -61.526  -19.989 0.5000000000
27561  -32.011  -61.928  -20.879 0.6999999881
27562  -32.829  -61.888  -20.963 0.6000000238
28782  -35.741  -61.040  -19.398 0.5000000000
138769  -35.316  -60.441  -19.070 0.5000000000
28787  -32.580  -61.417  -20.389 0.5000000000
28781  -33.125  -60.947  -19.843 0.5000000000
29971  -33.555  -60.449  -19.428 0.5000000000
31074  -34.256  -59.756  -18.665 0.5000000000
29972  -34.355  -60.190  -19.241 0.5000000000
31067  -34.553  -59.548  -18.143 0.3000000119
26274  -37.825  -63.388  -18.923 0.3000000119
31089  -28.545  -59.621  -24.389 0.6000000238
32293  -29.071  -59.267  -24.368 0.6000000238
26295  -37.599  -63.252  -19.801 0.4000000060
27544  -37.005  -63.031  -19.238 0.4000000060
138500  -30.109  -59.967  -23.660 0.6000000238
27553  -36.517  -62.330  -19.621 0.5000000000
29988  -30.218  -60.786  -22.866 0.6999999881
28794  -30.626  -61.485  -21.785 0.6999999881
28786  -31.755  -61.220  -20.543 0.5000000000
28778  -35.601  -60.881  -18.625 0.5000000000
29976  -32.310  -60.719  -20.002 0.5000000000
31068  -35.032  -59.848  -17.783 0.4000000060
29966  -34.899  -60.000  -18.742 0.3000000119
31052  -34.640  -59.208  -17.396 0.4000000060
32264  -33.406  -58.594  -18.348 0.5000000000
31066  -33.797  -59.277  -18.403 0.4000000060
33457  -28.451  -57.995  -23.593 0.6000000238
32291  -29.264  -58.608  -23.988 0.6000000238
32292  -30.131  -58.449  -23.616 0.6000000238
32288  -30.616  -58.687  -23.049 0.6000000238
27543  -36.471  -62.497  -18.778 0.3000000119
28779  -35.912  -61.735  -18.466 0.4000000060
31083  -30.486  -59.667  -22.722 0.6000000238
28775  -35.990  -61.963  -17.621 0.3000000119
29983  -30.495  -60.539  -21.906 0.6000000238
29984  -30.993  -60.820  -21.144 0.6999999881
28763  -35.654  -61.063  -16.997 0.3000000119
28774  -35.659  -61.163  -17.791 0.3000000119
31053  -35.108  -59.768  -16.943 0.3000000119
29961  -35.399  -60.415  -17.431 0.3000000119
31081  -31.069  -59.063  -21.032 0.5000000000
29975  -31.465  -60.139  -20.528 0.5000000000
32234  -34.623  -58.054  -16.414 0.3000000119
29969  -32.129  -59.861  -19.736 0.5000000000
31072  -32.664  -59.482  -19.114 0.5000000000
149805  -34.348  -58.418  -17.176 0.3000000119
32274  -32.056  -58.925  -19.615 0.5000000000
32248  -33.653  -57.959  -17.741 0.4000000060
32249  -34.035  -58.830  -17.824 0.3000000119
34572  -28.866  -57.256  -23.132 0.5000000000
151752  -29.973  -56.981  -23.410 0.6000000238
33459  -30.424  -57.506  -23.364 0.5000000000
33454  -31.031  -58.005  -22.692 0.5000000000
32235  -35.056  -58.630  -15.767 0.3000000119
32285  -30.821  -58.882  -22.136 0.6000000238
33386  -35.054  -57.710  -15.749 0.3000000119
31037  -34.788  -58.974  -16.566 0.3000000119
31080  -30.761  -59.829  -21.518 0.6000000238
31077  -31.616  -59.271  -20.243 0.5000000000
33431  -32.610  -57.517  -19.228 0.5000000000
34522  -33.315  -56.398  -18.330 0.4000000060
34573  -30.319  -56.140  -23.026 0.5000000000
35677  -31.332  -55.944  -23.031 0.5000000000
34574  -30.842  -56.697  -23.194 0.5000000000
34575  -31.527  -56.389  -22.855 0.5000000000
32182  -35.839  -58.491  -14.668 0.3000000119
32211  -35.439  -58.188  -15.156 0.3000000119
133417  -31.549  -57.299  -22.271 0.6000000238
32286  -31.260  -58.183  -21.713 0.6000000238
33445  -31.608  -57.610  -21.312 0.5000000000
32275  -32.125  -57.978  -19.725 0.5000000000
34511  -33.685  -57.024  -17.644 0.4000000060
35628  -33.655  -55.611  -18.235 0.4000000060
36737  -31.990  -54.407  -22.431 0.5000000000
35667  -31.920  -55.211  -22.651 0.5000000000
35678  -32.076  -55.716  -22.609 0.5000000000
32183  -36.417  -58.320  -14.277 0.4000000060
33342  -36.038  -57.687  -14.759 0.4000000060
34565  -31.679  -56.687  -22.659 0.5000000000
33455  -32.016  -56.636  -22.255 0.5000000000
33364  -36.024  -56.918  -15.244 0.4000000060
145863  -35.344  -56.909  -15.695 0.3000000119
34566  -32.223  -56.071  -22.439 0.4000000060
34499  -35.160  -56.308  -16.105 0.3000000119
34553  -32.568  -56.245  -21.819 0.5000000000
33446  -32.041  -56.985  -21.560 0.4000000060
34543  -32.437  -56.724  -20.835 0.4000000060
155962  -33.333  -55.606  -18.888 0.4000000060
37839  -32.671  -53.892  -22.405 0.5000000000
36738  -32.837  -54.664  -22.622 0.5000000000
141683  -36.678  -57.637  -14.333 0.4000000060
35668  -32.801  -55.439  -22.487 0.5000000000
154766  -33.155  -55.036  -22.616 0.4000000060
34485  -36.527  -56.386  -15.229 0.4000000060
35598  -36.762  -55.789  -15.463 0.4000000060
35669  -33.488  -55.142  -22.435 0.4000000060
34567  -33.022  -55.612  -22.238 0.4000000060
35609  -36.262  -55.189  -15.969 0.4000000060
34554  -33.174  -55.705  -21.804 0.4000000060
34544  -32.915  -55.982  -21.031 0.4000000060
34533  -32.700  -56.507  -19.902 0.4000000060
135617  -33.275  -55.641  -20.380 0.4000000060
36705  -34.141  -54.689  -19.710 0.4000000060
36694  -34.252  -54.413  -18.705 0.4000000060
37777  -34.895  -54.026  -19.491 0.4000000060
37826  -32.432  -53.297  -21.782 0.5000000000
37827  -33.350  -53.331  -22.236 0.4000000060
34470  -37.480  -56.563  -14.267 0.4000000060
34486  -37.136  -56.190  -14.892 0.4000000060
38978  -34.114  -53.160  -22.474 0.5000000000
37840  -34.076  -53.934  -22.714 0.4000000060
35670  -34.219  -54.796  -22.301 0.4000000060
142747  -37.309  -54.833  -16.352 0.4000000060
35656  -33.681  -55.317  -22.112 0.4000000060
35657  -34.342  -55.032  -21.948 0.4000000060
36681  -34.534  -54.601  -17.704 0.3000000119
35638  -33.542  -55.280  -19.687 0.4000000060
38953  -34.159  -52.384  -21.188 0.4000000060
38965  -34.528  -52.597  -22.219 0.5000000000
35599  -37.626  -55.639  -15.113 0.4000000060
38979  -35.257  -52.994  -22.942 0.4000000060
37841  -34.872  -53.785  -23.077 0.4000000060
36739  -34.764  -54.446  -22.599 0.4000000060
36740  -35.745  -54.657  -22.949 0.4000000060
36727  -35.161  -54.610  -22.441 0.4000000060
36718  -35.071  -54.743  -21.903 0.4000000060
35649  -34.135  -55.098  -20.882 0.4000000060
37778  -35.647  -53.635  -19.054 0.4000000060
36706  -34.939  -54.542  -20.798 0.4000000060
37795  -35.937  -53.779  -20.476 0.4000000060
38954  -34.721  -52.184  -21.173 0.4000000060
38966  -35.264  -52.292  -21.969 0.4000000060
40170  -36.786  -52.239  -22.596 0.4000000060
38967  -35.962  -52.749  -22.872 0.4000000060
37842  -36.028  -54.126  -23.287 0.4000000060
156185  -36.349  -54.727  -22.979 0.4000000060
37779  -36.636  -53.357  -19.024 0.4000000060
37843  -36.816  -54.288  -23.002 0.4000000060
37828  -36.540  -54.657  -22.914 0.4000000060
37815  -36.353  -54.517  -22.169 0.4000000060
154511  -36.810  -53.783  -21.281 0.4000000060
40158  -36.705  -51.421  -21.221 0.4000000060
40159  -37.415  -51.441  -21.719 0.4000000060
40171  -37.608  -52.103  -22.780 0.4000000060
40178  -37.355  -52.857  -23.272 0.4000000060
131688  -37.997  -52.682  -23.325 0.4000000060
38980  -36.799  -53.463  -23.210 0.4000000060
38981  -37.622  -53.465  -23.229 0.4000000060
38982  -38.628  -53.065  -23.318 0.4000000060
140988  -37.723  -53.351  -21.105 0.3000000119
37817  -37.950  -53.561  -22.368 0.4000000060
41409  -37.299  -50.702  -20.672 0.4000000060
41417  -37.935  -50.594  -21.300 0.4000000060
42644  -38.423  -49.724  -21.453 0.4000000060
41418  -38.536  -50.803  -21.953 0.4000000060
41426  -39.030  -51.244  -22.610 0.4000000060
40179  -38.758  -52.245  -23.220 0.4000000060
40187  -39.339  -52.556  -23.336 0.4000000060
37797  -38.534  -53.340  -19.648 0.4000000060
37796  -37.207  -53.295  -20.035 0.3000000119
37844  -38.425  -53.410  -23.054 0.4000000060
146568  -38.547  -53.449  -22.807 0.5000000000
43749  -38.375  -48.702  -21.104 0.4000000060
43756  -38.879  -48.928  -21.780 0.4000000060
42652  -39.094  -49.994  -22.253 0.4000000060
37857  -39.499  -53.001  -23.305 0.4000000060
37846  -40.281  -53.530  -22.666 0.5000000000
43755  -38.584  -48.112  -21.615 0.4000000060
43757  -39.144  -48.136  -22.095 0.4000000060
43764  -39.956  -48.755  -22.580 0.4000000060
37858  -40.353  -53.211  -23.244 0.4000000060
37859  -41.411  -53.269  -23.391 0.5000000000
44797  -38.532  -47.436  -21.690 0.4000000060
44799  -40.010  -47.183  -22.181 0.4000000060
44808  -40.650  -47.755  -22.627 0.4000000060
157829  -42.063  -53.093  -23.598 0.5000000000
46934  -40.828  -45.915  -21.355 0.4000000060
45858  -39.425  -46.655  -21.761 0.4000000060
45859  -40.370  -46.585  -21.794 0.4000000060
45860  -41.333  -46.508  -21.851 0.4000000060
45871  -41.925  -47.136  -22.367 0.5000000000
46933  -39.939  -46.106  -21.244 0.4000000060
32263  -32.667  -58.518  -18.937 0.5000000000
33432  -32.915  -56.920  -18.793 0.5000000000
146768  -33.286  -57.267  -18.127 0.4000000060
30004  -38.576  -60.268  -25.208 0.5000000000
28840  -35.167  -61.540  -26.451 0.8000000119
27633  -34.031  -61.978  -26.112 0.8000000119
27632  -33.172  -62.788  -26.352 0.6999999881
28819  -40.326  -61.038  -23.741 0.5000000000
26371  -31.739  -63.333  -25.875 0.6999999881
28808  -39.926  -61.488  -22.977 0.5000000000
26370  -30.961  -63.775  -26.325 0.6999999881
27579  -39.291  -62.552  -21.674 0.4000000060
27607  -30.090  -62.761  -24.054 0.6999999881
30000  -29.039  -60.963  -24.952 0.6999999881
153929  -39.623  -63.335  -20.508 0.4000000060
29999  -28.469  -60.565  -24.705 0.6000000238
26296  -38.458  -63.476  -19.550 0.4000000060
32289  -27.857  -58.563  -23.541 0.6000000238
34564  -29.115  -56.511  -22.796 0.5000000000
145731  -30.017  -55.422  -22.489 0.5000000000
136611  -31.305  -54.777  -22.515 0.5000000000
37838  -31.933  -53.772  -22.088 0.4000000060
38952  -33.406  -52.493  -20.977 0.4000000060
40155  -33.831  -52.266  -20.403 0.4000000060
40156  -34.375  -52.163  -20.604 0.4000000060
40142  -35.408  -51.375  -19.884 0.4000000060
41408  -36.672  -50.895  -20.276 0.4000000060
42638  -37.746  -49.451  -20.488 0.4000000060
44796  -38.117  -47.710  -21.188 0.4000000060
44788  -37.976  -47.032  -21.230 0.4000000060
46925  -40.459  -45.447  -20.703 0.4000000060
28841  -36.239  -60.966  -26.333 0.8000000119
28817  -38.624  -60.839  -23.442 0.5000000000
27609  -33.311  -62.616  -23.720 0.6999999881
28806  -37.419  -61.241  -22.593 0.6000000238
134714  -35.275  -61.206  -23.068 0.6999999881
28791  -36.295  -61.298  -20.795 0.6000000238
29985  -34.974  -60.736  -21.438 0.6000000238
28812  -29.795  -61.455  -23.411 0.6999999881
29992  -29.546  -60.317  -24.345 0.6000000238
134061  -39.065  -63.477  -20.122 0.5000000000
31065  -33.160  -59.159  -18.683 0.5000000000
33453  -30.698  -57.944  -23.236 0.6000000238
32281  -31.578  -58.324  -20.543 0.5000000000
134610  -33.026  -55.981  -19.290 0.4000000060
138857  -32.375  -57.226  -20.024 0.4000000060
35619  -33.735  -56.234  -17.717 0.4000000060
36728  -36.020  -54.796  -22.735 0.4000000060
40143  -36.005  -51.314  -20.591 0.4000000060
37829  -36.940  -54.173  -22.884 0.4000000060
45870  -40.927  -47.153  -22.303 0.4000000060
19123  -33.982  -69.270  -27.599 0.4000000060
20264  -35.459  -68.902  -27.638 0.4000000060
20265  -36.175  -68.679  -27.575 0.4000000060
20267  -38.016  -68.223  -27.098 0.4000000060
20245  -35.754  -69.116  -26.841 0.4000000060
20247  -37.463  -68.509  -26.488 0.4000000060
20248  -38.339  -68.294  -26.227 0.4000000060
20233  -38.657  -68.320  -25.351 0.4000000060
21401  -40.153  -67.718  -25.734 0.5000000000
19107  -36.217  -69.081  -26.142 0.4000000060
20232  -37.792  -68.511  -25.605 0.4000000060
20234  -39.490  -67.988  -25.067 0.5000000000
22601  -40.389  -66.700  -24.681 0.6000000238
19091  -35.295  -69.454  -25.119 0.4000000060
20213  -36.754  -68.858  -24.814 0.4000000060
20215  -38.183  -68.284  -23.964 0.4000000060
22623  -40.691  -67.102  -25.292 0.5000000000
27596  -39.561  -62.074  -22.376 0.3000000119
27580  -39.992  -62.650  -21.864 0.4000000060
131663  -39.870  -63.446  -19.844 0.3000000119
146111  -40.872  -66.293  -25.217 0.5000000000
134975  -41.272  -60.523  -24.898 0.5000000000
27611  -40.575  -61.716  -23.208 0.4000000060
20176  -37.048  -68.453  -22.397 0.4000000060
20216  -38.832  -68.122  -24.494 0.5000000000
133614  -39.466  -67.520  -24.168 0.5000000000
138152  -36.694  -68.749  -23.085 0.4000000060
20214  -37.424  -68.591  -24.297 0.4000000060
23852  -40.363  -65.931  -24.722 0.6000000238
138684  -40.807  -65.423  -25.298 0.6000000238
26387  -39.895  -63.547  -26.048 0.6999999881
151535  -40.313  -60.602  -24.705 0.5000000000
25139  -40.839  -63.812  -26.260 0.6999999881
27644  -40.751  -61.872  -27.317 0.6999999881
30010  -40.676  -60.424  -25.590 0.6999999881
26402  -40.296  -62.732  -26.781 0.6999999881
27643  -39.831  -61.845  -26.986 0.6999999881
21369  -39.017  -67.315  -23.450 0.5000000000
22590  -39.571  -66.844  -23.722 0.6000000238
22600  -39.923  -66.385  -24.202 0.6000000238
25108  -39.341  -64.832  -24.685 0.6000000238
20177  -37.718  -67.847  -22.487 0.4000000060
155637  -38.151  -67.480  -22.754 0.5000000000
23835  -39.406  -66.119  -23.687 0.6000000238
25109  -40.062  -65.112  -24.977 0.6000000238
25124  -39.604  -64.229  -25.324 0.6000000238
26297  -39.322  -63.450  -19.301 0.3000000119
25125  -40.428  -64.505  -25.595 0.6000000238
30009  -39.793  -60.490  -25.578 0.6000000238
29997  -39.708  -60.651  -24.245 0.5000000000
22567  -37.258  -66.636  -21.477 0.6000000238
22578  -37.808  -66.426  -21.990 0.6000000238
23833  -38.021  -65.262  -22.848 0.6999999881
23834  -38.688  -65.808  -23.157 0.6000000238
25107  -38.665  -64.545  -24.444 0.6000000238
26386  -38.916  -63.396  -25.713 0.6000000238
21342  -37.530  -67.256  -21.833 0.5000000000
21356  -38.544  -67.162  -22.901 0.6000000238
27642  -38.948  -61.811  -26.370 0.6999999881
28843  -38.468  -60.996  -26.186 0.6999999881
28844  -39.543  -61.267  -26.454 0.6999999881
136418  -39.068  -60.320  -25.628 0.6000000238
28835  -39.200  -60.657  -26.015 0.6999999881
23817  -36.616  -65.278  -21.903 0.6000000238
25073  -37.119  -64.972  -22.773 0.6999999881
25088  -37.523  -64.671  -23.586 0.6999999881
25123  -38.312  -63.822  -25.043 0.6000000238
143315  -38.005  -60.466  -25.693 0.5000000000
26400  -38.409  -62.487  -26.085 0.6999999881
27641  -37.932  -61.728  -26.305 0.6999999881
30008  -38.533  -60.494  -25.842 0.6000000238
25120  -35.518  -63.929  -25.519 0.6999999881
26397  -35.346  -62.653  -26.375 0.6999999881
25087  -36.557  -64.535  -23.631 0.6999999881
25121  -36.439  -63.853  -25.313 0.6000000238
26398  -36.336  -62.406  -26.440 0.5000000000
25105  -36.946  -64.244  -24.456 0.6999999881
25122  -37.399  -63.776  -25.158 0.6000000238
26399  -37.398  -62.467  -26.212 0.6999999881
26385  -37.895  -63.168  -25.720 0.6000000238
30015  -37.762  -60.662  -26.015 0.6000000238
26382  -35.146  -63.361  -25.973 0.6999999881
27638  -34.779  -62.148  -26.490 0.6999999881
139882  -33.858  -62.533  -26.258 0.6999999881
155609  -36.716  -61.105  -26.395 0.6000000238
142775  -35.739  -61.333  -26.453 0.6999999881
27640  -36.238  -61.517  -26.529 0.6000000238
20249  -39.272  -68.127  -25.979 0.4000000060
19076  -36.027  -69.178  -24.463 0.4000000060
155272  -37.385  -68.668  -25.051 0.4000000060
20178  -38.288  -67.799  -23.226 0.4000000060
20195  -37.481  -68.437  -23.297 0.4000000060
28845  -40.526  -61.213  -27.072 0.6999999881
28836  -40.074  -60.756  -26.339 0.6999999881
23850  -39.075  -65.311  -23.951 0.6000000238
142111  -38.984  -64.082  -24.991 0.6000000238
21355  -38.065  -67.134  -22.398 0.6999999881
22579  -38.397  -66.513  -22.663 0.6000000238
25106  -37.888  -64.298  -24.363 0.6000000238
26383  -35.957  -63.260  -25.958 0.6000000238
25072  -36.177  -64.719  -22.789 0.5000000000
21341  -36.827  -67.261  -21.191 0.4000000060
23799  -36.564  -65.790  -21.207 0.5000000000
25086  -35.657  -64.552  -23.591 0.6000000238
20164  -35.997  -68.476  -20.934 0.4000000060
22555  -36.303  -66.874  -20.503 0.5000000000
22566  -36.747  -66.407  -21.056 0.5000000000
25071  -34.797  -64.743  -23.289 0.5000000000
25085  -33.974  -64.767  -24.276 0.5000000000
25103  -35.044  -64.348  -25.196 0.6000000238
25102  -34.206  -64.479  -25.186 0.5000000000
25118  -33.406  -64.366  -25.917 0.6999999881
23849  -33.276  -64.808  -25.216 0.6000000238
25137  -32.525  -64.085  -26.654 0.6000000238
21330  -35.827  -67.376  -19.934 0.5000000000
22554  -35.630  -66.536  -20.099 0.5000000000
23797  -34.884  -65.436  -21.511 0.5000000000
23832  -33.754  -65.145  -23.369 0.5000000000
23815  -34.372  -65.203  -22.453 0.5000000000
25138  -33.392  -63.712  -26.315 0.6000000238
23831  -32.974  -65.226  -24.307 0.6000000238
23866  -32.539  -64.740  -26.099 0.5000000000
25135  -31.565  -63.925  -27.251 0.6000000238
21319  -35.134  -67.114  -19.582 0.5000000000
23778  -34.277  -65.787  -20.883 0.5000000000
136350  -32.984  -65.692  -21.938 0.5000000000
23814  -33.437  -65.459  -22.608 0.5000000000
154243  -33.012  -65.457  -23.361 0.5000000000
26395  -32.464  -63.500  -26.763 0.6000000238
23865  -31.818  -65.143  -26.027 0.5000000000
25116  -31.184  -64.153  -27.039 0.6000000238
21318  -34.629  -67.672  -19.145 0.5000000000
22553  -34.582  -66.315  -19.993 0.5000000000
22565  -32.592  -65.979  -21.132 0.5000000000
138314  -32.105  -65.749  -22.126 0.5000000000
133618  -30.670  -65.376  -22.529 0.6000000238
25070  -30.141  -65.044  -23.059 0.4000000060
23811  -30.766  -65.490  -23.475 0.5000000000
23829  -31.359  -65.597  -24.269 0.5000000000
23813  -32.572  -65.613  -22.807 0.4000000060
26349  -29.050  -63.986  -23.128 0.4000000060
26360  -28.989  -64.097  -24.338 0.5000000000
25101  -29.883  -64.852  -25.142 0.5000000000
26359  -28.581  -63.446  -23.605 0.4000000060
23846  -30.446  -64.858  -25.858 0.6000000238
23863  -30.744  -64.317  -26.500 0.6000000238
135839  -30.387  -64.036  -26.032 0.6000000238
27619  -29.720  -62.987  -24.972 0.6000000238
25084  -29.997  -65.134  -24.142 0.5000000000
27605  -28.303  -62.716  -24.077 0.5000000000
26378  -28.955  -63.267  -25.261 0.5000000000
25100  -29.384  -64.263  -25.161 0.5000000000
138977  -27.731  -62.126  -23.471 0.4000000060
27616  -28.002  -61.988  -24.631 0.5000000000
26379  -29.185  -63.279  -25.341 0.6000000238
27630  -29.507  -63.411  -25.354 0.6000000238
28823  -28.116  -61.306  -24.820 0.5000000000
33456  -27.679  -57.900  -23.151 0.3000000119
31084  -27.530  -59.320  -23.389 0.4000000060
29991  -27.511  -60.267  -23.653 0.4000000060
29998  -27.840  -60.624  -24.389 0.5000000000
28824  -28.570  -62.044  -25.194 0.5000000000
146656  -29.120  -61.679  -25.095 0.6000000238
38963  -32.958  -52.791  -21.431 0.3000000119
37825  -31.464  -53.388  -21.496 0.3000000119
36736  -30.385  -54.800  -22.261 0.4000000060
35665  -29.143  -55.755  -22.427 0.4000000060
38940  -32.956  -52.296  -20.130 0.3000000119
41397  -36.144  -50.801  -19.664 0.3000000119
40127  -34.688  -51.398  -19.339 0.3000000119
151941  -36.159  -50.034  -19.030 0.3000000119
41398  -36.952  -50.062  -19.694 0.3000000119
42629  -37.282  -49.069  -19.573 0.3000000119
43742  -37.470  -48.252  -20.012 0.3000000119
44787  -37.547  -47.332  -20.592 0.3000000119
45849  -39.083  -46.307  -21.171 0.3000000119
31085  -28.041  -59.218  -23.978 0.5000000000
38951  -32.507  -52.534  -20.693 0.3000000119
25119  -34.472  -63.977  -25.818 0.5000000000
23780  -36.140  -66.088  -20.692 0.5000000000
23847  -31.134  -65.377  -25.504 0.5000000000
25115  -29.967  -64.271  -25.744 0.6000000238
150132  -40.987  -60.841  -24.224 0.3000000119
153018  -41.333  -60.783  -27.158 0.6000000238
30016  -40.961  -60.535  -26.524 0.6000000238
25074  -41.605  -64.167  -22.039 0.3000000119
26353  -41.134  -63.386  -22.640 0.3000000119
26352  -40.592  -62.880  -22.148 0.3000000119
26364  -41.575  -63.621  -23.387 0.3000000119
27598  -40.790  -62.477  -22.891 0.3000000119
27597  -40.224  -62.212  -22.586 0.3000000119
136565  -41.906  -60.385  -26.563 0.6000000238
30006  -42.095  -60.531  -25.250 0.5000000000
25039  -42.521  -64.090  -20.788 0.3000000119
26338  -41.677  -63.803  -21.044 0.3000000119
26337  -41.054  -63.478  -21.694 0.3000000119
26336  -40.450  -63.185  -21.361 0.3000000119
141234  -41.274  -62.710  -23.408 0.3000000119
27623  -41.506  -61.927  -23.935 0.3000000119
28829  -41.721  -61.011  -24.401 0.4000000060
20165  -37.128  -67.969  -21.746 0.4000000060
26319  -41.224  -63.534  -20.273 0.3000000119
130950  -40.981  -63.463  -20.956 0.3000000119
140308  -39.755  -67.393  -27.603 0.5000000000
21455  -41.014  -67.033  -28.190 0.5000000000
20266  -37.100  -68.321  -27.500 0.4000000060
21435  -37.814  -67.852  -27.888 0.4000000060
21437  -39.084  -67.587  -27.543 0.4000000060
21454  -40.137  -67.117  -28.252 0.5000000000
23879  -42.725  -65.254  -26.860 0.5000000000
153237  -42.150  -66.554  -27.393 0.5000000000
21439  -41.409  -67.068  -27.349 0.5000000000
21436  -38.451  -67.833  -27.531 0.4000000060
27645  -42.380  -62.671  -27.397 0.6000000238
26404  -42.333  -63.791  -26.957 0.6000000238
23878  -42.008  -65.091  -26.308 0.5000000000
22640  -42.276  -65.896  -26.623 0.5000000000
21416  -38.838  -68.000  -26.846 0.3000000119
21418  -40.470  -67.487  -26.430 0.4000000060
21419  -41.056  -67.188  -26.542 0.5000000000
27648  -42.474  -61.347  -27.548 0.6000000238
26403  -41.381  -63.003  -26.984 0.6000000238
25140  -41.676  -64.192  -26.485 0.6000000238
22624  -41.188  -66.748  -25.804 0.4000000060
23867  -41.534  -65.813  -25.814 0.5000000000
30017  -42.857  -60.321  -26.606 0.6000000238
26372  -41.927  -62.862  -24.051 0.3000000119
28830  -42.564  -60.980  -24.984 0.4000000060
151267  -41.619  -61.970  -27.489 0.6000000238
25126  -41.291  -64.820  -25.849 0.4000000060
25090  -41.531  -64.137  -22.833 0.3000000119
27624  -42.238  -61.762  -24.449 0.3000000119
28837  -42.805  -60.516  -25.595 0.5000000000
28846  -42.151  -60.690  -27.205 0.6000000238
144293  -42.633  -62.466  -24.591 0.3000000119
142363  -43.514  -61.068  -27.508 0.5000000000
28847  -44.472  -60.691  -26.784 0.5000000000
30018  -43.738  -60.430  -26.679 0.5000000000
27635  -44.699  -61.345  -25.922 0.4000000060
136325  -44.126  -60.686  -25.913 0.5000000000
28852  -44.923  -60.958  -27.210 0.5000000000
27650  -44.432  -61.496  -27.554 0.5000000000
28839  -45.177  -61.313  -26.605 0.4000000060
26388  -44.330  -62.211  -25.493 0.4000000060
27634  -43.879  -61.467  -25.425 0.4000000060
28831  -43.352  -60.824  -25.472 0.5000000000
25141  -43.002  -64.550  -27.115 0.5000000000
27649  -43.407  -62.190  -27.564 0.5000000000
27625  -43.022  -61.653  -24.987 0.4000000060
21483  -36.255  -67.122  -31.976 0.3000000119
20314  -37.060  -68.513  -32.720 0.3000000119
21484  -37.415  -67.304  -32.192 0.3000000119
22691  -38.769  -66.239  -32.082 0.3000000119
23926  -40.944  -65.065  -31.913 0.4000000060
22690  -37.693  -66.050  -31.935 0.3000000119
22685  -38.060  -65.163  -31.651 0.3000000119
23927  -41.794  -65.076  -31.981 0.4000000060
23925  -40.040  -65.178  -31.908 0.4000000060
22686  -39.093  -65.252  -31.852 0.3000000119
23917  -37.495  -64.425  -31.172 0.3000000119
143490  -43.071  -64.828  -31.707 0.4000000060
25163  -42.877  -64.479  -31.410 0.4000000060
23920  -40.493  -64.528  -31.458 0.4000000060
23918  -38.510  -64.652  -31.278 0.4000000060
23909  -37.323  -64.174  -30.887 0.4000000060
23911  -38.993  -64.300  -30.900 0.4000000060
157155  -46.913  -64.978  -29.850 0.3000000119
23924  -45.190  -64.477  -31.281 0.4000000060
25165  -44.544  -64.100  -31.335 0.4000000060
25158  -43.231  -64.233  -31.154 0.4000000060
23913  -41.615  -64.344  -31.159 0.4000000060
23902  -40.954  -64.541  -30.535 0.4000000060
148459  -39.402  -64.487  -30.456 0.4000000060
26415  -47.744  -63.973  -28.268 0.3000000119
26421  -45.697  -63.662  -30.425 0.4000000060
25154  -44.557  -63.632  -30.572 0.4000000060
25159  -44.152  -63.832  -31.085 0.4000000060
23905  -43.784  -64.075  -30.454 0.4000000060
23904  -43.139  -64.979  -29.741 0.4000000060
23903  -42.045  -64.765  -30.337 0.4000000060
22670  -41.575  -65.474  -29.689 0.4000000060
137147  -40.055  -64.743  -30.131 0.4000000060
157179  -39.415  -64.945  -29.871 0.4000000060
132222  -46.640  -63.123  -28.820 0.4000000060
26416  -45.667  -63.152  -29.475 0.4000000060
23896  -43.931  -64.885  -29.052 0.4000000060
22671  -42.391  -65.771  -29.287 0.4000000060
137616  -39.087  -65.719  -29.494 0.4000000060
22669  -40.780  -65.640  -29.581 0.4000000060
156798  -37.486  -64.938  -29.974 0.4000000060
25151  -45.015  -63.490  -29.059 0.4000000060
23895  -43.156  -65.673  -28.642 0.4000000060
22651  -42.398  -66.368  -28.356 0.4000000060
22658  -39.625  -66.597  -28.980 0.4000000060
22659  -40.520  -66.560  -28.956 0.4000000060
25147  -44.645  -63.454  -28.350 0.4000000060
134825  -43.779  -64.348  -27.820 0.4000000060
23891  -42.883  -65.831  -27.587 0.4000000060
28853  -45.524  -61.410  -27.208 0.4000000060
26408  -44.169  -62.974  -27.752 0.4000000060
26389  -44.891  -62.789  -25.762 0.3000000119
146216  -44.028  -63.285  -25.341 0.3000000119
22650  -41.743  -66.826  -28.080 0.4000000060
27651  -45.358  -61.611  -27.551 0.4000000060
146415  -43.311  -63.697  -24.950 0.3000000119
23880  -43.242  -65.145  -27.458 0.4000000060
23922  -42.271  -64.670  -31.588 0.4000000060
23921  -41.427  -64.530  -31.480 0.4000000060
151968  -40.847  -64.270  -31.246 0.4000000060
23912  -40.001  -64.185  -30.972 0.4000000060
25156  -46.942  -64.399  -29.493 0.4000000060
25161  -45.810  -64.325  -30.781 0.4000000060
25152  -47.851  -64.633  -28.688 0.3000000119
23914  -42.635  -64.341  -30.917 0.4000000060
26414  -47.085  -63.314  -28.240 0.3000000119
26418  -46.641  -63.611  -29.390 0.4000000060
26420  -45.471  -63.466  -30.198 0.4000000060
25150  -44.513  -63.893  -29.541 0.4000000060
153752  -46.091  -62.703  -28.613 0.4000000060
144005  -44.249  -64.333  -28.587 0.4000000060
22672  -45.746  -66.339  -30.140 0.3000000119
21490  -43.129  -66.904  -31.713 0.3000000119
135918  -41.874  -67.137  -32.382 0.3000000119
22687  -43.907  -66.424  -31.482 0.3000000119
22688  -44.620  -65.776  -31.466 0.3000000119
22695  -42.352  -66.214  -32.153 0.3000000119
22696  -43.134  -65.742  -31.813 0.3000000119
22680  -46.061  -65.717  -30.488 0.3000000119
22689  -45.214  -65.402  -31.322 0.3000000119
23915  -45.761  -65.193  -31.058 0.3000000119
26411  -46.707  -63.016  -27.567 0.3000000119
27653  -46.425  -62.649  -28.018 0.3000000119
27647  -46.087  -61.982  -27.291 0.3000000119
27646  -45.743  -61.857  -26.793 0.3000000119
23906  -46.624  -65.393  -29.943 0.3000000119
26410  -45.722  -62.217  -28.050 0.3000000119
19032  -36.518  -68.458  -21.711 0.4000000060
19048  -36.257  -68.854  -22.483 0.4000000060
19062  -35.945  -69.169  -23.423 0.4000000060
19092  -36.137  -69.139  -25.382 0.4000000060
20153  -35.742  -68.154  -20.034 0.5000000000
20154  -36.280  -67.680  -20.550 0.4000000060
20194  -36.697  -68.800  -23.906 0.4000000060
20231  -36.914  -68.821  -25.748 0.4000000060
20246  -36.620  -68.790  -26.717 0.4000000060
21384  -38.795  -67.803  -23.838 0.5000000000
21385  -40.108  -67.406  -24.815 0.5000000000
21402  -40.749  -67.305  -25.941 0.4000000060
21417  -39.748  -67.677  -26.741 0.4000000060
21438  -40.534  -67.332  -27.293 0.5000000000
21453  -39.297  -67.196  -28.326 0.5000000000
22552  -33.502  -66.149  -20.478 0.5000000000
22589  -38.994  -66.643  -23.214 0.6000000238
22639  -41.697  -66.581  -26.488 0.5000000000
22660  -41.534  -66.425  -28.943 0.4000000060
22667  -38.103  -65.464  -29.615 0.4000000060
22668  -39.927  -65.782  -29.487 0.4000000060
22679  -45.610  -65.993  -30.944 0.3000000119
22684  -36.959  -64.936  -31.554 0.3000000119
22694  -41.435  -66.132  -32.290 0.3000000119
23779  -35.268  -65.839  -20.650 0.5000000000
23796  -33.427  -65.826  -21.236 0.5000000000
23798  -35.869  -65.468  -21.267 0.5000000000
23800  -37.200  -65.969  -21.496 0.6000000238
23812  -31.301  -65.589  -22.391 0.6000000238
23816  -35.482  -64.965  -22.240 0.5000000000
23818  -37.577  -65.616  -22.143 0.6000000238
23819  -38.171  -65.892  -22.474 0.6999999881
23828  -30.502  -65.363  -24.803 0.6000000238
23830  -32.272  -65.583  -23.778 0.4000000060
23848  -32.017  -65.490  -24.905 0.5000000000
23851  -39.738  -65.629  -24.330 0.6000000238
23864  -31.077  -64.692  -26.487 0.6000000238
23892  -43.581  -65.173  -28.132 0.4000000060
23907  -47.272  -65.161  -29.338 0.3000000119
23910  -38.050  -64.127  -30.889 0.4000000060
23916  -46.200  -65.105  -30.637 0.3000000119
23919  -39.534  -64.674  -31.416 0.4000000060
23923  -44.575  -64.810  -31.566 0.3000000119
23928  -42.494  -65.164  -31.912 0.4000000060
25057  -42.172  -64.483  -21.449 0.3000000119
25083  -29.526  -64.609  -23.632 0.5000000000
25089  -38.363  -64.955  -23.668 0.6000000238
25099  -29.343  -63.858  -25.407 0.6000000238
25104  -35.875  -64.341  -24.636 0.6999999881
25117  -31.715  -64.352  -26.935 0.5000000000
25136  -31.858  -63.744  -27.285 0.6000000238
25155  -45.089  -63.369  -30.111 0.4000000060
25157  -42.279  -64.412  -31.321 0.4000000060
25160  -45.064  -63.599  -30.934 0.4000000060
25162  -46.486  -64.712  -30.223 0.3000000119
25164  -43.774  -64.380  -31.504 0.4000000060
26275  -38.758  -63.364  -18.698 0.4000000060
26316  -38.259  -63.256  -20.377 0.5000000000
26361  -30.558  -63.220  -24.579 0.6999999881
26368  -28.978  -63.812  -25.117 0.5000000000
26369  -30.269  -63.639  -25.547 0.6000000238
26380  -31.135  -64.048  -26.975 0.6000000238
26381  -31.722  -63.613  -26.994 0.6000000238
26384  -36.905  -63.190  -25.876 0.5000000000
26394  -31.866  -63.618  -27.188 0.6000000238
26396  -33.314  -63.142  -26.454 0.6000000238
26401  -39.352  -62.608  -26.432 0.6999999881
26407  -43.200  -63.527  -27.438 0.5000000000
26409  -45.088  -62.393  -27.978 0.4000000060
26413  -45.573  -62.809  -28.639 0.3000000119
26417  -46.072  -63.319  -29.629 0.4000000060
26419  -47.237  -63.719  -28.864 0.3000000119
26422  -46.263  -63.940  -30.072 0.4000000060
27574  -32.253  -62.387  -21.589 0.6999999881
27593  -31.372  -62.788  -22.406 0.6999999881
27608  -32.666  -62.921  -24.995 0.6999999881
27610  -34.115  -61.977  -24.307 0.6999999881
27617  -28.616  -62.632  -25.008 0.5000000000
27618  -29.128  -62.440  -25.238 0.6000000238
27628  -28.868  -62.737  -25.288 0.6000000238
27629  -28.964  -62.593  -25.321 0.6000000238
27631  -32.382  -63.334  -26.763 0.6000000238
27636  -45.201  -61.916  -26.260 0.4000000060
27637  -32.928  -63.033  -26.544 0.6999999881
27639  -35.571  -61.890  -26.593 0.6999999881
27652  -45.872  -62.023  -27.685 0.3000000119
28783  -36.126  -61.807  -19.262 0.5000000000
28795  -31.326  -61.563  -21.102 0.5000000000
28801  -27.604  -61.211  -23.895 0.4000000060
28802  -30.095  -61.866  -22.653 0.6999999881
28820  -41.051  -61.351  -23.775 0.4000000060
28825  -28.892  -61.820  -25.256 0.5000000000
28832  -34.837  -61.362  -26.171 0.8000000119
28838  -44.649  -60.852  -26.413 0.4000000060
28842  -37.426  -61.044  -26.299 0.6999999881
28848  -45.100  -61.025  -26.887 0.5000000000
28849  -45.572  -61.407  -26.983 0.4000000060
28850  -43.146  -60.638  -27.164 0.6000000238
28851  -44.081  -60.715  -27.177 0.5000000000
29967  -35.309  -60.335  -18.279 0.4000000060
29970  -32.851  -60.299  -19.416 0.5000000000
29980  -35.908  -60.766  -21.155 0.5000000000
29986  -35.597  -60.700  -21.477 0.6000000238
29993  -29.840  -60.693  -23.792 0.6999999881
29994  -37.335  -60.628  -24.242 0.6000000238
30005  -39.395  -60.315  -24.996 0.5000000000
30011  -41.607  -60.330  -25.747 0.6000000238
30012  -42.512  -60.263  -25.949 0.5000000000
30013  -44.121  -60.543  -26.355 0.5000000000
30014  -36.935  -60.741  -26.192 0.5000000000
31003  -36.169  -59.110  -14.433 0.4000000060
31073  -33.497  -59.840  -18.926 0.5000000000
31087  -30.275  -59.216  -23.495 0.6000000238
31088  -27.910  -59.884  -24.220 0.5000000000
31090  -29.100  -59.982  -24.644 0.6000000238
32290  -28.544  -58.861  -24.038 0.6000000238
33343  -36.742  -56.949  -14.708 0.4000000060
33344  -37.240  -57.249  -14.039 0.4000000060
33420  -33.074  -57.826  -18.479 0.5000000000
33439  -31.952  -57.425  -20.614 0.4000000060
33452  -27.942  -57.400  -22.913 0.3000000119
33458  -29.553  -57.803  -23.586 0.6000000238
33460  -31.121  -57.183  -23.016 0.6000000238
34484  -35.907  -56.106  -15.683 0.3000000119
35629  -33.980  -54.970  -18.192 0.4000000060
35648  -33.594  -55.456  -21.404 0.4000000060
35666  -30.974  -55.394  -22.842 0.5000000000
36693  -33.613  -54.918  -18.905 0.4000000060
36695  -35.061  -53.932  -18.324 0.3000000119
36719  -35.698  -54.600  -21.798 0.4000000060
36726  -31.038  -54.082  -22.023 0.4000000060
37816  -36.954  -54.126  -22.380 0.4000000060
37830  -37.494  -53.665  -22.998 0.4000000060
37845  -39.354  -53.230  -23.028 0.4000000060
38964  -33.741  -52.631  -21.829 0.4000000060
38991  -40.066  -52.764  -23.474 0.4000000060
38994  -42.745  -52.923  -23.805 0.5000000000
40141  -34.175  -51.906  -19.768 0.3000000119
40157  -35.303  -51.758  -20.929 0.4000000060
40169  -35.993  -51.938  -21.677 0.4000000060
40172  -38.338  -51.797  -22.697 0.4000000060
43763  -39.380  -49.066  -22.285 0.4000000060
44798  -39.153  -47.256  -22.064 0.4000000060
44807  -39.870  -47.881  -22.369 0.4000000060
45857  -38.640  -46.808  -21.588 0.4000000060
46935  -41.778  -45.773  -21.393 0.4000000060
130518  -33.383  -54.094  -22.586 0.5000000000
130647  -33.898  -65.549  -21.762 0.5000000000
131453  -34.781  -51.828  -20.258 0.4000000060
131552  -43.908  -65.231  -31.773 0.3000000119
134362  -35.201  -61.018  -25.796 0.8000000119
134633  -45.128  -66.153  -31.154 0.3000000119
135544  -39.127  -61.413  -22.809 0.4000000060
135675  -31.693  -65.632  -23.122 0.4000000060
136062  -42.354  -64.592  -26.684 0.5000000000
137148  -39.422  -53.446  -22.610 0.5000000000
137728  -41.395  -61.209  -27.471 0.6000000238
137769  -38.663  -64.640  -30.196 0.4000000060
138521  -38.061  -68.473  -24.785 0.4000000060
140582  -34.334  -63.063  -26.253 0.6999999881
140986  -39.977  -67.014  -24.227 0.5000000000
142967  -34.933  -64.530  -24.381 0.6000000238
143566  -43.444  -60.316  -26.067 0.5000000000
144885  -44.815  -62.016  -25.820 0.4000000060
146074  -43.662  -67.362  -31.331 0.3000000119
146282  -32.613  -55.236  -22.586 0.5000000000
147519  -28.705  -63.362  -24.661 0.5000000000
148725  -41.036  -61.988  -23.423 0.3000000119
149301  -40.947  -53.570  -22.927 0.5000000000
149952  -37.882  -48.228  -20.663 0.4000000060
150261  -36.579  -67.984  -21.191 0.4000000060
150433  -35.565  -57.472  -15.312 0.3000000119
150594  -36.993  -61.690  -26.456 0.6000000238
150990  -38.005  -51.386  -22.022 0.4000000060
152030  -34.549  -61.819  -26.390 0.6999999881
152992  -34.368  -66.964  -19.382 0.5000000000
153682  -29.521  -64.637  -24.527 0.5000000000
153756  -31.198  -63.309  -24.094 0.6999999881
154959  -34.997  -59.907  -18.276 0.3000000119
155217  -33.758  -54.630  -22.576 0.4000000060
155891  -29.672  -63.802  -25.554 0.6000000238
156792  -35.539  -64.690  -22.940 0.5000000000
157110  -32.532  -65.173  -25.357 0.6000000238
