#!ascii label  , from subject sub001 vox2ras=TkReg
509
25024  -29.459  -64.269  -19.257 0.6999999881
147510  -28.278  -63.065  -20.735 0.6000000238
26333  -28.513  -63.375  -21.484 0.6000000238
26334  -29.119  -63.869  -22.100 0.4000000060
133956  -27.810  -61.219  -14.371 0.6999999881
29897  -28.377  -60.469  -14.432 0.6999999881
27488  -27.979  -62.093  -14.596 0.6999999881
28713  -28.613  -61.262  -14.770 0.6000000238
28738  -28.674  -62.038  -15.439 0.6999999881
28739  -29.402  -61.278  -15.565 0.6000000238
27506  -28.377  -62.778  -15.365 0.6000000238
157858  -29.544  -61.441  -16.352 0.6000000238
27533  -28.617  -62.752  -17.022 0.6000000238
28762  -29.089  -62.036  -16.486 0.6000000238
28773  -29.497  -61.344  -17.201 0.5000000000
28772  -28.896  -62.176  -17.626 0.5000000000
28777  -29.606  -60.633  -18.151 0.5000000000
28780  -28.611  -61.652  -19.204 0.6000000238
27552  -28.359  -62.440  -19.529 0.6000000238
28785  -28.173  -61.736  -20.099 0.6000000238
27560  -28.111  -62.490  -20.426 0.6000000238
31000  -28.939  -59.690  -14.514 0.6000000238
31020  -29.774  -59.717  -14.894 0.6000000238
31021  -30.313  -59.591  -15.477 0.6000000238
29923  -29.976  -60.414  -15.442 0.6000000238
136946  -30.748  -58.832  -16.884 0.6000000238
29946  -30.364  -60.118  -16.175 0.6000000238
29960  -30.124  -60.492  -17.077 0.6000000238
31050  -30.184  -59.964  -17.745 0.6000000238
31063  -29.819  -59.692  -18.531 0.6000000238
28776  -29.028  -61.523  -18.281 0.6000000238
29968  -29.190  -60.215  -19.142 0.6999999881
29974  -28.569  -60.812  -19.827 0.6000000238
27571  -27.944  -62.616  -21.377 0.5000000000
27589  -27.728  -62.363  -22.364 0.5000000000
143247  -27.847  -59.569  -14.437 0.6000000238
141581  -29.461  -58.915  -14.654 0.6000000238
32209  -30.689  -58.108  -15.237 0.6000000238
141152  -30.586  -58.870  -15.557 0.6000000238
151570  -30.648  -59.276  -16.140 0.6000000238
32233  -31.326  -57.569  -16.273 0.6000000238
32247  -31.150  -58.076  -16.901 0.6000000238
150505  -30.677  -58.394  -17.494 0.6000000238
31051  -30.473  -59.661  -16.977 0.6000000238
32262  -30.369  -58.211  -18.220 0.6000000238
32261  -29.922  -58.788  -18.793 0.6999999881
29982  -28.221  -60.169  -20.659 0.6000000238
28784  -27.978  -61.038  -20.747 0.6000000238
27590  -28.118  -62.851  -22.989 0.4000000060
32178  -27.533  -58.497  -14.802 0.6000000238
32179  -28.514  -58.758  -14.596 0.6000000238
32181  -29.896  -58.120  -14.756 0.6000000238
32210  -31.148  -57.667  -15.665 0.6000000238
34510  -31.404  -56.435  -17.046 0.5000000000
33403  -31.326  -57.288  -17.032 0.6000000238
33419  -30.443  -57.365  -18.454 0.6999999881
33429  -29.428  -57.554  -19.801 0.6000000238
136235  -29.380  -59.326  -19.410 0.6000000238
31076  -28.956  -58.958  -20.258 0.6000000238
31075  -28.426  -59.418  -20.666 0.6000000238
29981  -27.701  -60.363  -21.400 0.6000000238
28792  -27.586  -61.213  -21.587 0.6000000238
146830  -27.434  -61.471  -22.610 0.4000000060
156211  -27.613  -61.937  -21.753 0.5000000000
33338  -28.111  -57.715  -14.888 0.5000000000
33340  -29.391  -57.254  -14.741 0.6000000238
32180  -29.037  -58.024  -14.644 0.6000000238
154845  -30.993  -56.707  -15.324 0.6000000238
33363  -31.256  -56.914  -15.724 0.5000000000
34483  -31.018  -56.157  -15.434 0.5000000000
34497  -31.419  -56.048  -16.140 0.5000000000
145824  -31.150  -55.099  -17.550 0.6000000238
36692  -30.291  -54.131  -18.229 0.6000000238
35617  -30.925  -55.869  -17.844 0.6999999881
34521  -30.421  -56.491  -18.590 0.6999999881
33430  -29.962  -57.032  -19.225 0.6999999881
35637  -28.932  -55.826  -19.875 0.6000000238
32273  -29.997  -57.898  -19.070 0.6999999881
34531  -29.209  -56.681  -19.852 0.6000000238
33438  -28.661  -57.156  -20.461 0.6000000238
32280  -28.882  -58.076  -20.404 0.6000000238
32279  -28.250  -58.614  -21.056 0.6000000238
29987  -27.396  -60.560  -22.222 0.5000000000
139726  -27.374  -59.947  -22.797 0.4000000060
33361  -28.078  -56.800  -15.196 0.6000000238
34469  -29.614  -56.377  -14.860 0.6000000238
34482  -30.475  -56.405  -15.080 0.5000000000
36663  -31.159  -54.505  -15.660 0.5000000000
35607  -31.405  -55.050  -16.249 0.6000000238
37759  -31.210  -53.343  -16.379 0.5000000000
35618  -31.449  -54.672  -17.021 0.6000000238
36680  -31.333  -53.876  -17.105 0.5000000000
136981  -30.787  -53.726  -17.653 0.5000000000
37775  -28.534  -52.986  -18.696 0.5000000000
37776  -29.312  -53.868  -18.805 0.6000000238
38924  -27.189  -52.504  -19.144 0.5000000000
36691  -29.701  -54.773  -18.950 0.6000000238
38937  -27.481  -53.199  -19.642 0.4000000060
35626  -29.512  -55.482  -19.317 0.6999999881
36703  -27.878  -54.410  -20.200 0.5000000000
35636  -28.069  -55.277  -20.544 0.5000000000
34542  -28.404  -56.247  -20.535 0.6000000238
137482  -27.747  -55.089  -21.068 0.5000000000
33437  -28.212  -57.629  -21.104 0.6000000238
31082  -27.416  -59.201  -22.554 0.5000000000
35647  -27.943  -55.877  -21.189 0.6000000238
33444  -27.724  -57.239  -21.699 0.6000000238
32283  -27.534  -58.717  -21.908 0.6000000238
34468  -28.681  -56.283  -15.070 0.5000000000
35596  -30.432  -55.309  -15.150 0.5000000000
37754  -30.807  -53.634  -15.505 0.5000000000
38908  -30.419  -52.353  -17.118 0.4000000060
38907  -29.430  -52.140  -17.679 0.5000000000
37765  -30.087  -53.129  -17.957 0.5000000000
38906  -27.961  -52.070  -18.189 0.5000000000
41392  -26.142  -51.144  -19.414 0.4000000060
149023  -26.255  -52.177  -19.328 0.4000000060
38936  -26.807  -52.553  -19.797 0.4000000060
145984  -26.654  -52.344  -19.918 0.5000000000
37811  -27.340  -53.361  -20.086 0.5000000000
40152  -27.460  -52.305  -20.313 0.5000000000
36702  -27.557  -53.906  -20.330 0.5000000000
36717  -27.670  -54.365  -20.776 0.5000000000
35654  -27.761  -56.547  -22.035 0.5000000000
33451  -27.586  -57.581  -22.533 0.5000000000
34552  -27.838  -56.508  -21.725 0.6000000238
33443  -27.522  -57.780  -22.111 0.5000000000
40110  -27.282  -51.296  -17.642 0.5000000000
40123  -26.533  -51.946  -18.613 0.5000000000
40108  -25.724  -50.623  -18.177 0.5000000000
40135  -26.498  -51.826  -19.914 0.4000000060
38947  -27.758  -52.842  -20.508 0.5000000000
36734  -28.269  -55.454  -21.976 0.5000000000
34563  -28.165  -56.816  -22.520 0.3000000119
37822  -27.980  -53.961  -21.201 0.5000000000
36724  -27.950  -54.827  -21.481 0.5000000000
40109  -26.138  -51.217  -17.986 0.4000000060
40122  -25.884  -51.664  -18.964 0.4000000060
41364  -25.438  -49.802  -17.865 0.4000000060
42609  -27.587  -49.322  -18.825 0.4000000060
42625  -25.950  -50.534  -18.954 0.4000000060
41393  -27.316  -50.920  -19.653 0.4000000060
42627  -28.315  -50.030  -19.246 0.4000000060
139362  -28.446  -50.759  -19.682 0.5000000000
36725  -29.747  -54.191  -21.761 0.4000000060
35664  -28.236  -56.121  -22.203 0.4000000060
38948  -28.519  -52.528  -20.619 0.5000000000
147031  -28.591  -54.270  -21.636 0.5000000000
40153  -28.717  -51.819  -20.346 0.5000000000
37814  -29.544  -52.823  -20.901 0.5000000000
146846  -28.893  -49.090  -18.643 0.4000000060
41378  -29.452  -49.716  -18.817 0.4000000060
37824  -30.279  -53.429  -21.433 0.4000000060
40137  -29.082  -51.139  -19.871 0.5000000000
143195  -29.431  -52.206  -20.471 0.5000000000
42610  -29.806  -48.976  -18.630 0.4000000060
153852  -31.209  -52.223  -19.809 0.4000000060
38950  -31.491  -52.568  -20.425 0.3000000119
41394  -29.283  -50.447  -19.324 0.5000000000
40154  -29.774  -51.669  -20.034 0.5000000000
38949  -30.422  -52.335  -20.253 0.5000000000
43725  -29.587  -48.138  -18.603 0.4000000060
38939  -32.011  -52.306  -19.878 0.3000000119
42611  -30.118  -49.406  -18.666 0.4000000060
38938  -30.690  -51.725  -19.599 0.5000000000
42612  -30.614  -49.671  -18.648 0.4000000060
41395  -30.100  -50.938  -19.412 0.5000000000
41396  -30.998  -51.143  -18.998 0.5000000000
44767  -31.025  -47.789  -18.560 0.4000000060
40139  -32.444  -51.916  -19.278 0.3000000119
40140  -33.387  -51.940  -19.466 0.3000000119
43726  -30.569  -48.600  -18.613 0.4000000060
41380  -32.316  -50.437  -18.347 0.4000000060
145455  -31.182  -49.232  -18.592 0.4000000060
141034  -31.314  -50.273  -18.554 0.4000000060
45822  -30.815  -47.093  -18.595 0.5000000000
40125  -32.889  -51.337  -18.658 0.3000000119
40126  -33.862  -51.421  -18.846 0.4000000060
41382  -34.463  -50.634  -18.525 0.4000000060
43727  -31.603  -48.404  -18.583 0.4000000060
42614  -32.623  -49.616  -18.218 0.5000000000
41381  -33.385  -50.371  -18.205 0.4000000060
42613  -31.876  -49.455  -18.415 0.5000000000
150254  -32.365  -48.822  -18.418 0.5000000000
43728  -33.243  -48.951  -18.133 0.4000000060
42615  -34.235  -49.571  -18.051 0.4000000060
144856  -35.103  -49.879  -18.368 0.4000000060
41383  -35.402  -50.670  -18.996 0.3000000119
140143  -31.703  -47.393  -18.595 0.5000000000
150153  -32.546  -47.919  -18.480 0.5000000000
43731  -35.443  -48.021  -18.620 0.4000000060
43732  -36.145  -48.106  -18.987 0.3000000119
45806  -32.437  -46.395  -17.897 0.5000000000
43730  -34.762  -47.879  -18.352 0.4000000060
42616  -34.919  -48.831  -18.269 0.4000000060
42617  -35.764  -49.165  -18.624 0.4000000060
42628  -36.639  -49.138  -19.085 0.3000000119
45823  -32.090  -46.817  -18.420 0.5000000000
145983  -33.441  -47.951  -18.219 0.5000000000
43729  -34.125  -48.430  -18.106 0.5000000000
149625  -32.451  -47.207  -18.511 0.5000000000
44771  -35.970  -47.499  -18.708 0.4000000060
45837  -36.907  -46.967  -19.617 0.4000000060
151809  -32.861  -45.921  -17.288 0.5000000000
43741  -36.824  -48.119  -19.434 0.3000000119
136043  -32.808  -46.890  -18.185 0.5000000000
45824  -33.666  -46.899  -17.968 0.5000000000
45825  -34.787  -46.970  -17.963 0.5000000000
44769  -34.149  -47.402  -18.159 0.5000000000
44768  -33.129  -47.294  -18.250 0.5000000000
45828  -37.295  -46.775  -19.066 0.4000000060
46885  -34.186  -45.863  -16.198 0.5000000000
45792  -36.465  -46.719  -16.676 0.5000000000
45838  -37.415  -46.738  -19.907 0.3000000119
156067  -37.191  -46.954  -20.195 0.3000000119
45771  -35.142  -46.126  -15.981 0.5000000000
45791  -35.518  -46.605  -16.596 0.5000000000
151801  -34.941  -46.667  -17.334 0.5000000000
26293  -28.394  -63.091  -19.944 0.6000000238
145997  -29.191  -63.973  -21.202 0.5000000000
34509  -30.937  -56.870  -17.789 0.6999999881
31079  -27.886  -59.500  -21.294 0.6000000238
35627  -30.195  -55.618  -18.728 0.6999999881
34532  -29.737  -56.194  -19.264 0.6999999881
133763  -28.807  -55.029  -19.732 0.5000000000
37794  -28.173  -53.809  -19.492 0.4000000060
42626  -26.816  -50.291  -19.241 0.4000000060
40136  -27.907  -51.434  -20.061 0.5000000000
41377  -25.813  -50.878  -18.777 0.4000000060
40124  -31.892  -51.235  -18.729 0.4000000060
154755  -35.637  -49.966  -18.680 0.3000000119
45790  -34.625  -46.361  -16.751 0.5000000000
45809  -35.674  -46.950  -17.415 0.5000000000
133330  -28.471  -70.369  -19.555 0.5000000000
153161  -29.812  -70.606  -19.363 0.5000000000
17825  -29.218  -70.406  -19.074 0.5000000000
17828  -32.306  -70.681  -19.512 0.5000000000
17852  -31.678  -70.924  -20.259 0.5000000000
17851  -30.807  -70.917  -20.121 0.4000000060
18982  -28.579  -70.147  -18.734 0.5000000000
17807  -30.033  -70.418  -18.609 0.6000000238
17806  -29.259  -70.145  -18.461 0.6000000238
17809  -31.906  -70.539  -18.647 0.5000000000
17808  -31.007  -70.613  -18.531 0.5000000000
18985  -34.534  -68.959  -19.141 0.4000000060
155164  -26.259  -68.472  -17.467 0.6999999881
20099  -26.935  -68.720  -17.411 0.6999999881
20101  -28.742  -68.937  -17.378 0.6999999881
17792  -30.606  -70.182  -17.890 0.5000000000
147019  -29.431  -69.433  -17.587 0.6999999881
140402  -33.107  -69.662  -18.355 0.5000000000
17794  -32.314  -69.996  -18.142 0.5000000000
17793  -31.455  -70.205  -17.958 0.5000000000
20123  -34.082  -68.336  -18.671 0.5000000000
18984  -33.810  -69.250  -18.710 0.5000000000
22480  -24.719  -67.158  -16.382 0.5000000000
138223  -25.077  -67.656  -16.919 0.6999999881
21240  -26.169  -67.341  -15.870 0.6999999881
20085  -25.716  -68.093  -17.047 0.6999999881
21258  -26.843  -67.791  -16.354 0.6999999881
18962  -28.065  -69.417  -17.762 0.6000000238
20103  -30.629  -68.927  -17.002 0.6999999881
20102  -29.712  -68.883  -17.113 0.6000000238
18983  -32.580  -69.262  -17.842 0.5000000000
20105  -31.955  -68.844  -17.485 0.6000000238
144311  -31.352  -69.159  -17.234 0.6000000238
20122  -33.301  -68.833  -18.176 0.5000000000
22542  -33.629  -66.588  -19.628 0.5000000000
133689  -24.793  -66.572  -15.400 0.5000000000
22456  -25.366  -67.149  -15.852 0.6999999881
20087  -27.331  -68.274  -16.848 0.6999999881
21242  -28.093  -67.214  -15.676 0.6999999881
21241  -27.145  -67.265  -15.724 0.6999999881
20089  -29.127  -68.296  -16.700 0.8000000119
21261  -29.436  -67.620  -16.326 0.6999999881
21284  -31.443  -67.496  -17.309 0.6000000238
21263  -30.942  -67.714  -16.858 0.6999999881
21303  -32.476  -67.622  -18.023 0.6999999881
21285  -31.925  -68.012  -17.643 0.6000000238
21317  -33.713  -67.317  -18.878 0.6000000238
21316  -32.827  -67.201  -18.534 0.6000000238
22551  -32.739  -66.355  -20.149 0.6000000238
22455  -23.913  -66.229  -15.338 0.5000000000
23676  -24.650  -65.470  -14.272 0.6000000238
137969  -23.958  -66.602  -16.027 0.5000000000
23677  -25.447  -65.663  -14.283 0.6000000238
22435  -25.604  -66.303  -14.871 0.6000000238
22457  -26.514  -66.614  -15.176 0.6999999881
22459  -28.504  -66.394  -15.296 0.6999999881
22437  -27.884  -66.116  -14.747 0.6000000238
21260  -28.586  -67.723  -16.255 0.6999999881
148588  -29.285  -66.364  -15.680 0.6999999881
21262  -30.309  -67.437  -16.551 0.6999999881
155753  -32.257  -67.021  -18.291 0.6999999881
22541  -32.865  -66.696  -19.248 0.6999999881
22540  -32.048  -66.318  -19.789 0.6999999881
23675  -23.822  -65.318  -14.318 0.5000000000
23659  -26.060  -65.148  -13.822 0.6000000238
145138  -26.277  -65.910  -14.432 0.6000000238
22436  -27.164  -66.105  -14.578 0.6000000238
131339  -29.938  -65.892  -15.989 0.8000000119
23717  -29.798  -64.964  -16.301 0.5000000000
24972  -28.561  -64.745  -15.328 0.6000000238
22505  -31.059  -66.054  -17.107 0.6999999881
23718  -30.436  -65.508  -16.718 0.6999999881
23741  -31.561  -65.905  -18.928 0.6999999881
23740  -30.946  -65.168  -18.422 0.6999999881
23795  -31.698  -65.764  -21.397 0.5000000000
23776  -31.576  -65.813  -20.537 0.6999999881
23794  -30.902  -65.462  -21.753 0.5000000000
24948  -23.462  -64.599  -14.053 0.5000000000
26176  -25.164  -63.640  -13.737 0.5000000000
27471  -25.931  -63.136  -13.748 0.6000000238
24926  -25.580  -64.392  -13.655 0.6000000238
26198  -26.580  -63.589  -13.710 0.6000000238
24950  -27.055  -64.191  -13.859 0.6000000238
26199  -27.354  -63.426  -14.071 0.6000000238
131386  -27.342  -64.813  -14.224 0.6000000238
26218  -27.893  -63.682  -14.661 0.6000000238
154248  -29.407  -64.308  -16.948 0.6000000238
24985  -28.869  -63.797  -16.724 0.5000000000
26219  -28.284  -63.507  -15.299 0.5000000000
25002  -30.271  -64.675  -17.981 0.6000000238
25001  -29.650  -64.360  -17.645 0.6000000238
25025  -30.175  -64.701  -19.776 0.6000000238
25014  -30.231  -64.689  -18.850 0.6000000238
25055  -29.864  -64.513  -21.151 0.5000000000
26196  -24.550  -63.112  -14.062 0.5000000000
26197  -25.272  -62.886  -13.932 0.6000000238
27486  -26.721  -62.705  -13.915 0.6000000238
27521  -28.664  -62.622  -16.142 0.5000000000
26272  -28.445  -63.109  -18.909 0.4000000060
140741  -28.642  -63.315  -18.129 0.5000000000
26256  -28.606  -63.276  -17.344 0.5000000000
25037  -29.447  -64.227  -20.285 0.6000000238
147336  -24.163  -62.669  -14.446 0.5000000000
27484  -24.838  -62.280  -14.252 0.6000000238
28711  -26.377  -61.435  -14.166 0.6000000238
154698  -26.547  -62.071  -14.048 0.6000000238
146464  -28.579  -62.317  -18.594 0.5000000000
28708  -24.037  -62.054  -14.865 0.5000000000
28709  -24.670  -61.592  -14.651 0.5000000000
28710  -25.400  -61.494  -14.297 0.6000000238
28712  -27.128  -61.142  -14.293 0.6000000238
28736  -23.487  -61.500  -15.538 0.5000000000
28737  -24.178  -61.226  -15.220 0.5000000000
29894  -24.921  -60.896  -14.799 0.6000000238
29895  -26.679  -60.576  -14.366 0.6000000238
28761  -23.026  -60.986  -16.278 0.5000000000
29920  -23.720  -60.766  -15.961 0.5000000000
29922  -25.211  -60.086  -15.154 0.5000000000
30999  -26.159  -59.757  -14.801 0.6000000238
148752  -27.027  -59.902  -14.445 0.6000000238
29944  -24.002  -59.969  -16.313 0.5000000000
31017  -24.658  -59.715  -15.844 0.5000000000
31035  -23.589  -59.541  -17.146 0.5000000000
156300  -26.905  -59.158  -14.754 0.5000000000
31036  -24.460  -59.112  -16.669 0.5000000000
31018  -25.392  -59.151  -15.727 0.5000000000
31048  -23.301  -59.162  -17.944 0.5000000000
31049  -23.830  -58.829  -17.443 0.5000000000
31019  -26.215  -58.941  -15.278 0.4000000060
32246  -23.559  -58.069  -18.118 0.5000000000
32231  -25.217  -58.367  -16.603 0.5000000000
33358  -26.377  -57.521  -15.911 0.4000000060
32207  -26.674  -58.329  -15.280 0.4000000060
33381  -24.959  -57.488  -17.027 0.4000000060
33382  -25.658  -57.567  -16.458 0.4000000060
33359  -26.672  -56.574  -15.872 0.4000000060
26273  -28.964  -63.723  -18.667 0.6000000238
25056  -30.231  -64.869  -22.001 0.4000000060
130800  -28.572  -63.988  -15.816 0.6000000238
32208  -27.217  -57.490  -15.397 0.4000000060
33360  -27.397  -56.565  -15.544 0.4000000060
20088  -28.211  -68.304  -16.794 0.6999999881
22482  -30.476  -66.433  -16.503 0.6999999881
22525  -31.805  -66.547  -18.239 0.6999999881
22506  -31.489  -66.668  -17.529 0.6999999881
23701  -29.120  -65.463  -15.573 0.6000000238
143022  -28.038  -64.848  -14.617 0.6000000238
23758  -31.407  -65.700  -19.814 0.6999999881
23726  -30.112  -64.765  -17.174 0.6999999881
23727  -30.758  -65.276  -17.544 0.6999999881
152089  -30.166  -64.738  -20.537 0.6000000238
25038  -30.502  -65.094  -21.137 0.6000000238
17791  -29.723  -69.962  -17.963 0.6999999881
17810  -32.810  -70.314  -18.809 0.5000000000
17826  -30.520  -70.740  -19.305 0.5000000000
17827  -31.383  -70.811  -19.350 0.5000000000
17850  -29.983  -70.830  -20.004 0.5000000000
18963  -28.784  -69.753  -18.009 0.5000000000
18964  -30.208  -69.564  -17.440 0.6999999881
18965  -31.033  -69.707  -17.412 0.5000000000
18966  -31.798  -69.587  -17.615 0.5000000000
19000  -27.715  -70.038  -19.668 0.5000000000
19001  -27.999  -70.120  -19.055 0.5000000000
20086  -26.532  -68.233  -16.914 0.6999999881
20090  -29.978  -68.239  -16.696 0.6999999881
20091  -30.619  -68.169  -16.797 0.6999999881
20100  -27.762  -68.855  -17.356 0.6000000238
20104  -31.288  -68.372  -17.111 0.6000000238
20121  -32.633  -68.455  -17.806 0.5000000000
20138  -34.784  -68.293  -19.172 0.4000000060
21243  -28.942  -67.094  -15.819 0.6999999881
21257  -25.528  -67.568  -16.409 0.6999999881
21259  -27.707  -67.759  -16.286 0.6999999881
21282  -24.509  -67.354  -17.275 0.5000000000
21302  -31.900  -67.222  -17.848 0.6000000238
21304  -33.272  -67.957  -18.187 0.6000000238
22434  -24.941  -66.026  -14.695 0.6000000238
22458  -27.557  -66.636  -15.194 0.6999999881
22481  -29.742  -66.831  -16.105 0.8000000119
22483  -31.030  -66.956  -16.892 0.6999999881
22526  -32.208  -66.644  -18.845 0.6999999881
23658  -25.158  -65.015  -13.835 0.6000000238
23660  -26.740  -64.785  -13.912 0.6000000238
23678  -26.868  -65.400  -14.199 0.6000000238
23679  -28.357  -65.541  -14.911 0.6000000238
23700  -24.255  -65.930  -14.797 0.6000000238
23716  -29.087  -64.472  -16.068 0.6000000238
23728  -31.382  -65.862  -17.927 0.6999999881
23757  -30.939  -65.145  -19.361 0.6999999881
23775  -30.852  -65.235  -20.329 0.6000000238
23777  -32.121  -66.114  -20.623 0.5000000000
24924  -24.125  -63.917  -13.796 0.5000000000
24925  -24.852  -64.343  -13.723 0.5000000000
24927  -26.342  -64.327  -13.672 0.6000000238
24949  -24.318  -64.786  -13.896 0.5000000000
24951  -27.638  -64.192  -14.399 0.6000000238
24952  -27.657  -65.504  -14.447 0.6000000238
24971  -28.181  -64.166  -15.021 0.5000000000
25000  -29.091  -63.799  -17.710 0.6000000238
25013  -29.549  -64.280  -18.359 0.6000000238
25069  -29.605  -64.466  -22.601 0.4000000060
26177  -25.919  -63.800  -13.634 0.6000000238
26240  -28.564  -63.264  -16.287 0.6000000238
26294  -28.858  -63.679  -19.595 0.6999999881
26315  -28.732  -63.587  -20.527 0.6000000238
26348  -28.555  -63.417  -22.536 0.4000000060
27483  -23.612  -62.636  -14.647 0.5000000000
27485  -25.874  -62.265  -13.970 0.6000000238
27487  -27.904  -63.014  -14.610 0.6000000238
28793  -27.819  -61.857  -20.966 0.6000000238
29896  -27.512  -60.499  -14.352 0.6000000238
29898  -29.274  -60.511  -14.820 0.6999999881
29921  -24.428  -60.448  -15.542 0.5000000000
29945  -29.967  -60.920  -16.247 0.6000000238
29965  -28.967  -60.959  -18.905 0.6000000238
31001  -30.196  -58.929  -15.012 0.6000000238
31064  -30.384  -59.106  -17.836 0.6000000238
31071  -28.775  -59.818  -19.984 0.6000000238
31078  -27.444  -59.703  -21.999 0.5000000000
32206  -25.948  -58.341  -15.904 0.4000000060
32230  -24.456  -58.235  -17.349 0.5000000000
32232  -31.080  -58.399  -16.037 0.6000000238
32272  -29.492  -58.438  -19.663 0.6000000238
32284  -27.758  -57.969  -21.626 0.6000000238
32287  -27.454  -58.389  -22.748 0.5000000000
33339  -28.692  -57.249  -14.853 0.6000000238
33341  -30.239  -57.276  -14.860 0.6000000238
33362  -30.893  -57.210  -15.267 0.5000000000
33384  -31.427  -56.871  -16.433 0.5000000000
33402  -30.802  -57.707  -17.644 0.6000000238
34541  -28.040  -56.739  -21.172 0.6000000238
34551  -27.611  -57.089  -22.076 0.5000000000
34562  -27.745  -57.095  -22.341 0.3000000119
35597  -31.079  -55.259  -15.560 0.5000000000
35655  -27.886  -55.767  -21.633 0.5000000000
36669  -31.420  -54.174  -16.277 0.5000000000
36679  -31.003  -54.413  -17.653 0.5000000000
36704  -28.770  -54.397  -19.435 0.4000000060
36735  -29.099  -54.942  -22.018 0.4000000060
37766  -30.916  -53.147  -17.223 0.5000000000
37812  -27.583  -53.581  -20.512 0.5000000000
37813  -28.295  -53.214  -20.922 0.5000000000
37823  -28.986  -53.585  -21.404 0.5000000000
38923  -26.182  -52.082  -19.573 0.4000000060
38946  -27.187  -52.910  -20.097 0.5000000000
38961  -30.866  -52.886  -20.906 0.3000000119
40134  -25.952  -51.660  -19.385 0.4000000060
40138  -31.523  -51.795  -19.322 0.3000000119
41379  -30.012  -50.149  -18.849 0.5000000000
42607  -25.587  -50.033  -18.355 0.4000000060
44770  -35.223  -47.414  -18.320 0.4000000060
44779  -36.548  -47.416  -19.252 0.4000000060
44780  -37.065  -47.345  -19.836 0.3000000119
45789  -33.722  -46.148  -17.003 0.5000000000
45807  -33.247  -46.506  -17.676 0.5000000000
45808  -34.143  -46.569  -17.514 0.5000000000
46884  -33.302  -45.562  -16.521 0.5000000000
131058  -29.247  -70.640  -19.809 0.5000000000
133668  -31.104  -65.517  -21.047 0.6999999881
134948  -28.152  -62.934  -22.115 0.5000000000
138524  -27.158  -61.900  -14.172 0.6999999881
139600  -23.746  -63.217  -14.279 0.5000000000
139752  -31.433  -55.530  -16.985 0.6000000238
140600  -30.568  -54.977  -18.176 0.6999999881
142112  -28.463  -62.869  -17.955 0.4000000060
144406  -30.585  -50.463  -18.849 0.5000000000
145064  -33.492  -69.976  -18.923 0.5000000000
146527  -25.775  -60.682  -14.496 0.6000000238
150595  -26.154  -67.849  -16.488 0.6999999881
151213  -27.344  -60.688  -23.042 0.4000000060
151736  -27.427  -62.618  -14.214 0.6000000238
152504  -27.571  -53.856  -19.988 0.5000000000
153047  -29.608  -64.318  -21.793 0.5000000000
155909  -27.716  -57.155  -15.301 0.6000000238
156220  -25.684  -66.811  -15.423 0.6000000238
157751  -27.738  -54.748  -20.692 0.5000000000
