#!ascii label  , from subject sub001 vox2ras=TkReg
1830
42608  -26.276  -49.736  -18.700 0.5000000000
43722  -25.651  -49.226  -18.019 0.4000000060
42606  -25.255  -49.446  -17.674 0.6000000238
44763  -25.817  -48.136  -17.804 0.6000000238
43724  -28.147  -48.169  -18.536 0.6000000238
43723  -26.764  -48.705  -18.395 0.5000000000
156514  -29.816  -47.440  -18.624 0.6000000238
44753  -25.129  -47.523  -17.186 0.6999999881
43696  -24.580  -48.786  -17.075 0.6999999881
44754  -26.237  -46.910  -17.575 0.6999999881
147429  -27.011  -47.798  -18.065 0.6999999881
44765  -29.000  -47.145  -18.508 0.6999999881
45822  -30.815  -47.093  -18.595 0.5000000000
45821  -30.219  -46.335  -18.485 0.6999999881
142908  -30.356  -47.642  -18.599 0.5000000000
33296  -24.988  -57.375  -12.151 0.5000000000
44743  -24.720  -48.060  -16.963 0.6999999881
45819  -28.025  -46.188  -18.098 0.6999999881
45804  -26.124  -45.769  -17.246 0.6999999881
46904  -28.271  -45.394  -17.919 0.6999999881
45818  -26.909  -46.088  -17.849 0.6999999881
45805  -26.961  -45.246  -17.570 0.6999999881
154533  -30.831  -46.633  -18.480 0.6000000238
42549  -28.902  -49.942  -14.240 0.6999999881
42566  -28.493  -49.392  -14.671 0.6999999881
44744  -24.887  -47.573  -16.588 0.6999999881
43676  -26.040  -48.215  -15.716 0.6999999881
34418  -24.715  -56.839  -11.586 0.6000000238
32139  -22.989  -58.337  -12.794 0.4000000060
45803  -25.325  -46.466  -16.981 0.6999999881
45820  -29.225  -46.296  -18.364 0.6999999881
46906  -30.088  -45.559  -18.134 0.6999999881
46895  -29.462  -44.687  -17.787 0.6999999881
46908  -31.660  -46.249  -18.046 0.6000000238
41324  -30.102  -50.704  -13.951 0.6999999881
42550  -29.930  -50.065  -14.448 0.6999999881
43677  -27.688  -48.860  -15.129 0.6999999881
42567  -29.732  -49.401  -14.799 0.6999999881
35523  -26.701  -55.865  -10.789 0.6000000238
43678  -28.637  -48.247  -15.122 0.6999999881
45766  -26.411  -45.957  -15.909 0.6999999881
44726  -27.643  -47.744  -15.317 0.6999999881
43679  -29.660  -48.660  -15.181 0.6999999881
43680  -30.501  -48.883  -15.205 0.6999999881
34417  -23.816  -56.536  -11.626 0.5000000000
33294  -23.236  -57.242  -12.000 0.5000000000
133695  -26.303  -45.163  -17.046 0.6999999881
45788  -25.793  -45.779  -16.789 0.6999999881
44728  -29.786  -47.674  -15.430 0.6999999881
33309  -22.670  -57.766  -12.359 0.4000000060
144530  -28.411  -44.517  -17.763 0.6999999881
152523  -26.061  -45.575  -16.528 0.6999999881
44727  -28.647  -47.026  -15.504 0.6999999881
33308  -21.779  -57.566  -12.481 0.4000000060
46880  -26.429  -45.060  -16.824 0.6999999881
45768  -29.048  -45.953  -15.593 0.6999999881
141578  -29.852  -46.784  -15.600 0.6999999881
46905  -29.348  -45.519  -18.076 0.6999999881
46894  -27.499  -44.551  -17.551 0.6999999881
46882  -27.425  -43.711  -16.477 0.6999999881
136845  -27.885  -44.813  -16.003 0.6999999881
46896  -30.354  -45.037  -17.755 0.6999999881
47948  -27.299  -43.108  -16.748 0.6999999881
148937  -32.056  -45.669  -17.538 0.6000000238
47960  -30.721  -44.395  -17.367 0.6999999881
47949  -31.121  -43.874  -16.953 0.6999999881
46851  -36.264  -44.964  -14.854 0.5000000000
46870  -35.701  -45.578  -15.394 0.5000000000
45793  -37.347  -46.381  -16.584 0.4000000060
45773  -36.967  -46.171  -15.926 0.5000000000
42569  -31.870  -49.348  -14.817 0.6999999881
143418  -26.328  -55.167  -10.616 0.6000000238
151516  -27.355  -46.731  -15.583 0.6999999881
145345  -30.670  -48.135  -15.368 0.6999999881
47957  -27.548  -43.736  -17.368 0.6999999881
46881  -27.050  -44.159  -16.813 0.6999999881
47959  -29.791  -43.910  -17.537 0.6999999881
48968  -27.610  -42.657  -16.765 0.6999999881
47925  -34.991  -44.026  -14.720 0.6999999881
47961  -31.615  -44.810  -17.195 0.6999999881
47942  -34.348  -44.655  -15.175 0.6999999881
47951  -32.917  -44.807  -16.221 0.6999999881
46850  -35.346  -44.837  -14.956 0.6999999881
37695  -31.169  -53.563  -11.159 0.6999999881
37716  -31.926  -53.157  -11.901 0.6999999881
40052  -32.777  -52.044  -12.689 0.8000000119
40064  -33.091  -51.368  -13.220 0.8000000119
37694  -30.500  -54.025  -11.053 0.6000000238
38848  -31.817  -53.116  -11.273 0.6000000238
41315  -32.790  -50.666  -13.849 0.8000000119
152813  -30.067  -53.890  -10.602 0.6000000238
38831  -29.649  -53.235  -10.336 0.6000000238
42552  -32.328  -49.974  -14.329 0.6999999881
131172  -27.854  -54.659  -10.399 0.6000000238
37692  -28.407  -54.048  -10.246 0.6000000238
36592  -25.633  -54.777  -10.654 0.6000000238
36593  -26.353  -54.308  -10.462 0.6000000238
152053  -31.488  -47.821  -15.387 0.6999999881
157746  -23.935  -55.882  -11.454 0.5000000000
141304  -24.076  -55.342  -11.293 0.6000000238
155748  -32.297  -48.665  -14.938 0.6999999881
44729  -30.864  -47.157  -15.583 0.6999999881
47958  -28.556  -43.524  -17.534 0.6999999881
47947  -27.333  -43.361  -16.718 0.6999999881
142548  -29.387  -45.219  -15.692 0.6999999881
47940  -32.574  -43.896  -16.025 0.8000000119
48980  -28.142  -42.605  -17.145 0.6999999881
46865  -28.766  -44.321  -15.782 0.6999999881
47924  -34.027  -43.793  -14.967 0.8000000119
48982  -30.200  -43.322  -17.265 0.6999999881
49989  -28.869  -42.253  -17.252 0.6999999881
46871  -36.585  -45.620  -15.381 0.5000000000
46887  -38.326  -45.418  -16.429 0.5000000000
45812  -38.458  -45.771  -17.353 0.4000000060
38834  -32.219  -52.488  -10.807 0.6000000238
38850  -32.972  -52.172  -11.904 0.6999999881
41296  -33.968  -51.096  -11.990 0.8000000119
40053  -33.389  -51.593  -12.371 0.8999999762
38832  -30.603  -53.228  -10.543 0.6000000238
41316  -33.539  -50.522  -13.291 0.8000000119
42553  -33.237  -49.851  -13.928 0.8000000119
136739  -33.536  -49.043  -13.926 0.8000000119
38830  -28.798  -53.283  -10.260 0.6000000238
37690  -26.775  -53.575  -10.295 0.6000000238
43665  -32.832  -49.121  -14.476 0.8000000119
36617  -23.539  -54.677  -11.444 0.6000000238
36591  -24.911  -54.246  -10.712 0.6000000238
37689  -25.968  -53.367  -10.343 0.6000000238
44716  -32.616  -47.412  -14.877 0.6999999881
34416  -22.868  -56.362  -11.868 0.5000000000
45770  -31.454  -46.405  -15.423 0.6999999881
45753  -32.310  -46.597  -14.954 0.6999999881
141940  -21.982  -56.225  -12.082 0.5000000000
35542  -22.502  -55.474  -12.050 0.5000000000
45769  -30.403  -45.998  -15.652 0.6999999881
48945  -33.717  -42.885  -14.802 0.8000000119
48972  -31.643  -43.413  -16.458 0.8000000119
48970  -29.618  -42.482  -16.993 0.6999999881
48956  -28.036  -42.300  -16.777 0.6999999881
47937  -28.159  -43.156  -16.221 0.6999999881
48971  -30.604  -42.919  -16.769 0.6999999881
40029  -31.857  -52.107  -10.193 0.6999999881
40030  -32.598  -51.778  -10.394 0.6999999881
41285  -33.966  -50.986  -11.100 0.8000000119
41297  -34.373  -50.467  -11.618 0.8000000119
38808  -30.964  -52.259  -10.187 0.6999999881
40031  -33.326  -51.441  -10.633 0.8000000119
151351  -34.532  -49.850  -12.079 0.8000000119
153257  -28.435  -52.730  -10.287 0.6000000238
42536  -33.942  -49.649  -13.203 0.8000000119
43650  -33.567  -48.211  -13.957 0.6999999881
36618  -24.238  -54.540  -11.089 0.6000000238
37688  -25.057  -53.240  -10.562 0.6000000238
45754  -33.004  -46.709  -14.248 0.8000000119
44708  -33.627  -47.293  -13.727 0.6999999881
140322  -23.745  -54.002  -11.344 0.6000000238
45749  -33.602  -46.366  -13.555 0.8000000119
137904  -21.776  -55.404  -12.542 0.4000000060
46866  -30.108  -44.979  -15.621 0.6999999881
46867  -31.085  -45.480  -15.455 0.6999999881
45752  -31.910  -45.812  -14.873 0.6999999881
34448  -20.104  -56.413  -13.224 0.4000000060
47939  -30.628  -44.560  -15.260 0.6999999881
151290  -31.568  -44.955  -14.742 0.6999999881
48960  -32.138  -42.951  -15.743 0.8000000119
49978  -30.041  -42.014  -16.443 0.8000000119
47938  -29.442  -43.950  -15.511 0.6999999881
48957  -28.121  -42.311  -16.036 0.6999999881
48947  -35.547  -43.375  -14.395 0.8000000119
47926  -35.931  -44.215  -14.532 0.6999999881
47927  -36.770  -44.318  -14.615 0.5000000000
48983  -38.861  -43.985  -17.046 0.5000000000
46873  -37.990  -45.129  -15.746 0.5000000000
47969  -39.541  -44.456  -18.297 0.4000000060
40006  -32.242  -51.382  -9.834 0.6000000238
40007  -33.045  -51.156  -9.943 0.6999999881
42521  -34.659  -49.854  -11.356 0.8000000119
132965  -29.992  -52.303  -10.200 0.6999999881
136619  -28.954  -52.355  -10.251 0.6999999881
153686  -34.504  -49.158  -12.599 0.8000000119
136440  -27.216  -52.323  -10.251 0.6000000238
43631  -35.009  -48.466  -12.221 0.8000000119
40024  -26.381  -51.889  -10.318 0.6000000238
154030  -34.623  -48.344  -12.860 0.8000000119
137472  -34.247  -47.848  -13.304 0.8000000119
37714  -24.297  -53.663  -11.024 0.6000000238
38847  -24.330  -52.768  -11.152 0.6000000238
46849  -32.540  -46.034  -14.422 0.8999999762
46848  -32.374  -45.285  -14.272 0.8000000119
36627  -22.211  -54.656  -12.512 0.5000000000
48927  -31.026  -42.741  -13.427 0.8000000119
47922  -31.059  -44.039  -14.379 0.6999999881
36626  -21.556  -54.610  -13.129 0.4000000060
157683  -34.303  -42.472  -14.507 0.8000000119
48959  -31.107  -42.407  -16.175 0.8000000119
49963  -30.543  -41.309  -15.942 0.8000000119
51047  -29.010  -41.584  -16.110 0.8000000119
48942  -29.479  -42.349  -14.598 0.6999999881
48946  -34.622  -43.218  -14.522 0.8000000119
49977  -29.153  -41.920  -16.560 0.8000000119
48958  -28.921  -42.744  -15.421 0.6999999881
49962  -29.727  -41.354  -16.016 0.8000000119
49954  -36.021  -42.611  -14.320 0.8000000119
51050  -31.133  -40.506  -15.557 0.8000000119
48962  -37.787  -43.826  -15.027 0.6000000238
48949  -37.240  -43.639  -14.711 0.6000000238
47952  -38.450  -44.474  -16.188 0.5000000000
41263  -31.625  -50.659  -9.670 0.6000000238
146199  -33.736  -50.751  -10.278 0.6999999881
40028  -30.396  -51.380  -10.057 0.6000000238
146799  -34.550  -49.686  -10.016 0.6999999881
43616  -34.827  -49.212  -11.724 0.6999999881
40026  -28.374  -51.410  -10.321 0.6000000238
41262  -30.911  -50.782  -9.859 0.6000000238
38827  -25.728  -52.519  -10.384 0.6000000238
40025  -27.533  -51.578  -10.342 0.6000000238
43632  -35.399  -47.936  -11.806 0.6999999881
37713  -23.593  -53.193  -11.615 0.5000000000
44709  -34.264  -46.952  -13.191 0.8000000119
37723  -22.732  -53.170  -12.429 0.3000000119
47911  -33.218  -44.394  -13.036 0.8000000119
46840  -33.604  -45.388  -13.244 0.8000000119
47923  -32.012  -44.440  -13.979 0.8000000119
46839  -32.803  -44.856  -13.611 0.8000000119
49940  -30.826  -41.663  -13.645 0.8000000119
49964  -31.637  -41.817  -15.609 0.8000000119
49948  -29.084  -41.327  -15.481 0.8000000119
48926  -30.103  -42.044  -14.010 0.8000000119
48943  -30.468  -43.054  -13.983 0.6999999881
51048  -29.750  -40.965  -15.442 0.8000000119
51049  -30.434  -40.554  -15.461 0.8000000119
48948  -36.454  -43.476  -14.469 0.6999999881
49980  -38.296  -42.918  -16.311 0.6000000238
49999  -40.131  -42.008  -18.880 0.3000000119
41264  -32.531  -50.562  -9.584 0.6000000238
134537  -33.333  -50.377  -9.671 0.6999999881
41265  -34.052  -50.094  -9.824 0.6999999881
43604  -34.869  -49.063  -9.773 0.6999999881
154608  -24.664  -48.715  -11.767 0.5000000000
154170  -29.901  -50.889  -10.216 0.6000000238
41284  -30.277  -50.445  -10.138 0.6000000238
43617  -35.196  -48.552  -11.299 0.6999999881
40023  -25.550  -51.642  -10.608 0.5000000000
41280  -26.827  -51.069  -10.476 0.5000000000
41283  -29.569  -50.335  -10.341 0.6000000238
44686  -35.608  -47.246  -11.704 0.6999999881
38846  -23.595  -51.878  -11.940 0.3000000119
38826  -25.008  -52.241  -10.884 0.5000000000
132873  -35.034  -47.483  -12.580 0.8000000119
150191  -35.085  -45.825  -12.484 0.8000000119
45741  -34.776  -46.436  -12.751 0.8000000119
47910  -32.377  -44.012  -13.272 0.8999999762
47905  -33.645  -43.901  -12.573 0.8999999762
46835  -34.002  -44.766  -12.690 0.8000000119
46836  -34.393  -45.613  -12.782 0.8000000119
135716  -22.550  -54.030  -12.294 0.4000000060
47909  -31.472  -43.596  -13.559 0.8999999762
48929  -32.806  -43.599  -12.785 0.8999999762
49952  -34.480  -41.716  -14.417 0.8000000119
49951  -33.423  -41.731  -14.735 0.8000000119
51034  -29.793  -40.682  -14.999 0.8000000119
49949  -29.378  -41.438  -14.765 0.8000000119
49953  -35.097  -42.566  -14.315 0.8000000119
49955  -36.957  -42.607  -14.659 0.6999999881
155099  -37.974  -42.736  -15.646 0.6000000238
49990  -38.935  -42.076  -17.745 0.6000000238
153324  -39.024  -43.095  -17.603 0.6000000238
42495  -31.793  -49.777  -9.500 0.6000000238
42496  -32.696  -49.770  -9.315 0.6000000238
42497  -33.541  -49.672  -9.252 0.6999999881
42494  -30.877  -49.785  -9.893 0.6000000238
42511  -30.006  -49.342  -10.371 0.6000000238
44663  -35.798  -47.881  -9.933 0.8000000119
41279  -26.107  -50.351  -10.577 0.6000000238
139184  -26.927  -50.009  -10.477 0.5000000000
156883  -29.235  -49.542  -10.462 0.6000000238
43605  -35.328  -48.535  -10.341 0.6999999881
45730  -35.861  -46.650  -11.449 0.8000000119
141671  -24.400  -50.755  -11.354 0.4000000060
45742  -35.514  -46.448  -12.132 0.6999999881
156410  -23.801  -52.419  -11.656 0.4000000060
48918  -33.305  -43.100  -12.461 0.8000000119
144125  -34.853  -45.073  -12.385 0.8000000119
51026  -31.598  -41.254  -13.411 0.8999999762
48917  -32.495  -42.835  -12.682 0.8000000119
51016  -32.204  -40.911  -13.228 0.8000000119
155910  -32.653  -40.463  -14.918 0.8000000119
52061  -31.528  -39.039  -15.034 0.8000000119
49939  -30.173  -40.993  -14.372 0.6999999881
51037  -34.752  -40.787  -14.386 0.8000000119
51024  -30.521  -40.047  -14.618 0.8000000119
52072  -30.553  -39.994  -14.990 0.8000000119
51039  -36.334  -41.738  -14.420 0.8000000119
51036  -33.602  -40.579  -14.682 0.8000000119
49979  -37.850  -41.933  -16.245 0.6999999881
51065  -38.217  -41.667  -17.282 0.6999999881
52106  -38.288  -40.219  -19.032 0.6000000238
52114  -38.701  -39.835  -20.045 0.6000000238
53116  -39.116  -39.584  -20.931 0.6000000238
135386  -31.207  -48.882  -9.648 0.6000000238
43573  -34.159  -48.359  -8.297 0.8000000119
42480  -34.634  -48.795  -8.926 0.6999999881
43599  -26.412  -47.365  -11.290 0.5000000000
42509  -28.597  -49.001  -10.516 0.5000000000
44677  -36.063  -47.214  -10.423 0.8000000119
44676  -35.584  -47.779  -10.906 0.6999999881
42507  -26.889  -48.694  -10.602 0.5000000000
42508  -27.757  -49.524  -10.414 0.5000000000
44664  -36.217  -47.227  -9.624 0.8000000119
45721  -36.501  -46.604  -10.141 0.8000000119
43598  -25.919  -48.573  -11.015 0.5000000000
45731  -36.259  -46.596  -10.894 0.8000000119
46825  -36.181  -45.904  -11.459 0.8000000119
47885  -36.719  -45.016  -11.048 0.8000000119
46837  -35.585  -45.485  -12.038 0.8000000119
47907  -35.461  -44.490  -11.917 0.8000000119
137520  -36.110  -45.069  -11.614 0.8000000119
48919  -34.177  -43.299  -12.283 0.8000000119
49930  -32.368  -41.914  -12.948 0.8000000119
47906  -34.517  -44.180  -12.312 0.8000000119
150981  -33.799  -39.448  -14.743 0.8000000119
52050  -31.104  -39.270  -13.988 0.8000000119
52049  -31.065  -39.038  -14.415 0.8999999762
51038  -35.451  -41.767  -14.287 0.8000000119
49965  -37.575  -42.162  -15.170 0.6999999881
51051  -37.377  -41.195  -15.398 0.6999999881
52094  -38.319  -40.699  -18.293 0.6999999881
154395  -37.366  -40.658  -16.879 0.6999999881
51064  -37.610  -41.156  -16.959 0.6999999881
144418  -37.393  -40.493  -18.393 0.6999999881
156248  -37.130  -40.360  -19.221 0.6999999881
44643  -32.686  -47.526  -8.168 0.8000000119
43590  -31.995  -48.999  -9.145 0.6000000238
43572  -33.206  -48.415  -8.269 0.6000000238
45706  -27.218  -45.850  -10.580 0.6000000238
45719  -28.312  -45.987  -10.855 0.5000000000
151534  -30.532  -48.641  -10.136 0.6000000238
43588  -30.836  -48.047  -10.059 0.6000000238
43574  -35.086  -48.059  -8.480 0.8000000119
44638  -26.237  -47.869  -8.856 0.6000000238
44640  -27.574  -46.946  -9.275 0.6000000238
45707  -28.045  -46.113  -10.422 0.6000000238
44673  -28.783  -46.625  -10.979 0.5000000000
43602  -29.403  -47.524  -10.830 0.5000000000
45667  -25.955  -46.578  -7.345 0.5000000000
45668  -26.789  -47.127  -7.553 0.5000000000
44620  -27.582  -47.201  -8.075 0.6000000238
45690  -28.401  -46.783  -8.878 0.6000000238
154164  -27.274  -47.454  -11.114 0.5000000000
44674  -29.620  -47.142  -10.615 0.5000000000
45711  -36.571  -46.558  -9.318 0.8000000119
46826  -36.648  -45.900  -10.647 0.8000000119
46786  -26.759  -46.119  -7.281 0.5000000000
43600  -27.857  -48.234  -10.648 0.5000000000
142507  -24.480  -46.306  -7.524 0.4000000060
48920  -35.025  -43.535  -11.929 0.8000000119
152050  -35.752  -43.746  -11.588 0.8000000119
139373  -36.284  -44.319  -11.420 0.6999999881
52044  -32.360  -39.856  -13.262 0.8000000119
49931  -33.046  -42.286  -12.500 0.8000000119
48914  -35.612  -42.977  -11.573 0.8000000119
49933  -34.741  -42.562  -11.945 0.8000000119
51018  -34.218  -41.717  -12.323 0.8000000119
52064  -36.000  -40.151  -14.425 0.8999999762
131810  -31.683  -38.767  -14.527 0.8000000119
52051  -31.528  -39.988  -13.549 0.8000000119
52062  -32.391  -39.015  -15.002 1.0000000000
131549  -31.868  -38.520  -14.096 0.8000000119
51040  -37.018  -41.477  -14.768 0.8000000119
53088  -37.106  -40.245  -17.340 0.6999999881
44642  -31.880  -47.217  -8.659 0.8000000119
44644  -33.588  -47.714  -7.915 0.8000000119
148644  -34.407  -47.746  -7.977 0.8000000119
44662  -31.503  -47.495  -9.292 0.6000000238
44645  -34.978  -47.250  -7.853 0.8000000119
45708  -28.879  -46.328  -10.095 0.6000000238
152682  -30.608  -47.031  -9.854 0.6000000238
143254  -35.604  -47.453  -8.418 0.8000000119
44647  -36.160  -47.115  -8.798 0.8000000119
46812  -36.911  -45.891  -8.961 0.6999999881
142817  -27.462  -46.609  -7.484 0.5000000000
45709  -29.693  -46.544  -9.751 0.6000000238
44661  -30.997  -47.455  -9.821 0.6000000238
46785  -25.113  -45.962  -7.484 0.4000000060
46787  -27.474  -45.711  -7.238 0.4000000060
141149  -28.095  -46.254  -7.393 0.4000000060
46817  -36.964  -45.225  -10.165 0.6999999881
47850  -26.830  -44.891  -7.461 0.4000000060
47851  -27.573  -44.540  -7.270 0.4000000060
45670  -29.504  -46.451  -7.837 0.4000000060
47899  -36.992  -44.064  -11.041 0.6999999881
137361  -29.215  -45.064  -6.865 0.5000000000
48915  -36.484  -43.391  -11.305 0.6999999881
131416  -26.911  -43.790  -7.635 0.3000000119
47839  -28.834  -44.122  -6.815 0.5000000000
134808  -33.547  -40.622  -12.751 0.8000000119
136691  -33.509  -41.730  -12.488 0.8000000119
51019  -34.942  -41.733  -11.993 0.8000000119
49926  -36.314  -42.484  -11.420 0.8000000119
49925  -35.553  -42.133  -11.683 0.8000000119
53068  -36.149  -39.438  -14.652 0.8000000119
132793  -34.117  -38.619  -14.732 1.0000000000
53065  -32.530  -38.263  -14.170 0.8000000119
54086  -33.312  -37.415  -13.947 0.8000000119
149695  -31.563  -38.936  -13.803 0.8000000119
53042  -32.982  -39.101  -13.308 0.8000000119
131404  -35.337  -39.146  -14.590 1.0000000000
53043  -33.370  -38.349  -13.352 0.8000000119
141628  -36.450  -40.940  -14.503 0.8000000119
53067  -34.470  -37.805  -14.604 0.8000000119
53055  -32.685  -38.060  -13.909 0.8000000119
52074  -37.318  -40.351  -15.593 0.8999999762
53096  -36.665  -40.350  -18.207 0.6999999881
53113  -35.640  -40.013  -19.978 0.6999999881
52104  -36.415  -40.096  -19.669 0.6999999881
53114  -36.751  -39.563  -20.233 0.6999999881
53121  -38.612  -39.125  -21.162 0.6000000238
54156  -36.870  -38.921  -20.782 0.6999999881
54155  -35.579  -39.567  -20.277 0.6999999881
135907  -38.114  -38.331  -21.211 0.6000000238
45696  -33.150  -46.898  -7.808 0.8000000119
44621  -34.038  -47.137  -7.663 0.8000000119
45691  -29.299  -46.619  -8.853 0.5000000000
45694  -31.562  -46.611  -8.422 0.8000000119
45674  -32.758  -46.028  -7.653 0.8000000119
45695  -32.313  -46.690  -8.122 0.8000000119
151908  -34.425  -46.619  -7.510 0.8000000119
45669  -28.036  -46.752  -7.847 0.5000000000
45671  -30.315  -46.311  -7.815 0.5000000000
45697  -35.771  -46.853  -8.042 0.6999999881
139134  -28.064  -45.466  -7.098 0.4000000060
46789  -29.743  -45.846  -7.243 0.5000000000
45672  -31.117  -46.237  -7.794 0.6999999881
45693  -30.835  -46.512  -8.655 0.6999999881
45677  -35.958  -46.109  -7.696 0.6999999881
45698  -36.418  -46.384  -8.476 0.6999999881
46805  -37.126  -45.141  -8.771 0.6999999881
46813  -37.062  -45.382  -9.447 0.6999999881
156585  -37.510  -44.005  -9.956 0.6999999881
48904  -37.358  -43.680  -10.493 0.6999999881
48847  -29.421  -43.499  -6.472 0.5000000000
158025  -37.144  -43.344  -10.939 0.6999999881
148499  -28.136  -43.064  -7.001 0.4000000060
48846  -28.602  -43.402  -6.817 0.4000000060
49927  -37.037  -42.684  -11.083 0.6999999881
132353  -34.629  -40.885  -12.369 0.8000000119
155304  -34.904  -39.277  -12.506 0.8000000119
130553  -35.748  -39.674  -12.249 0.6999999881
54095  -33.648  -37.073  -14.066 0.8000000119
132067  -34.174  -38.254  -12.913 0.8000000119
53077  -37.130  -39.461  -15.595 0.8999999762
143402  -36.443  -38.759  -15.104 0.8999999762
152822  -35.628  -38.566  -14.764 0.8000000119
54097  -35.293  -37.360  -14.836 0.8000000119
55174  -34.640  -36.502  -14.234 0.8000000119
54126  -37.095  -39.517  -16.947 0.8999999762
54118  -37.267  -38.905  -16.146 0.8000000119
53087  -36.477  -39.949  -18.004 0.8999999762
53094  -35.181  -39.910  -19.562 0.8000000119
133442  -39.712  -40.099  -20.515 0.4000000060
53106  -34.965  -40.057  -19.999 0.8000000119
133999  -34.653  -39.543  -20.116 0.6999999881
131089  -36.159  -38.648  -20.608 0.6999999881
56301  -38.371  -36.708  -21.123 0.5000000000
45675  -33.635  -46.345  -7.520 0.8000000119
46792  -32.294  -45.242  -7.457 0.6999999881
139779  -34.628  -45.223  -6.910 0.6999999881
47852  -28.384  -44.774  -6.970 0.4000000060
47854  -30.894  -44.879  -6.807 0.6000000238
147824  -33.332  -45.576  -7.375 0.6999999881
47870  -36.998  -44.833  -8.039 0.6999999881
47871  -37.384  -44.352  -8.610 0.6999999881
48891  -37.642  -43.818  -9.233 0.6999999881
47840  -30.269  -44.192  -6.432 0.5000000000
136891  -37.683  -43.339  -9.840 0.6999999881
49861  -29.766  -42.538  -6.272 0.4000000060
145066  -37.529  -42.847  -10.453 0.6999999881
50965  -28.525  -41.887  -6.873 0.3000000119
49860  -28.768  -42.691  -6.697 0.3000000119
48848  -30.462  -43.216  -6.248 0.5000000000
153586  -35.192  -40.219  -12.326 0.6999999881
145338  -36.210  -41.767  -11.583 0.6999999881
51006  -38.102  -41.440  -10.596 0.6999999881
49862  -30.625  -42.383  -6.235 0.4000000060
52045  -35.979  -40.485  -12.018 0.6999999881
136172  -36.896  -41.900  -11.277 0.6999999881
52036  -36.619  -40.095  -11.922 0.6999999881
53044  -35.272  -38.636  -12.428 0.6999999881
54096  -34.295  -36.939  -14.275 0.8000000119
55164  -33.644  -37.016  -13.928 0.8000000119
53056  -33.362  -37.534  -13.726 0.8000000119
54076  -33.981  -37.391  -13.496 0.8000000119
56210  -34.445  -36.452  -14.000 0.8000000119
54117  -36.831  -37.646  -16.274 0.8000000119
54125  -36.635  -39.079  -17.699 0.8000000119
55221  -35.953  -38.525  -18.365 0.8000000119
147620  -37.000  -38.592  -16.809 0.8999999762
54138  -35.716  -39.688  -18.695 0.8999999762
54148  -34.164  -38.904  -19.983 0.8000000119
138881  -34.037  -37.827  -20.473 0.8000000119
56289  -36.945  -37.069  -20.819 0.6999999881
55248  -37.810  -37.307  -21.035 0.6000000238
132953  -35.074  -37.878  -20.660 0.6999999881
131499  -36.097  -37.864  -20.683 0.6999999881
57373  -34.018  -35.799  -20.755 0.6999999881
48866  -32.669  -43.439  -6.875 0.6000000238
47856  -33.119  -44.121  -7.096 0.6000000238
141965  -32.941  -44.916  -7.321 0.6999999881
149071  -34.461  -44.599  -6.757 0.6999999881
47858  -35.407  -44.839  -6.875 0.6999999881
46795  -36.121  -45.375  -7.413 0.6999999881
47841  -31.190  -43.904  -6.447 0.5000000000
47855  -31.751  -44.572  -7.043 0.6000000238
132065  -35.839  -44.096  -6.835 0.6999999881
47859  -36.518  -44.587  -7.340 0.6999999881
150758  -36.611  -45.141  -7.691 0.6999999881
49877  -27.907  -42.491  -7.111 0.3000000119
48849  -31.421  -42.822  -6.375 0.5000000000
48867  -33.242  -43.279  -6.838 0.6000000238
49906  -37.944  -42.925  -9.027 0.6999999881
50950  -31.188  -41.887  -6.450 0.4000000060
49878  -32.214  -42.755  -6.597 0.6000000238
52038  -38.071  -40.685  -10.953 0.6999999881
49922  -38.040  -42.141  -10.203 0.6999999881
51013  -37.505  -41.301  -11.152 0.6999999881
153555  -30.914  -40.557  -7.113 0.3000000119
53033  -37.416  -39.524  -11.782 0.6999999881
138704  -34.201  -36.664  -13.830 0.8000000119
55157  -34.383  -36.915  -13.609 0.8000000119
55158  -35.361  -37.133  -13.075 0.6999999881
54078  -35.861  -38.030  -12.392 0.6999999881
53046  -37.028  -38.515  -12.193 0.6999999881
55175  -35.552  -36.544  -14.731 0.8000000119
55166  -34.863  -36.315  -13.863 0.8000000119
142297  -36.720  -37.898  -17.313 0.8000000119
54108  -36.212  -37.442  -15.443 0.8000000119
55220  -34.668  -38.553  -19.047 0.8000000119
131947  -36.026  -36.168  -18.100 0.8000000119
56240  -36.456  -36.040  -17.354 0.8000000119
57320  -36.438  -35.385  -17.644 0.8000000119
56290  -37.703  -36.420  -20.863 0.6000000238
131019  -36.832  -36.188  -20.756 0.6999999881
56286  -32.912  -37.825  -20.287 0.8000000119
147298  -35.023  -36.902  -20.831 0.6000000238
59520  -33.345  -34.285  -20.460 0.6999999881
58492  -34.104  -34.810  -20.683 0.6000000238
149359  -35.856  -35.331  -20.715 0.6000000238
132454  -33.843  -43.999  -6.747 0.6000000238
49879  -32.763  -42.626  -6.736 0.6000000238
48870  -36.697  -43.486  -7.180 0.6999999881
49881  -34.018  -43.087  -6.628 0.6000000238
153131  -37.139  -42.804  -7.341 0.6999999881
130827  -37.386  -43.147  -7.720 0.6999999881
48878  -37.571  -43.491  -8.414 0.6999999881
50968  -31.714  -41.509  -6.787 0.4000000060
130841  -32.290  -42.003  -6.704 0.4000000060
150503  -33.842  -42.300  -6.613 0.5000000000
48851  -36.783  -42.721  -7.116 0.6999999881
49894  -38.251  -42.120  -8.509 0.6999999881
131176  -32.794  -41.884  -6.737 0.5000000000
50969  -33.382  -41.783  -6.681 0.5000000000
50984  -38.450  -41.415  -8.970 0.6999999881
49907  -38.234  -42.150  -9.412 0.6999999881
50967  -30.981  -41.162  -6.758 0.3000000119
130842  -31.492  -40.790  -7.028 0.3000000119
131264  -32.210  -41.180  -6.945 0.4000000060
53045  -36.351  -39.115  -12.196 0.6999999881
50991  -38.425  -41.452  -9.866 0.6999999881
51981  -31.811  -40.315  -7.155 0.3000000119
131507  -38.024  -40.035  -11.281 0.6999999881
52023  -38.670  -39.982  -10.680 0.6999999881
54070  -37.870  -38.770  -11.787 0.6999999881
53035  -39.117  -39.008  -10.761 0.6999999881
56211  -35.044  -36.296  -14.253 0.8000000119
131893  -36.675  -37.530  -12.628 0.6999999881
54071  -38.636  -38.389  -11.554 0.6999999881
134486  -37.715  -37.279  -12.398 0.6999999881
55159  -38.616  -36.957  -12.129 0.6999999881
55195  -36.673  -36.596  -16.710 0.8000000119
156034  -36.670  -36.185  -15.686 0.8000000119
55167  -36.074  -36.711  -13.403 0.6999999881
131041  -38.824  -36.516  -12.793 0.6999999881
55184  -36.404  -36.624  -15.509 0.8000000119
56217  -36.059  -36.284  -14.881 0.8000000119
56221  -36.802  -35.985  -15.497 0.8000000119
56218  -36.738  -36.208  -14.716 0.8000000119
56213  -38.268  -36.402  -13.615 0.8000000119
57301  -39.531  -35.508  -13.962 0.6999999881
56256  -35.710  -37.357  -18.400 0.8000000119
156407  -36.815  -35.853  -16.389 0.8000000119
57321  -37.695  -35.094  -17.002 0.8000000119
57312  -38.722  -34.986  -16.032 0.8000000119
56255  -34.534  -37.733  -18.903 0.8000000119
57342  -35.723  -35.500  -18.217 0.8000000119
57310  -36.959  -35.452  -17.061 0.8000000119
58428  -38.373  -34.593  -16.765 0.8000000119
55219  -33.720  -38.329  -19.553 0.8000000119
57341  -34.515  -35.856  -18.594 0.8000000119
58443  -36.441  -34.592  -17.839 0.8000000119
58444  -37.355  -34.227  -17.566 0.8000000119
58445  -38.081  -33.975  -17.256 0.8000000119
56253  -32.302  -37.568  -19.379 0.8000000119
59478  -36.080  -33.898  -18.206 0.8000000119
56271  -31.861  -37.744  -19.788 0.8000000119
57375  -37.565  -35.558  -20.698 0.5000000000
57374  -36.662  -35.362  -20.661 0.6000000238
57358  -31.495  -36.079  -19.439 0.8000000119
57371  -31.737  -36.634  -20.091 0.8000000119
58494  -36.299  -34.608  -20.644 0.6000000238
58493  -35.178  -34.852  -20.750 0.6000000238
59522  -35.807  -33.877  -20.711 0.6000000238
130494  -34.918  -43.143  -6.456 0.6999999881
48868  -34.850  -43.918  -6.576 0.6999999881
49880  -33.294  -42.498  -6.719 0.6000000238
49849  -36.113  -42.299  -6.731 0.6999999881
50951  -37.169  -41.767  -7.141 0.6999999881
49883  -37.546  -42.314  -7.534 0.6999999881
50971  -35.186  -41.592  -6.474 0.5000000000
51960  -36.752  -41.480  -6.895 0.6999999881
131263  -32.914  -41.160  -6.810 0.4000000060
151010  -33.217  -40.416  -6.772 0.4000000060
51983  -33.658  -41.042  -6.619 0.5000000000
144055  -38.329  -41.447  -8.243 0.6999999881
52011  -38.742  -40.671  -9.402 0.6999999881
52990  -32.244  -39.683  -7.189 0.3000000119
52991  -33.516  -39.606  -6.781 0.3000000119
51984  -34.053  -40.230  -6.560 0.5000000000
52001  -38.957  -40.129  -8.787 0.6999999881
52024  -39.009  -40.239  -10.014 0.6999999881
52989  -31.505  -39.561  -7.511 0.3000000119
54034  -33.679  -38.714  -6.969 0.3000000119
53024  -39.299  -39.624  -10.070 0.6999999881
134606  -32.998  -38.274  -7.355 0.3000000119
55146  -39.979  -37.692  -10.604 0.6999999881
56212  -37.021  -36.455  -13.726 0.8000000119
56206  -37.853  -36.694  -12.836 0.6999999881
55151  -39.084  -37.613  -11.627 0.6999999881
56214  -39.152  -36.131  -13.529 0.6999999881
57297  -39.644  -35.612  -13.301 0.6999999881
135224  -37.731  -36.254  -14.374 0.6999999881
58412  -39.513  -35.257  -14.742 0.8000000119
150292  -36.267  -36.635  -17.939 0.8000000119
58419  -39.424  -34.774  -15.487 0.8000000119
138879  -35.135  -36.638  -18.595 0.8000000119
149974  -37.785  -34.568  -17.252 0.8000000119
59464  -38.717  -33.758  -16.728 0.8000000119
58462  -33.396  -35.406  -18.573 0.8000000119
57340  -32.910  -36.567  -18.847 0.8000000119
153057  -36.856  -33.850  -17.862 0.8000000119
60446  -36.679  -33.063  -18.008 0.8000000119
59480  -38.335  -33.078  -17.159 0.8000000119
57338  -31.495  -35.574  -18.915 0.8000000119
133881  -32.254  -35.894  -18.762 0.8000000119
134672  -35.058  -34.045  -18.484 0.8000000119
59495  -35.541  -33.174  -18.412 0.8000000119
60447  -37.565  -32.572  -17.538 0.8000000119
59519  -31.848  -34.732  -20.027 0.8000000119
49882  -34.705  -42.400  -6.445 0.6000000238
49848  -35.534  -42.189  -6.518 0.6000000238
51982  -32.498  -40.452  -6.961 0.3000000119
51959  -36.114  -41.272  -6.684 0.6000000238
138041  -34.552  -40.917  -6.517 0.5000000000
51969  -36.664  -40.944  -6.818 0.6999999881
51970  -37.149  -41.128  -7.043 0.6999999881
51988  -38.188  -40.219  -7.717 0.6999999881
52993  -35.687  -39.511  -6.627 0.6000000238
52995  -37.515  -39.685  -7.130 0.6999999881
51987  -37.604  -40.671  -7.366 0.6999999881
53008  -38.747  -39.813  -8.229 0.6999999881
54033  -32.069  -38.739  -7.501 0.3000000119
135854  -34.986  -36.969  -7.304 0.3000000119
52997  -39.008  -38.974  -8.132 0.6999999881
53009  -39.260  -39.460  -8.739 0.6999999881
56186  -33.022  -36.096  -8.106 0.3000000119
57231  -33.829  -35.944  -8.013 0.3000000119
56164  -34.322  -36.602  -7.578 0.3000000119
145789  -35.139  -36.317  -7.506 0.3000000119
58362  -32.911  -34.861  -9.049 0.3000000119
55152  -39.616  -37.462  -11.187 0.6999999881
55160  -39.445  -36.898  -11.574 0.6999999881
58413  -39.986  -34.418  -14.732 0.8000000119
59465  -39.302  -33.456  -16.213 0.8000000119
150797  -38.906  -33.103  -16.617 0.8000000119
58463  -34.563  -34.833  -18.517 0.8000000119
138464  -33.752  -34.376  -18.563 0.8000000119
59494  -34.228  -33.413  -18.598 0.8000000119
60466  -35.950  -32.272  -18.263 0.8000000119
136510  -36.806  -32.070  -17.813 0.8000000119
58478  -31.107  -35.311  -19.083 0.8000000119
60465  -34.691  -32.358  -18.487 0.8000000119
58490  -31.225  -35.078  -19.394 0.8000000119
59518  -31.119  -34.073  -19.449 0.6999999881
146315  -32.451  -33.656  -20.190 0.6000000238
51985  -36.117  -40.390  -6.700 0.6000000238
54037  -37.736  -38.676  -7.208 0.6000000238
52996  -38.284  -39.294  -7.674 0.6999999881
131476  -35.363  -37.638  -6.852 0.4000000060
131475  -37.128  -38.023  -6.897 0.6000000238
54038  -38.523  -38.428  -7.637 0.6999999881
132281  -37.289  -37.208  -7.099 0.4000000060
54039  -39.246  -38.117  -7.958 0.6999999881
54051  -39.559  -38.543  -8.692 0.6999999881
54057  -39.809  -38.484  -9.542 0.6999999881
58345  -35.737  -34.896  -7.900 0.3000000119
56167  -38.193  -36.886  -7.382 0.4000000060
55120  -39.340  -37.397  -7.886 0.6000000238
55141  -40.429  -36.746  -9.423 0.6999999881
54058  -40.212  -37.859  -9.901 0.6999999881
56202  -39.965  -36.335  -11.444 0.6999999881
57287  -40.673  -35.473  -10.452 0.6999999881
131975  -40.505  -35.125  -12.101 0.6999999881
58404  -40.451  -34.725  -12.923 0.6999999881
57305  -38.814  -35.459  -15.326 0.8000000119
58429  -39.107  -34.263  -16.164 0.8000000119
59449  -39.737  -33.845  -15.529 0.8000000119
59479  -37.532  -33.484  -17.587 0.8000000119
61346  -38.938  -31.917  -16.423 0.8000000119
61358  -36.796  -31.226  -17.759 0.8000000119
59492  -31.145  -34.228  -18.641 0.8000000119
60464  -33.061  -32.816  -18.634 0.8000000119
61377  -35.455  -31.504  -18.311 0.8000000119
61376  -33.478  -31.907  -18.442 0.8000000119
59521  -34.701  -33.877  -20.659 0.6000000238
59491  -30.913  -34.408  -18.860 0.8000000119
139957  -33.399  -32.666  -20.516 0.6000000238
154221  -30.790  -32.658  -19.166 0.6999999881
61396  -31.262  -32.075  -19.522 0.6999999881
131741  -36.203  -38.985  -6.681 0.6000000238
132612  -36.977  -38.878  -6.712 0.6000000238
56166  -36.604  -36.618  -7.085 0.3000000119
147699  -36.091  -35.430  -7.520 0.3000000119
142898  -37.387  -36.500  -7.237 0.3000000119
57236  -38.693  -36.225  -7.576 0.5000000000
57235  -37.917  -35.986  -7.448 0.3000000119
57260  -38.623  -35.381  -7.705 0.5000000000
55134  -40.156  -36.914  -8.805 0.6999999881
59380  -35.023  -33.716  -9.077 0.3000000119
58366  -36.231  -34.245  -8.190 0.3000000119
150508  -40.495  -34.936  -8.850 0.4000000060
56200  -40.522  -36.185  -9.854 0.6999999881
60345  -35.502  -33.027  -9.324 0.3000000119
141231  -40.787  -34.302  -12.211 0.6000000238
58401  -41.151  -33.784  -11.602 0.6000000238
58408  -40.392  -34.396  -13.817 0.8000000119
59428  -40.760  -33.907  -13.028 0.6999999881
58405  -41.075  -33.580  -12.376 0.6000000238
58420  -40.176  -33.706  -14.884 0.8000000119
59433  -40.695  -33.525  -13.789 0.6999999881
59429  -41.196  -32.913  -13.055 0.6999999881
140344  -39.347  -32.633  -16.224 0.8000000119
59450  -40.093  -33.122  -15.190 0.8000000119
61337  -39.955  -31.687  -15.212 0.6999999881
134986  -40.349  -32.371  -14.699 0.6999999881
60402  -41.105  -32.374  -13.583 0.6999999881
60448  -38.254  -32.033  -16.995 0.8000000119
61336  -39.518  -31.823  -15.921 0.8000000119
152359  -39.636  -31.194  -15.619 0.6999999881
61359  -37.490  -31.644  -17.414 0.8000000119
61345  -38.558  -31.359  -16.592 0.8000000119
139590  -39.178  -31.082  -16.197 0.6999999881
62281  -39.651  -30.510  -15.707 0.6999999881
58461  -32.129  -34.914  -18.628 0.8000000119
59493  -32.581  -33.822  -18.620 0.8000000119
61378  -36.215  -31.534  -18.093 0.8000000119
61360  -37.967  -31.136  -16.899 0.8000000119
136912  -34.999  -30.861  -18.316 0.8000000119
149645  -36.770  -30.561  -17.723 0.8000000119
143109  -31.441  -33.304  -18.628 0.8000000119
145159  -33.851  -31.081  -18.402 0.8000000119
137170  -35.454  -30.165  -18.224 0.8000000119
149056  -30.874  -33.643  -18.812 0.8000000119
153530  -30.840  -32.670  -18.868 0.8000000119
60462  -30.625  -31.863  -18.915 0.6999999881
60483  -33.769  -33.438  -20.599 0.6000000238
142254  -34.479  -31.319  -20.671 0.6000000238
60473  -30.802  -33.250  -18.963 0.8000000119
62334  -31.229  -30.645  -19.509 0.6999999881
57237  -39.433  -36.023  -7.859 0.5000000000
56188  -40.138  -36.041  -8.376 0.5000000000
58346  -36.605  -34.942  -7.686 0.3000000119
58368  -38.934  -34.660  -7.944 0.4000000060
57262  -40.080  -35.170  -8.381 0.5000000000
57282  -40.664  -35.328  -9.474 0.6000000238
59383  -37.816  -33.666  -8.173 0.3000000119
58389  -40.716  -34.304  -9.328 0.5000000000
58397  -40.968  -34.644  -10.194 0.6000000238
145742  -37.445  -32.982  -8.535 0.3000000119
60349  -39.225  -32.934  -8.476 0.3000000119
58390  -41.085  -33.936  -9.984 0.6000000238
58398  -41.202  -33.940  -10.732 0.6000000238
60360  -35.256  -32.406  -9.818 0.3000000119
60362  -36.852  -31.905  -9.409 0.3000000119
60350  -40.036  -32.809  -8.643 0.3000000119
59424  -41.355  -32.991  -11.964 0.6000000238
60374  -34.972  -31.870  -10.311 0.3000000119
61323  -40.538  -31.444  -14.605 0.6999999881
148421  -38.585  -29.811  -16.786 0.6999999881
137377  -39.179  -30.169  -16.295 0.6999999881
63417  -37.229  -29.962  -17.502 0.6999999881
134249  -36.344  -30.070  -17.897 0.8000000119
147819  -36.585  -29.383  -17.794 0.6999999881
61375  -32.443  -31.405  -18.419 0.8000000119
62320  -32.933  -30.497  -18.377 0.6999999881
136840  -34.359  -30.261  -18.390 0.8000000119
150582  -35.868  -29.608  -18.129 0.6000000238
62337  -35.175  -30.699  -20.542 0.6000000238
141781  -31.170  -31.734  -18.667 0.6999999881
150747  -30.745  -31.278  -18.863 0.6999999881
61374  -31.552  -30.976  -18.510 0.6999999881
145136  -31.899  -31.174  -20.229 0.6999999881
62335  -33.007  -30.470  -20.568 0.6999999881
62329  -30.686  -30.989  -18.987 0.6999999881
67791  -30.256  -25.445  -18.713 0.5000000000
149381  -30.136  -25.695  -19.107 0.5000000000
59405  -41.312  -33.305  -10.251 0.6000000238
59417  -41.404  -33.163  -11.079 0.6000000238
60375  -41.454  -32.564  -10.539 0.6000000238
61303  -41.478  -31.349  -12.468 0.6000000238
61324  -41.075  -31.136  -13.948 0.6999999881
62258  -41.351  -30.822  -13.088 0.6999999881
62269  -40.719  -30.578  -14.618 0.6999999881
62224  -33.668  -30.640  -11.919 0.3000000119
63390  -39.706  -29.680  -15.803 0.6999999881
62282  -40.217  -30.106  -15.217 0.6999999881
63431  -34.977  -29.431  -18.312 0.6999999881
63418  -38.020  -29.503  -17.283 0.6999999881
64562  -38.592  -28.983  -16.986 0.6000000238
147262  -37.399  -29.106  -17.528 0.6999999881
60463  -31.984  -32.294  -18.617 0.6999999881
63430  -33.600  -29.578  -18.405 0.6999999881
146183  -34.294  -28.858  -18.385 0.6000000238
62319  -31.891  -30.186  -18.488 0.6999999881
62336  -34.119  -30.565  -20.674 0.6000000238
63437  -30.914  -29.976  -19.035 0.6999999881
64596  -30.523  -28.571  -18.993 0.6999999881
157545  -31.367  -28.843  -19.669 0.6999999881
137597  -31.602  -28.064  -19.944 0.6000000238
144640  -41.318  -32.071  -10.066 0.5000000000
61266  -41.194  -31.341  -9.944 0.4000000060
136838  -41.520  -31.765  -10.675 0.5000000000
144807  -41.578  -31.350  -11.552 0.6000000238
62227  -41.527  -30.350  -11.288 0.5000000000
62245  -41.528  -30.582  -12.181 0.6000000238
144318  -41.471  -29.925  -12.819 0.6000000238
62243  -33.222  -30.145  -12.300 0.3000000119
62225  -34.418  -30.485  -11.730 0.3000000119
63383  -40.770  -29.705  -14.655 0.6999999881
64549  -39.750  -28.790  -15.874 0.6000000238
63391  -40.293  -29.251  -15.269 0.6000000238
63404  -39.175  -29.287  -16.405 0.6000000238
63432  -35.900  -28.950  -18.104 0.6000000238
64577  -38.416  -28.158  -17.217 0.6000000238
148470  -32.696  -29.910  -18.424 0.6999999881
64590  -35.144  -28.506  -18.303 0.6000000238
64575  -36.755  -28.596  -17.781 0.6000000238
133322  -33.304  -28.721  -18.357 0.6999999881
65718  -34.189  -27.977  -18.397 0.6000000238
63427  -30.827  -29.099  -18.769 0.6999999881
132787  -32.327  -28.938  -20.120 0.6999999881
64604  -34.421  -29.127  -20.546 0.5000000000
132412  -33.402  -29.050  -20.537 0.6000000238
65734  -33.605  -27.527  -20.505 0.5000000000
65714  -30.578  -28.146  -18.859 0.6000000238
65733  -32.375  -27.384  -20.344 0.5000000000
64603  -30.756  -28.342  -19.300 0.5000000000
155878  -31.215  -27.182  -19.865 0.5000000000
143271  -31.163  -25.789  -19.884 0.5000000000
68738  -30.849  -24.564  -19.164 0.5000000000
62206  -41.153  -30.623  -10.089 0.4000000060
61278  -41.442  -30.905  -10.630 0.4000000060
62216  -41.298  -30.112  -10.501 0.4000000060
63312  -38.862  -29.847  -9.708 0.4000000060
63338  -34.674  -29.863  -11.990 0.3000000119
63339  -35.332  -29.468  -11.763 0.3000000119
63322  -36.499  -29.568  -10.841 0.3000000119
63384  -41.135  -29.308  -14.109 0.6000000238
65648  -34.913  -27.540  -12.381 0.3000000119
64550  -40.395  -28.353  -15.308 0.6000000238
65687  -38.921  -27.613  -16.931 0.5000000000
64591  -36.048  -28.095  -18.041 0.6000000238
65703  -37.013  -27.688  -17.779 0.6000000238
65719  -35.269  -27.602  -18.284 0.6000000238
143001  -37.839  -27.680  -17.459 0.6000000238
65720  -36.155  -27.250  -18.070 0.6000000238
64589  -32.155  -28.446  -18.346 0.6999999881
144620  -34.483  -27.066  -18.377 0.6000000238
64588  -31.170  -27.926  -18.533 0.6999999881
66800  -30.062  -26.958  -18.587 0.5000000000
66806  -30.345  -26.496  -19.268 0.5000000000
68706  -30.668  -24.748  -18.892 0.5000000000
63313  -39.838  -29.914  -9.596 0.4000000060
63341  -41.441  -29.492  -11.029 0.4000000060
63326  -41.093  -29.341  -10.356 0.4000000060
142035  -41.540  -29.707  -11.889 0.5000000000
64482  -40.692  -28.590  -10.292 0.4000000060
63374  -41.378  -29.250  -13.382 0.5000000000
64496  -35.637  -28.738  -12.041 0.3000000119
134962  -36.283  -28.334  -11.759 0.3000000119
154366  -36.549  -28.601  -11.393 0.4000000060
64542  -41.269  -28.588  -13.901 0.4000000060
146404  -36.203  -26.827  -12.107 0.3000000119
65600  -37.848  -27.687  -10.886 0.4000000060
140158  -39.851  -27.886  -15.920 0.5000000000
64541  -40.815  -28.850  -14.640 0.6000000238
65688  -39.418  -27.379  -16.464 0.5000000000
65705  -38.426  -27.303  -17.279 0.5000000000
65721  -36.870  -26.926  -17.864 0.6000000238
66766  -39.155  -26.067  -17.081 0.5000000000
66786  -35.394  -26.748  -18.297 0.6000000238
67776  -35.534  -25.905  -18.330 0.6000000238
66784  -31.886  -26.786  -18.447 0.6000000238
153915  -33.931  -26.698  -18.378 0.6000000238
65716  -30.739  -27.070  -18.559 0.5000000000
157913  -30.142  -26.727  -18.605 0.5000000000
66782  -30.523  -25.771  -18.534 0.5000000000
67773  -30.725  -25.158  -18.710 0.5000000000
70610  -31.255  -23.114  -19.270 0.5000000000
143165  -31.251  -23.115  -19.605 0.5000000000
63325  -40.364  -29.256  -9.906 0.4000000060
130758  -41.469  -28.871  -11.635 0.4000000060
64483  -41.279  -28.706  -10.889 0.4000000060
64524  -41.497  -28.262  -12.236 0.4000000060
63363  -41.504  -29.079  -12.498 0.4000000060
65603  -40.985  -27.948  -10.788 0.4000000060
150724  -41.525  -27.775  -12.764 0.4000000060
65668  -41.424  -27.763  -13.536 0.4000000060
65649  -35.459  -26.878  -12.412 0.3000000119
66736  -40.460  -26.752  -15.469 0.4000000060
65667  -40.983  -27.834  -14.539 0.5000000000
150270  -34.491  -26.160  -12.637 0.3000000119
138614  -39.577  -26.525  -16.481 0.4000000060
66764  -37.793  -26.059  -17.512 0.5000000000
67756  -39.232  -25.224  -17.183 0.4000000060
66787  -36.344  -26.407  -18.143 0.6000000238
66788  -37.130  -26.345  -17.823 0.5000000000
148591  -38.551  -25.647  -17.401 0.5000000000
66785  -34.472  -26.212  -18.356 0.6000000238
67777  -36.439  -25.565  -18.192 0.5000000000
68711  -37.103  -24.974  -17.986 0.5000000000
143636  -31.660  -26.018  -18.444 0.5000000000
142250  -33.157  -26.300  -18.406 0.6000000238
138829  -34.774  -25.211  -18.322 0.6000000238
131862  -35.700  -25.188  -18.311 0.6000000238
67775  -33.653  -25.505  -18.355 0.6000000238
67774  -31.542  -25.305  -18.523 0.5000000000
69647  -31.675  -23.564  -18.713 0.5000000000
155022  -31.329  -21.671  -20.301 0.5000000000
142249  -32.654  -24.955  -18.436 0.5000000000
69572  -32.417  -23.376  -12.563 0.3000000119
69574  -34.095  -23.682  -12.259 0.4000000060
70530  -34.630  -23.093  -11.904 0.4000000060
68709  -35.439  -24.477  -18.344 0.5000000000
70528  -32.864  -22.560  -12.535 0.4000000060
149308  -34.629  -24.370  -18.362 0.5000000000
69643  -36.643  -23.157  -17.750 0.5000000000
70602  -37.280  -22.643  -17.291 0.5000000000
69649  -33.926  -23.748  -18.386 0.5000000000
69641  -35.538  -22.811  -17.729 0.5000000000
68707  -32.707  -24.123  -18.493 0.5000000000
69648  -32.829  -23.271  -18.591 0.6000000238
71630  -31.296  -21.560  -19.995 0.5000000000
70624  -31.411  -22.189  -19.574 0.6000000238
70625  -32.102  -22.062  -19.301 0.5000000000
71631  -31.729  -21.427  -19.735 0.6000000238
73600  -32.092  -20.230  -20.514 0.4000000060
137676  -34.471  -22.290  -11.959 0.4000000060
140729  -36.042  -22.754  -11.282 0.4000000060
139499  -35.039  -23.671  -18.258 0.5000000000
132757  -34.560  -22.946  -18.031 0.5000000000
70613  -34.178  -22.456  -18.291 0.5000000000
146293  -34.580  -21.892  -18.069 0.5000000000
71618  -35.153  -21.579  -17.740 0.5000000000
70611  -31.848  -22.727  -18.905 0.5000000000
70612  -33.096  -22.446  -18.847 0.5000000000
73601  -32.592  -19.495  -20.498 0.4000000060
71633  -33.708  -20.921  -19.311 0.5000000000
72603  -32.401  -20.578  -19.887 0.5000000000
71515  -35.762  -21.881  -11.327 0.4000000060
72504  -32.685  -20.559  -12.755 0.4000000060
70614  -34.904  -22.268  -17.702 0.5000000000
71602  -36.966  -21.869  -16.870 0.4000000060
71616  -33.938  -21.791  -18.825 0.4000000060
151466  -34.397  -20.407  -19.175 0.4000000060
133034  -33.490  -19.967  -19.684 0.5000000000
73602  -33.593  -19.053  -19.947 0.3000000119
71601  -36.300  -21.561  -17.063 0.4000000060
72593  -35.073  -20.226  -18.678 0.4000000060
73603  -34.613  -18.748  -19.423 0.5000000000
74674  -34.852  -17.869  -19.524 0.4000000060
76712  -34.408  -15.395  -21.325 0.4000000060
73592  -34.498  -19.638  -19.303 0.4000000060
74652  -36.619  -18.368  -17.928 0.4000000060
75727  -35.294  -17.029  -19.554 0.4000000060
76699  -34.726  -16.152  -20.392 0.4000000060
140543  -35.214  -15.194  -20.701 0.4000000060
77718  -34.638  -14.400  -21.838 0.4000000060
74665  -36.129  -18.317  -18.434 0.4000000060
75714  -35.738  -17.762  -18.874 0.3000000119
75715  -36.169  -17.016  -18.830 0.4000000060
75700  -36.914  -17.771  -17.864 0.4000000060
74653  -37.235  -18.235  -17.436 0.4000000060
76700  -35.813  -16.041  -19.540 0.4000000060
77719  -35.523  -14.052  -21.256 0.4000000060
136297  -36.431  -17.747  -18.354 0.3000000119
76689  -36.696  -16.291  -18.639 0.4000000060
77690  -36.585  -15.361  -19.282 0.5000000000
76690  -36.838  -17.109  -18.171 0.4000000060
76673  -37.329  -16.493  -17.918 0.4000000060
45765  -25.680  -46.259  -16.210 0.6999999881
35544  -24.460  -56.083  -11.281 0.6000000238
40040  -32.872  -52.059  -11.094 0.6999999881
44717  -33.163  -47.577  -14.300 0.8000000119
40005  -31.361  -51.471  -9.889 0.6000000238
45750  -34.128  -46.146  -13.124 0.8000000119
41295  -23.810  -49.864  -11.972 0.4000000060
49950  -32.212  -41.131  -15.201 0.8000000119
42478  -32.896  -49.100  -8.745 0.6000000238
44671  -27.070  -46.197  -11.444 0.5000000000
44646  -35.811  -47.774  -9.071 0.8000000119
44641  -31.175  -46.887  -9.325 0.6000000238
138266  -28.704  -46.625  -7.851 0.5000000000
46794  -35.294  -45.697  -7.165 0.6999999881
47860  -37.198  -44.021  -7.837 0.6999999881
48831  -35.570  -42.713  -6.563 0.6999999881
50972  -37.648  -41.490  -7.460 0.6999999881
135674  -39.982  -35.820  -12.072 0.6999999881
56168  -39.075  -36.828  -7.680 0.6000000238
57289  -40.441  -35.629  -11.328 0.6999999881
131253  -36.255  -38.241  -6.698 0.6000000238
57261  -39.412  -35.221  -8.038 0.5000000000
61265  -40.904  -32.029  -9.498 0.4000000060
64563  -39.177  -28.304  -16.572 0.6000000238
72594  -35.409  -20.773  -17.996 0.4000000060
42609  -27.587  -49.322  -18.825 0.5000000000
43725  -29.587  -48.138  -18.603 0.5000000000
41345  -25.561  -49.673  -16.742 0.6999999881
137524  -31.342  -46.755  -18.470 0.5000000000
34420  -26.274  -57.121  -11.921 0.5000000000
46897  -31.209  -45.410  -17.664 0.6999999881
42568  -30.812  -49.434  -14.914 0.6999999881
45767  -27.624  -45.879  -15.757 0.6999999881
48969  -27.586  -42.534  -16.811 0.6999999881
46883  -32.459  -45.214  -16.906 0.6999999881
45772  -36.082  -46.288  -15.867 0.5000000000
46869  -34.732  -45.424  -15.536 0.6000000238
46852  -37.046  -45.015  -14.934 0.5000000000
37691  -27.554  -53.787  -10.228 0.6000000238
47941  -33.423  -44.354  -15.526 0.6999999881
37693  -29.359  -54.194  -10.462 0.6000000238
44730  -31.887  -47.249  -15.348 0.6999999881
47962  -38.815  -44.947  -17.018 0.4000000060
41306  -34.148  -50.394  -12.530 0.8000000119
38828  -26.517  -52.767  -10.236 0.6000000238
48944  -32.732  -42.386  -15.188 0.8000000119
43651  -34.088  -48.711  -13.337 0.6999999881
37712  -23.140  -53.950  -11.790 0.5000000000
149849  -33.039  -45.736  -13.920 0.8000000119
47943  -37.950  -44.368  -15.427 0.5000000000
41286  -34.423  -50.239  -10.671 0.6999999881
49966  -37.666  -43.105  -15.090 0.6999999881
154192  -38.592  -43.208  -16.926 0.6000000238
42512  -34.881  -49.329  -10.729 0.6999999881
41282  -28.643  -50.286  -10.371 0.6000000238
51025  -30.827  -40.279  -13.940 0.8999999762
51035  -31.682  -39.754  -15.218 0.8000000119
143251  -38.415  -42.495  -17.064 0.6000000238
145477  -26.015  -51.128  -10.539 0.5000000000
41278  -25.247  -50.644  -10.763 0.5000000000
40039  -24.274  -51.810  -11.470 0.5000000000
40038  -23.581  -51.011  -12.031 0.4000000060
49941  -31.712  -42.393  -13.166 0.8999999762
133887  -35.734  -40.928  -14.298 0.8000000119
42479  -33.803  -49.049  -8.698 0.6000000238
43591  -35.353  -48.424  -9.394 0.8000000119
42505  -25.495  -49.587  -10.817 0.5000000000
49932  -33.836  -42.485  -12.327 0.8000000119
52086  -37.950  -40.933  -17.679 0.6999999881
54157  -37.666  -39.069  -20.807 0.6000000238
44684  -25.951  -46.223  -11.532 0.5000000000
42510  -29.397  -48.527  -10.681 0.5000000000
46816  -36.858  -45.960  -9.801 0.6999999881
43571  -32.215  -48.153  -8.743 0.6000000238
45718  -27.475  -45.709  -11.107 0.5000000000
45720  -29.122  -46.533  -10.452 0.6000000238
44685  -27.815  -45.916  -11.200 0.5000000000
157374  -30.463  -48.035  -10.357 0.5000000000
44639  -26.829  -47.731  -8.340 0.6000000238
44659  -26.840  -47.080  -9.598 0.6000000238
44672  -28.018  -46.853  -11.197 0.5000000000
44660  -29.962  -46.876  -10.086 0.6000000238
43601  -28.785  -47.706  -10.928 0.5000000000
44675  -30.366  -47.538  -10.244 0.5000000000
47849  -25.886  -45.254  -7.489 0.4000000060
47886  -37.186  -44.443  -10.440 0.6999999881
149812  -33.088  -38.417  -14.620 0.8999999762
45692  -30.097  -46.471  -8.800 0.6000000238
45710  -30.436  -46.654  -9.519 0.6000000238
46788  -28.825  -45.882  -7.226 0.4000000060
46790  -30.585  -45.743  -7.235 0.5000000000
48864  -28.025  -43.749  -7.078 0.4000000060
157402  -29.539  -44.396  -6.641 0.5000000000
47853  -30.045  -45.075  -6.794 0.5000000000
51020  -35.596  -41.210  -11.915 0.6999999881
46793  -34.305  -45.870  -7.201 0.6999999881
45673  -31.935  -46.044  -7.843 0.6999999881
155660  -32.812  -45.433  -7.470 0.6999999881
46791  -31.445  -45.516  -7.336 0.6000000238
152111  -37.952  -42.711  -9.812 0.6999999881
54149  -34.595  -39.656  -19.942 0.8000000119
137703  -32.473  -44.305  -7.163 0.6000000238
47857  -33.744  -44.906  -7.068 0.6999999881
50949  -30.199  -41.659  -6.414 0.3000000119
133210  -36.626  -41.056  -11.627 0.6999999881
141969  -38.534  -40.761  -10.306 0.6999999881
54137  -34.884  -39.419  -19.340 0.8999999762
55245  -33.411  -38.418  -20.101 0.8000000119
55235  -33.347  -38.473  -19.947 0.8000000119
56287  -33.930  -36.901  -20.735 0.6000000238
143154  -35.940  -36.064  -20.778 0.6000000238
130655  -35.026  -35.942  -20.839 0.6000000238
57372  -32.823  -36.797  -20.411 0.8000000119
48865  -32.021  -43.621  -6.728 0.6000000238
48869  -35.681  -43.409  -6.678 0.6999999881
52037  -37.409  -40.478  -11.476 0.6999999881
54079  -37.690  -37.918  -11.952 0.6999999881
56254  -33.616  -37.392  -19.072 0.8000000119
56285  -31.811  -37.693  -20.070 0.8000000119
49893  -37.868  -42.666  -8.121 0.6999999881
53034  -38.350  -39.334  -11.370 0.6999999881
54080  -38.317  -37.565  -11.891 0.6999999881
54072  -39.432  -38.145  -11.085 0.6999999881
56207  -39.392  -36.439  -12.088 0.6999999881
57304  -37.448  -35.670  -16.003 0.8000000119
56222  -37.784  -35.886  -15.204 0.8000000119
139711  -38.040  -35.268  -16.446 0.8000000119
49884  -38.122  -41.916  -7.845 0.6999999881
156833  -32.846  -39.863  -6.944 0.3000000119
52000  -38.531  -40.676  -8.410 0.6999999881
133847  -32.891  -39.149  -7.152 0.3000000119
130686  -35.059  -40.165  -6.543 0.5000000000
52992  -34.535  -39.269  -6.628 0.4000000060
53016  -39.548  -39.203  -9.370 0.6999999881
54064  -39.731  -38.402  -10.338 0.6999999881
55115  -32.375  -37.738  -7.692 0.3000000119
131837  -40.357  -36.283  -10.687 0.6999999881
52994  -36.628  -39.653  -6.773 0.6000000238
56165  -35.714  -36.815  -7.081 0.3000000119
138793  -35.953  -36.065  -7.298 0.3000000119
55140  -39.952  -37.781  -9.122 0.6999999881
57232  -34.608  -35.787  -7.909 0.3000000119
57233  -35.381  -35.587  -7.710 0.3000000119
60482  -31.633  -32.911  -19.720 0.6999999881
55118  -37.937  -37.809  -7.326 0.6000000238
55119  -38.785  -37.594  -7.578 0.6000000238
55133  -39.650  -37.583  -8.404 0.6999999881
157650  -40.302  -37.305  -9.465 0.6999999881
55147  -40.397  -37.074  -10.141 0.6999999881
58400  -40.895  -34.722  -11.238 0.6000000238
62306  -37.382  -30.801  -17.397 0.8000000119
62321  -36.040  -30.812  -18.130 0.8000000119
61397  -32.576  -31.967  -20.252 0.6000000238
150306  -33.761  -31.834  -20.637 0.6000000238
57234  -36.863  -35.777  -7.313 0.3000000119
133149  -36.396  -37.403  -6.857 0.5000000000
58347  -37.577  -35.136  -7.623 0.3000000119
156365  -40.441  -35.531  -8.777 0.5000000000
59382  -36.755  -33.450  -8.429 0.3000000119
59441  -40.438  -33.229  -14.485 0.8000000119
137110  -41.502  -32.146  -12.284 0.6000000238
63403  -38.554  -30.637  -16.624 0.6999999881
63442  -31.610  -29.677  -19.719 0.6999999881
142269  -38.189  -34.501  -7.911 0.3000000119
60347  -36.805  -32.647  -8.939 0.3000000119
61260  -35.592  -31.886  -10.061 0.3000000119
61262  -37.283  -31.245  -9.437 0.3000000119
60387  -41.549  -32.341  -11.355 0.6000000238
61312  -41.282  -31.828  -13.229 0.6000000238
157135  -30.968  -30.120  -18.922 0.6999999881
62318  -31.288  -29.718  -18.612 0.6999999881
62270  -41.179  -30.108  -13.835 0.6999999881
64576  -37.596  -28.341  -17.506 0.6000000238
63428  -31.294  -28.832  -18.522 0.6999999881
63444  -33.759  -29.825  -20.610 0.5000000000
62205  -40.795  -30.786  -9.691 0.4000000060
133405  -33.070  -27.983  -18.379 0.6000000238
139181  -33.325  -27.201  -18.408 0.6000000238
133577  -32.932  -28.226  -20.417 0.6000000238
67798  -32.152  -24.998  -20.300 0.4000000060
63314  -40.739  -30.070  -9.876 0.4000000060
63324  -38.426  -29.226  -10.175 0.4000000060
63340  -36.135  -29.087  -11.533 0.3000000119
64522  -34.269  -28.271  -12.398 0.3000000119
65616  -35.781  -27.768  -12.168 0.3000000119
65676  -40.442  -27.466  -15.363 0.5000000000
66747  -39.035  -26.905  -16.970 0.5000000000
65704  -37.657  -26.922  -17.552 0.5000000000
65717  -32.019  -27.593  -18.389 0.5000000000
64533  -41.485  -28.460  -13.054 0.4000000060
64497  -37.018  -28.081  -11.200 0.4000000060
66681  -36.959  -26.630  -11.699 0.4000000060
65675  -39.951  -27.021  -15.905 0.5000000000
65658  -41.590  -27.044  -12.986 0.4000000060
66748  -40.251  -26.141  -15.928 0.4000000060
67755  -37.844  -25.272  -17.653 0.5000000000
68708  -33.774  -24.677  -18.354 0.6000000238
69573  -33.248  -23.476  -12.420 0.3000000119
69565  -35.482  -23.394  -11.616 0.4000000060
70522  -35.200  -22.487  -11.628 0.4000000060
73593  -35.291  -19.358  -18.723 0.4000000060
136590  -36.090  -19.063  -18.109 0.4000000060
156711  -35.948  -15.024  -20.130 0.4000000060
75701  -37.440  -17.364  -17.520 0.4000000060
77706  -36.299  -14.318  -20.140 0.3000000119
37754  -30.807  -53.634  -15.505 0.5000000000
151966  -30.830  -52.708  -16.560 0.5000000000
35583  -27.821  -55.001  -14.898 0.4000000060
35584  -28.167  -54.318  -14.510 0.5000000000
141287  -29.226  -54.107  -14.688 0.5000000000
37747  -29.475  -53.428  -14.752 0.5000000000
38888  -29.643  -52.165  -15.267 0.6000000238
40080  -29.367  -51.456  -15.615 0.6000000238
36655  -27.855  -53.624  -14.083 0.5000000000
36654  -27.559  -53.790  -13.940 0.5000000000
37746  -28.123  -53.173  -13.932 0.5000000000
157669  -28.426  -52.464  -14.261 0.5000000000
36640  -27.417  -54.220  -13.752 0.5000000000
38887  -28.389  -51.698  -14.391 0.6000000238
40078  -28.353  -50.764  -14.269 0.6000000238
40079  -28.379  -51.025  -14.649 0.6000000238
41333  -27.998  -50.391  -15.137 0.6000000238
41331  -27.066  -49.636  -15.528 0.6000000238
41332  -27.829  -50.034  -14.867 0.6000000238
41347  -27.278  -50.087  -15.741 0.6000000238
42585  -26.099  -49.457  -16.030 0.6000000238
37733  -27.826  -53.636  -13.756 0.5000000000
38881  -27.971  -51.871  -13.768 0.6000000238
35565  -27.210  -55.107  -13.389 0.5000000000
36641  -27.809  -54.040  -13.453 0.5000000000
40072  -27.892  -51.346  -14.042 0.6000000238
34451  -26.791  -56.000  -13.260 0.5000000000
157104  -27.872  -55.668  -12.572 0.5000000000
42564  -26.755  -49.159  -15.480 0.6000000238
42584  -25.120  -49.152  -16.533 0.6000000238
139998  -28.029  -52.314  -13.715 0.5000000000
38869  -28.090  -51.827  -13.599 0.5000000000
36642  -28.487  -54.059  -13.107 0.5000000000
37734  -28.433  -53.212  -13.579 0.5000000000
38870  -28.580  -52.316  -13.440 0.5000000000
41313  -28.307  -51.198  -13.752 0.6000000238
35554  -28.529  -55.535  -12.284 0.5000000000
36628  -28.717  -54.930  -12.748 0.5000000000
42548  -28.323  -50.339  -14.310 0.6000000238
34436  -26.804  -56.750  -12.439 0.5000000000
34422  -28.040  -56.025  -12.008 0.5000000000
42565  -27.658  -49.679  -14.953 0.6000000238
42563  -25.823  -48.958  -15.940 0.6000000238
37724  -29.540  -54.042  -12.703 0.5000000000
140901  -29.621  -52.390  -13.313 0.5000000000
40061  -29.530  -51.626  -13.457 0.6000000238
155879  -29.851  -51.151  -13.637 0.6000000238
36629  -29.529  -54.758  -12.313 0.5000000000
40060  -28.404  -51.553  -13.486 0.6000000238
41314  -29.030  -51.075  -13.505 0.6000000238
156523  -26.809  -56.728  -11.688 0.5000000000
34419  -25.554  -57.023  -11.613 0.5000000000
157716  -26.954  -48.292  -15.425 0.6000000238
44725  -26.411  -47.161  -15.616 0.6000000238
36631  -30.729  -53.918  -12.341 0.5000000000
40062  -30.816  -52.109  -13.451 0.5000000000
40073  -30.904  -51.292  -13.840 0.6000000238
35525  -28.611  -55.532  -11.505 0.5000000000
34421  -27.798  -56.005  -11.423 0.5000000000
132868  -28.018  -55.507  -10.824 0.6000000238
153478  -31.405  -53.470  -12.250 0.6000000238
156752  -31.009  -53.414  -12.707 0.5000000000
149527  -31.705  -51.765  -13.465 0.5000000000
41325  -31.765  -50.678  -14.094 0.6000000238
36596  -29.440  -54.924  -11.227 0.6000000238
36620  -30.759  -54.066  -11.665 0.6000000238
157735  -31.033  -50.751  -14.220 0.6000000238
36594  -27.139  -55.140  -10.546 0.5000000000
36595  -28.724  -54.973  -10.664 0.5000000000
36597  -29.936  -54.362  -10.912 0.6000000238
35545  -25.265  -56.334  -11.090 0.4000000060
37715  -31.369  -53.602  -11.744 0.6000000238
38861  -32.392  -52.655  -12.252 0.6000000238
38872  -31.950  -52.419  -13.057 0.5000000000
40074  -32.168  -51.268  -13.643 0.6000000238
42551  -31.161  -50.187  -14.531 0.6000000238
40063  -32.432  -51.809  -13.232 0.6999999881
52095  -39.082  -40.740  -18.624 0.5000000000
141445  -35.439  -40.845  -6.577 0.5000000000
57302  -39.944  -34.955  -14.173 0.6000000238
61398  -34.610  -32.136  -20.679 0.5000000000
63443  -32.732  -29.732  -20.404 0.5000000000
77707  -36.948  -14.590  -19.099 0.4000000060
78730  -37.136  -13.879  -18.722 0.3000000119
79713  -36.714  -12.865  -19.154 0.3000000119
131842  -37.030  -12.533  -18.447 0.3000000119
34481  -27.700  -55.848  -15.347 0.4000000060
35585  -29.561  -55.315  -14.950 0.5000000000
36662  -30.537  -54.386  -15.150 0.5000000000
133194  -28.748  -51.287  -17.184 0.5000000000
138915  -27.471  -54.224  -14.275 0.4000000060
40091  -28.850  -50.887  -16.042 0.6000000238
40090  -28.001  -50.515  -16.541 0.5000000000
41366  -26.824  -50.492  -16.930 0.5000000000
146957  -26.625  -55.248  -14.813 0.4000000060
130693  -26.562  -55.213  -14.043 0.5000000000
150410  -26.185  -55.802  -13.795 0.5000000000
34450  -26.300  -56.734  -13.201 0.3000000119
33311  -25.282  -57.520  -12.845 0.4000000060
33310  -23.562  -57.973  -12.359 0.4000000060
51071  -39.421  -41.580  -18.409 0.4000000060
51081  -39.897  -41.073  -19.074 0.4000000060
52107  -39.420  -40.331  -19.457 0.4000000060
54036  -35.402  -38.614  -6.656 0.4000000060
142907  -35.420  -33.238  -20.670 0.5000000000
60485  -35.500  -32.519  -20.643 0.5000000000
61399  -35.581  -31.600  -20.581 0.5000000000
59404  -40.934  -33.415  -9.523 0.4000000060
79693  -37.376  -13.347  -18.376 0.3000000119
80754  -37.329  -12.213  -17.720 0.3000000119
35595  -27.215  -55.210  -15.036 0.4000000060
41323  -28.898  -50.530  -13.819 0.6000000238
35522  -25.826  -55.715  -10.765 0.5000000000
34407  -27.114  -56.337  -11.249 0.5000000000
35524  -27.418  -55.876  -10.899 0.6000000238
143687  -36.179  -33.096  -20.612 0.5000000000
33298  -26.070  -57.208  -12.633 0.4000000060
38889  -30.634  -52.774  -15.805 0.6000000238
141870  -28.853  -55.385  -15.033 0.4000000060
35582  -27.050  -54.658  -14.343 0.5000000000
37735  -29.793  -53.309  -13.036 0.5000000000
35546  -29.257  -55.315  -11.991 0.5000000000
157142  -29.661  -54.958  -11.725 0.5000000000
41365  -25.968  -50.257  -17.299 0.4000000060
44683  -24.857  -46.279  -11.817 0.4000000060
43615  -25.468  -47.374  -11.576 0.3000000119
42520  -25.149  -48.647  -11.439 0.4000000060
135747  -24.647  -49.614  -11.328 0.4000000060
45716  -26.024  -45.669  -11.212 0.4000000060
45728  -26.454  -45.643  -11.293 0.4000000060
42477  -25.098  -48.919  -8.800 0.4000000060
44658  -25.999  -46.788  -9.755 0.4000000060
44670  -25.569  -45.893  -10.767 0.4000000060
45717  -26.807  -45.494  -11.182 0.4000000060
42457  -24.437  -49.517  -7.988 0.3000000119
43569  -25.023  -49.021  -8.174 0.3000000119
44617  -24.236  -48.276  -7.467 0.4000000060
43546  -24.773  -48.797  -7.691 0.4000000060
43570  -25.529  -48.433  -8.480 0.5000000000
44618  -24.962  -47.967  -7.416 0.4000000060
44619  -25.916  -47.631  -7.646 0.4000000060
43548  -25.979  -47.977  -8.209 0.5000000000
45666  -25.155  -46.975  -7.364 0.4000000060
54035  -34.515  -38.224  -6.845 0.3000000119
58370  -40.225  -34.337  -8.609 0.3000000119
59384  -38.854  -33.820  -8.129 0.3000000119
58369  -39.550  -34.466  -8.215 0.3000000119
59386  -40.440  -33.518  -8.845 0.3000000119
59385  -39.739  -33.642  -8.434 0.3000000119
60363  -40.677  -32.738  -9.137 0.3000000119
62204  -40.178  -30.658  -9.398 0.3000000119
68691  -36.885  -24.103  -17.893 0.4000000060
69642  -36.020  -23.770  -18.214 0.4000000060
63323  -37.408  -29.360  -10.508 0.3000000119
146431  -37.882  -28.480  -10.593 0.3000000119
68692  -38.575  -24.812  -17.490 0.4000000060
69635  -38.393  -23.932  -17.305 0.3000000119
70600  -35.602  -21.973  -17.330 0.4000000060
71600  -35.778  -21.203  -17.421 0.3000000119
137951  -39.438  -29.198  -9.827 0.3000000119
64481  -39.965  -28.623  -9.948 0.3000000119
64480  -39.087  -28.502  -10.176 0.3000000119
65602  -40.019  -27.867  -10.283 0.3000000119
154563  -40.569  -27.302  -10.785 0.3000000119
65650  -41.476  -27.345  -12.128 0.3000000119
65620  -39.613  -26.933  -10.788 0.3000000119
65621  -40.630  -26.669  -11.187 0.3000000119
66708  -41.441  -26.451  -12.454 0.3000000119
131777  -41.367  -26.838  -13.984 0.3000000119
65618  -37.396  -27.215  -11.297 0.3000000119
65619  -38.365  -27.016  -11.000 0.3000000119
66728  -40.916  -26.905  -14.898 0.3000000119
142468  -37.402  -25.930  -11.908 0.3000000119
66737  -40.805  -26.202  -15.243 0.3000000119
67699  -36.257  -25.602  -12.290 0.3000000119
68624  -36.144  -24.981  -12.249 0.3000000119
67744  -40.328  -25.254  -16.059 0.3000000119
68682  -39.741  -24.827  -16.581 0.3000000119
151576  -39.592  -24.110  -16.431 0.3000000119
70529  -33.785  -22.698  -12.237 0.3000000119
68681  -39.159  -24.400  -17.076 0.3000000119
71524  -33.887  -21.663  -12.234 0.3000000119
70550  -32.197  -21.995  -12.805 0.3000000119
70601  -36.366  -22.321  -17.293 0.3000000119
73581  -35.624  -19.921  -17.973 0.3000000119
66685  -41.257  -26.596  -11.764 0.3000000119
66683  -38.831  -26.280  -11.266 0.3000000119
66684  -39.877  -26.081  -11.238 0.3000000119
67701  -41.356  -25.659  -12.717 0.3000000119
66729  -41.177  -26.267  -14.619 0.3000000119
66682  -37.842  -26.473  -11.508 0.3000000119
146862  -39.117  -25.560  -11.488 0.3000000119
67685  -40.759  -25.953  -11.612 0.3000000119
68644  -41.231  -24.844  -12.984 0.3000000119
67715  -41.404  -25.349  -13.467 0.3000000119
135673  -41.402  -25.872  -14.046 0.3000000119
67725  -41.138  -25.527  -14.822 0.3000000119
67683  -38.451  -25.089  -11.680 0.3000000119
136215  -39.275  -24.823  -11.716 0.3000000119
67734  -40.672  -25.605  -15.506 0.3000000119
68623  -35.252  -24.792  -12.274 0.3000000119
67681  -36.980  -25.264  -12.138 0.3000000119
67682  -37.758  -25.361  -11.809 0.3000000119
68670  -40.255  -24.374  -15.862 0.3000000119
69636  -38.960  -23.472  -16.635 0.3000000119
71514  -34.896  -21.527  -11.795 0.3000000119
156692  -35.609  -21.117  -11.482 0.3000000119
70603  -38.140  -22.995  -17.116 0.3000000119
71525  -34.320  -20.735  -12.187 0.3000000119
70593  -37.709  -22.229  -16.681 0.3000000119
71587  -36.794  -21.131  -16.643 0.3000000119
72575  -36.846  -20.330  -16.720 0.3000000119
73582  -36.355  -19.868  -17.374 0.3000000119
67686  -41.256  -25.958  -12.088 0.3000000119
68612  -40.081  -24.619  -11.997 0.3000000119
67700  -40.845  -25.248  -12.210 0.3000000119
68659  -41.266  -24.522  -13.775 0.3000000119
68609  -37.701  -24.573  -11.691 0.3000000119
68611  -39.429  -24.066  -11.871 0.3000000119
68626  -40.679  -24.413  -12.620 0.3000000119
143457  -41.127  -24.719  -14.610 0.3000000119
68608  -36.721  -24.425  -11.840 0.3000000119
69567  -37.234  -23.751  -11.409 0.3000000119
69568  -38.101  -23.704  -11.412 0.3000000119
69625  -40.448  -23.706  -15.221 0.3000000119
70584  -39.541  -22.578  -15.530 0.3000000119
70585  -40.203  -22.905  -15.196 0.3000000119
70595  -39.116  -22.841  -16.061 0.3000000119
138033  -36.295  -21.260  -11.019 0.3000000119
70594  -38.464  -22.569  -16.400 0.3000000119
72495  -35.108  -20.568  -11.785 0.3000000119
72496  -35.981  -20.365  -11.381 0.3000000119
71589  -38.023  -21.838  -15.987 0.3000000119
71588  -37.380  -21.487  -16.329 0.3000000119
72576  -37.281  -20.742  -16.214 0.3000000119
154358  -36.981  -19.569  -16.883 0.3000000119
68643  -40.953  -24.113  -13.235 0.3000000119
70524  -38.362  -22.893  -11.212 0.3000000119
70525  -39.139  -22.640  -11.566 0.3000000119
69577  -40.107  -23.178  -12.694 0.3000000119
69596  -40.966  -23.814  -13.748 0.3000000119
68658  -40.902  -23.931  -14.445 0.3000000119
142247  -36.877  -22.987  -11.001 0.3000000119
70532  -40.229  -22.525  -13.103 0.3000000119
69595  -40.552  -23.344  -13.357 0.3000000119
139122  -40.520  -23.271  -14.671 0.3000000119
71516  -36.575  -22.136  -10.831 0.3000000119
71517  -37.579  -22.315  -10.807 0.3000000119
71518  -38.559  -22.040  -11.145 0.3000000119
149960  -36.836  -20.615  -10.792 0.3000000119
72498  -37.536  -19.984  -10.641 0.3000000119
71561  -38.978  -21.116  -14.785 0.3000000119
70583  -38.808  -22.178  -15.775 0.3000000119
72507  -35.346  -19.819  -11.830 0.3000000119
73486  -36.658  -19.891  -11.061 0.3000000119
71574  -38.462  -21.465  -15.402 0.3000000119
71573  -37.724  -21.124  -15.692 0.3000000119
152332  -37.710  -20.494  -15.775 0.3000000119
73568  -37.503  -19.869  -16.298 0.3000000119
73583  -36.794  -18.992  -17.395 0.3000000119
69576  -39.556  -23.265  -12.047 0.3000000119
70571  -40.339  -22.540  -14.433 0.3000000119
72497  -37.112  -21.427  -10.627 0.3000000119
71519  -39.261  -21.821  -11.629 0.3000000119
154740  -37.556  -20.801  -10.600 0.3000000119
72499  -38.264  -20.577  -10.659 0.3000000119
71562  -39.741  -21.672  -14.403 0.3000000119
74563  -35.881  -18.258  -12.077 0.3000000119
73487  -38.442  -19.744  -10.715 0.3000000119
73485  -36.060  -19.308  -11.602 0.3000000119
142319  -37.016  -19.230  -11.061 0.3000000119
139965  -37.877  -19.115  -10.664 0.3000000119
72540  -38.992  -20.228  -14.604 0.3000000119
72559  -38.308  -20.571  -15.257 0.3000000119
73569  -38.145  -19.181  -16.010 0.3000000119
74635  -37.509  -18.855  -16.734 0.3000000119
71546  -40.203  -22.025  -13.682 0.3000000119
142609  -39.315  -21.054  -11.759 0.3000000119
138047  -39.549  -21.064  -12.637 0.3000000119
71545  -39.679  -21.301  -13.502 0.3000000119
72500  -38.962  -20.371  -11.182 0.3000000119
72508  -39.476  -20.231  -12.138 0.3000000119
72541  -39.388  -20.794  -14.069 0.3000000119
74545  -36.594  -18.633  -11.471 0.3000000119
74546  -37.390  -18.471  -11.120 0.3000000119
74547  -38.230  -18.412  -10.896 0.3000000119
152024  -38.580  -19.045  -10.864 0.3000000119
73488  -39.163  -19.455  -11.386 0.3000000119
73550  -38.679  -19.521  -15.224 0.3000000119
72558  -38.034  -19.930  -15.688 0.3000000119
74616  -38.682  -18.566  -15.545 0.3000000119
74636  -38.227  -18.285  -16.290 0.3000000119
76674  -37.926  -16.614  -17.286 0.3000000119
75702  -37.935  -17.271  -17.013 0.3000000119
75685  -37.784  -17.923  -16.927 0.3000000119
72525  -39.480  -20.484  -13.226 0.3000000119
74564  -36.746  -17.920  -11.570 0.3000000119
73498  -39.627  -19.419  -12.181 0.3000000119
73513  -39.651  -19.699  -12.938 0.3000000119
73530  -39.351  -19.929  -13.809 0.3000000119
150914  -37.812  -17.546  -11.231 0.3000000119
137944  -39.643  -18.740  -11.909 0.3000000119
138935  -40.047  -18.930  -12.671 0.3000000119
73529  -39.319  -19.345  -14.415 0.3000000119
74595  -39.678  -18.414  -14.140 0.3000000119
74594  -39.172  -18.790  -14.922 0.3000000119
75669  -39.314  -17.304  -15.072 0.3000000119
74617  -39.225  -18.036  -14.996 0.3000000119
76642  -39.203  -16.732  -15.576 0.3000000119
75668  -38.778  -17.614  -15.762 0.3000000119
77659  -38.992  -16.093  -16.136 0.3000000119
75686  -38.282  -17.488  -16.524 0.3000000119
75612  -36.121  -17.410  -12.056 0.3000000119
154256  -36.830  -17.228  -11.638 0.3000000119
76575  -37.276  -16.653  -11.531 0.3000000119
138501  -39.439  -17.964  -11.607 0.3000000119
74565  -40.047  -18.036  -12.418 0.3000000119
74578  -40.185  -18.345  -13.196 0.3000000119
75589  -39.627  -17.204  -11.989 0.3000000119
75633  -40.090  -17.701  -13.535 0.3000000119
76622  -39.731  -16.608  -14.583 0.3000000119
75646  -39.679  -17.505  -14.331 0.3000000119
77640  -39.554  -15.906  -15.340 0.3000000119
76658  -38.443  -16.318  -16.740 0.3000000119
77691  -37.311  -15.557  -18.349 0.3000000119
153770  -37.747  -15.976  -17.659 0.3000000119
132610  -37.526  -14.711  -18.322 0.3000000119
76596  -36.284  -16.604  -11.924 0.3000000119
76576  -38.312  -16.608  -11.341 0.3000000119
76577  -39.214  -16.362  -11.623 0.3000000119
75613  -40.093  -17.212  -12.670 0.3000000119
77590  -40.231  -16.007  -12.929 0.3000000119
76610  -40.071  -16.968  -13.668 0.3000000119
78696  -39.181  -15.251  -15.902 0.3000000119
77673  -38.035  -15.222  -17.649 0.3000000119
153124  -25.476  -49.852  -17.495 0.4000000060
42476  -24.692  -49.409  -8.513 0.3000000119
45705  -26.404  -45.799  -10.681 0.4000000060
45729  -27.133  -45.586  -11.240 0.4000000060
43587  -25.622  -48.074  -9.179 0.4000000060
64498  -41.352  -28.069  -11.488 0.3000000119
65622  -41.183  -27.315  -11.335 0.3000000119
138140  -37.732  -24.443  -17.630 0.4000000060
69575  -34.927  -23.976  -12.036 0.3000000119
154371  -33.375  -22.118  -12.429 0.3000000119
71523  -32.905  -21.531  -12.550 0.3000000119
69566  -36.353  -23.608  -11.454 0.3000000119
132004  -33.454  -20.738  -12.434 0.3000000119
66720  -41.496  -26.186  -13.248 0.3000000119
42493  -24.659  -49.383  -9.041 0.4000000060
43586  -24.914  -48.345  -9.561 0.4000000060
44657  -25.238  -46.916  -9.983 0.4000000060
43545  -23.913  -48.859  -7.557 0.3000000119
43547  -25.385  -48.388  -7.891 0.4000000060
65601  -38.796  -27.724  -10.560 0.3000000119
68607  -35.793  -24.234  -11.825 0.3000000119
69624  -39.741  -23.441  -15.860 0.3000000119
140952  -38.224  -25.815  -11.674 0.3000000119
141173  -40.773  -24.955  -15.374 0.3000000119
68610  -38.649  -24.297  -11.623 0.3000000119
136856  -40.535  -23.775  -12.868 0.3000000119
69569  -38.920  -23.469  -11.575 0.3000000119
68625  -40.061  -23.888  -12.378 0.3000000119
70523  -37.632  -23.154  -11.102 0.3000000119
71575  -39.275  -21.857  -15.182 0.3000000119
70531  -39.723  -22.391  -12.284 0.3000000119
69614  -40.680  -23.245  -14.052 0.3000000119
71526  -39.905  -21.775  -12.892 0.3000000119
73497  -35.027  -18.988  -12.241 0.3000000119
141986  -37.997  -21.398  -10.705 0.3000000119
145237  -38.767  -21.203  -11.130 0.3000000119
131680  -39.803  -19.131  -13.544 0.3000000119
74548  -39.033  -18.594  -11.239 0.3000000119
145074  -38.724  -17.938  -11.165 0.3000000119
75588  -38.948  -17.255  -11.334 0.3000000119
74566  -40.279  -17.720  -12.962 0.3000000119
77658  -38.566  -15.425  -16.717 0.3000000119
76578  -39.863  -16.377  -12.385 0.3000000119
77589  -39.881  -15.517  -12.500 0.3000000119
42492  -24.224  -49.833  -9.274 0.4000000060
49998  -39.548  -42.537  -18.314 0.4000000060
144084  -21.328  -56.137  -12.607 0.3000000119
34434  -21.507  -56.886  -12.352 0.3000000119
35553  -21.127  -55.360  -13.169 0.3000000119
34435  -22.316  -57.013  -12.123 0.3000000119
147111  -24.027  -47.622  -7.391 0.3000000119
45665  -24.290  -47.012  -7.375 0.3000000119
45714  -24.221  -46.046  -11.690 0.3000000119
43596  -24.029  -47.765  -10.174 0.3000000119
44669  -24.688  -46.088  -10.932 0.3000000119
45727  -25.466  -45.880  -11.466 0.3000000119
45715  -25.141  -45.853  -11.459 0.3000000119
42504  -23.675  -48.962  -10.016 0.3000000119
44668  -23.738  -46.427  -11.134 0.3000000119
48992  -39.611  -43.496  -18.290 0.3000000119
32137  -21.172  -58.109  -12.821 0.4000000060
33295  -24.131  -57.422  -11.978 0.6000000238
33297  -25.714  -57.320  -12.241 0.5000000000
34406  -26.234  -56.555  -11.183 0.5000000000
34437  -27.474  -56.149  -12.544 0.5000000000
35521  -24.892  -55.327  -10.884 0.6000000238
35543  -23.340  -55.568  -11.590 0.5000000000
35566  -27.807  -54.804  -13.072 0.5000000000
36616  -22.847  -54.710  -11.894 0.5000000000
36619  -30.048  -54.531  -11.538 0.6000000238
36630  -30.245  -54.360  -12.106 0.5000000000
37736  -31.701  -53.059  -12.558 0.6000000238
38829  -27.946  -53.063  -10.259 0.6000000238
38833  -31.492  -52.853  -10.671 0.6000000238
38849  -32.407  -52.642  -11.511 0.6000000238
38868  -28.034  -51.642  -13.675 0.6000000238
38871  -30.931  -52.923  -13.127 0.5000000000
38897  -30.342  -52.070  -16.191 0.6000000238
40022  -24.911  -51.425  -10.997 0.5000000000
40027  -29.390  -51.296  -10.266 0.6000000238
40041  -33.458  -51.585  -11.500 0.8000000119
40092  -29.787  -51.525  -16.718 0.5000000000
41281  -27.685  -50.667  -10.383 0.6000000238
41344  -25.015  -49.397  -17.168 0.6999999881
41346  -26.387  -49.931  -16.249 0.6000000238
42498  -34.277  -49.453  -9.348 0.6999999881
42506  -26.222  -49.466  -10.594 0.5000000000
42583  -24.598  -49.063  -17.009 0.6999999881
42599  -24.848  -49.187  -17.260 0.6999999881
43589  -31.450  -48.098  -9.512 0.6000000238
43597  -24.527  -46.997  -10.370 0.3000000119
43603  -30.041  -48.063  -10.614 0.5000000000
43664  -32.196  -48.011  -15.232 0.6999999881
43675  -25.214  -48.279  -16.226 0.6000000238
43681  -31.470  -48.618  -15.211 0.6999999881
43697  -24.712  -48.528  -16.827 0.6000000238
43712  -24.910  -48.688  -17.381 0.6000000238
44687  -35.858  -47.092  -11.069 0.8000000119
44724  -25.269  -47.233  -15.943 0.6999999881
44764  -27.611  -47.008  -18.216 0.6999999881
44766  -29.976  -46.984  -18.637 0.5000000000
45676  -35.154  -46.444  -7.497 0.8000000119
45678  -36.676  -45.594  -8.117 0.6999999881
45726  -24.633  -46.037  -11.705 0.3000000119
45786  -24.896  -47.172  -16.815 0.6999999881
45787  -25.143  -46.636  -16.576 0.6999999881
45794  -37.987  -46.017  -16.674 0.5000000000
46864  -26.657  -45.128  -16.455 0.6999999881
46868  -33.739  -45.225  -15.737 0.6000000238
46872  -37.361  -45.491  -15.511 0.5000000000
46886  -37.742  -45.847  -16.059 0.5000000000
46893  -26.957  -44.415  -16.989 0.6999999881
46898  -39.158  -45.226  -17.833 0.4000000060
46907  -30.838  -46.042  -18.207 0.6000000238
47881  -37.316  -44.642  -9.533 0.6999999881
47921  -29.999  -43.460  -14.840 0.6999999881
47928  -37.432  -44.353  -14.900 0.6000000238
47950  -32.089  -44.317  -16.711 0.6999999881
47963  -39.215  -44.551  -17.544 0.4000000060
48832  -36.616  -42.305  -6.974 0.6999999881
48850  -36.290  -42.828  -6.863 0.6999999881
48928  -31.916  -43.269  -12.985 0.8999999762
48941  -28.749  -41.842  -15.366 0.8000000119
48961  -33.103  -43.426  -15.329 0.8000000119
48963  -38.189  -43.580  -15.649 0.6000000238
48973  -38.495  -43.635  -16.424 0.5000000000
48981  -29.199  -42.881  -17.361 0.6999999881
48984  -39.356  -43.933  -17.700 0.3000000119
49863  -37.037  -42.294  -7.162 0.6999999881
49961  -28.560  -41.841  -16.208 0.6999999881
49975  -28.033  -42.285  -16.874 0.6999999881
49976  -28.464  -42.107  -16.611 0.6999999881
50937  -35.908  -41.857  -6.622 0.6000000238
50938  -36.433  -41.847  -6.820 0.6999999881
50939  -36.823  -41.922  -6.991 0.6999999881
50970  -34.160  -41.671  -6.533 0.5000000000
50973  -38.112  -41.084  -7.804 0.6999999881
51005  -37.591  -42.081  -10.831 0.6999999881
51017  -32.871  -41.274  -12.816 0.8000000119
51070  -38.668  -41.285  -18.008 0.6000000238
51986  -36.992  -40.416  -6.898 0.6999999881
52012  -39.223  -39.917  -9.409 0.6999999881
52052  -32.132  -38.663  -13.724 0.8000000119
52059  -30.886  -39.351  -14.673 0.8000000119
52060  -31.212  -39.035  -14.695 0.8000000119
52063  -35.043  -39.900  -14.426 0.8000000119
52065  -36.812  -40.248  -14.943 0.8999999762
52073  -31.024  -39.565  -15.123 0.8000000119
52079  -37.523  -40.910  -16.169 0.6999999881
52085  -37.317  -40.624  -17.558 0.6999999881
52093  -36.425  -40.321  -19.047 0.6999999881
52105  -37.538  -39.904  -19.787 0.6000000238
53054  -31.359  -38.817  -14.301 0.8000000119
53066  -33.317  -37.705  -14.292 0.8000000119
53076  -36.899  -38.487  -15.739 0.8999999762
53083  -37.412  -40.004  -16.274 0.8999999762
53095  -35.899  -40.125  -18.892 0.6999999881
53107  -35.618  -40.060  -19.590 0.6999999881
53115  -38.052  -39.422  -20.506 0.6000000238
54077  -34.762  -37.654  -12.811 0.6999999881
54136  -34.194  -38.935  -19.793 0.8999999762
54165  -37.025  -38.013  -20.912 0.6999999881
55153  -40.026  -36.971  -10.959 0.6999999881
55165  -33.650  -36.896  -13.960 0.8000000119
55168  -37.040  -36.948  -12.981 0.6999999881
55173  -34.022  -36.763  -13.859 0.8000000119
55206  -36.409  -37.125  -17.723 0.8000000119
55234  -32.448  -38.233  -19.981 0.8000000119
55246  -34.301  -38.699  -20.249 0.8000000119
55247  -35.174  -38.877  -20.487 0.6999999881
56187  -39.688  -36.799  -8.119 0.6000000238
56198  -40.488  -36.138  -9.042 0.6000000238
56270  -31.589  -36.977  -19.887 0.8000000119
56272  -32.612  -38.185  -19.711 0.8000000119
56288  -36.026  -36.941  -20.747 0.6000000238
57293  -39.521  -36.021  -12.759 0.6999999881
57294  -40.033  -35.403  -12.780 0.6999999881
57298  -40.053  -35.120  -13.514 0.6000000238
57311  -37.342  -35.479  -16.597 0.8000000119
57339  -31.829  -36.728  -19.329 0.8000000119
57370  -31.431  -35.986  -19.601 0.8000000119
57385  -38.535  -35.836  -20.970 0.5000000000
58464  -35.471  -34.737  -18.316 0.8000000119
58491  -32.800  -35.508  -20.371 0.6999999881
60364  -41.198  -32.695  -9.795 0.4000000060
60412  -40.931  -31.987  -14.036 0.6999999881
60424  -39.836  -32.456  -15.527 0.8000000119
60438  -38.752  -32.566  -16.670 0.8000000119
60484  -34.628  -32.950  -20.686 0.5000000000
61389  -30.699  -32.232  -18.941 0.6999999881
62307  -37.968  -30.310  -17.105 0.8000000119
63429  -32.269  -29.355  -18.393 0.6999999881
63436  -30.710  -29.179  -18.933 0.6999999881
64479  -36.866  -28.854  -10.982 0.4000000060
64523  -35.101  -28.301  -12.222 0.3000000119
64586  -30.602  -28.662  -18.884 0.6999999881
64587  -30.759  -28.333  -18.715 0.6999999881
64597  -30.789  -29.101  -19.195 0.6999999881
65617  -36.583  -27.467  -11.695 0.4000000060
65715  -30.524  -27.415  -18.729 0.6000000238
65726  -30.500  -27.799  -18.859 0.6000000238
65732  -30.628  -27.460  -19.220 0.5000000000
66765  -38.463  -26.484  -17.305 0.5000000000
66783  -30.471  -26.474  -18.428 0.5000000000
66807  -31.685  -26.577  -20.205 0.5000000000
67684  -40.027  -25.346  -11.615 0.3000000119
67743  -39.710  -25.669  -16.567 0.4000000060
67778  -37.208  -25.708  -17.862 0.5000000000
67796  -30.308  -25.340  -18.854 0.5000000000
67797  -30.821  -25.096  -19.498 0.5000000000
68671  -40.733  -24.339  -15.111 0.3000000119
68710  -36.285  -24.680  -18.233 0.4000000060
69646  -31.077  -23.967  -18.915 0.5000000000
69660  -31.095  -23.911  -19.146 0.5000000000
70551  -40.434  -22.716  -13.728 0.3000000119
70570  -39.938  -22.270  -15.009 0.3000000119
70623  -31.175  -22.279  -19.935 0.5000000000
71617  -34.719  -21.134  -18.626 0.5000000000
71632  -32.808  -21.531  -19.327 0.5000000000
72585  -36.331  -20.777  -17.110 0.4000000060
72602  -31.722  -20.899  -20.200 0.5000000000
74664  -35.475  -18.522  -18.811 0.4000000060
75614  -40.246  -17.241  -13.126 0.3000000119
76597  -40.258  -16.639  -13.011 0.3000000119
76641  -38.671  -16.870  -16.274 0.3000000119
77674  -38.207  -15.940  -17.236 0.3000000119
81661  -37.537  -11.587  -17.167 0.3000000119
131407  -34.116  -39.548  -12.782 0.8000000119
131673  -39.544  -38.966  -10.011 0.6999999881
131783  -27.130  -54.286  -10.334 0.6000000238
131988  -40.394  -33.878  -14.362 0.8000000119
132440  -34.033  -28.340  -20.490 0.5000000000
134077  -27.428  -56.443  -11.890 0.5000000000
136032  -40.210  -16.184  -13.601 0.3000000119
136439  -28.069  -52.238  -10.310 0.6000000238
136785  -35.809  -36.332  -14.211 0.8000000119
137812  -33.733  -23.016  -18.357 0.5000000000
138619  -32.853  -48.248  -14.607 0.8000000119
138785  -40.079  -30.917  -15.127 0.6999999881
139045  -37.539  -23.525  -17.516 0.5000000000
139496  -36.613  -26.055  -12.129 0.3000000119
140576  -30.025  -26.113  -18.578 0.5000000000
144044  -33.351  -31.197  -20.615 0.6000000238
144069  -37.130  -34.864  -17.414 0.8000000119
146824  -29.889  -52.875  -15.147 0.6000000238
147089  -30.792  -31.476  -19.239 0.6999999881
147639  -25.573  -53.968  -10.548 0.6000000238
148293  -31.098  -30.608  -18.723 0.6999999881
148471  -31.684  -35.664  -20.026 0.8000000119
149029  -31.042  -34.914  -18.742 0.8000000119
149501  -27.191  -53.083  -10.244 0.6000000238
149665  -31.607  -21.139  -20.418 0.5000000000
149707  -28.915  -52.067  -13.173 0.5000000000
149778  -38.199  -35.482  -15.818 0.8000000119
150030  -35.884  -20.501  -17.543 0.3000000119
150041  -30.875  -39.459  -14.326 0.8999999762
150923  -37.567  -44.869  -15.289 0.5000000000
151235  -39.715  -33.102  -15.783 0.8000000119
151640  -20.744  -56.022  -13.072 0.4000000060
151734  -34.552  -31.529  -18.412 0.8000000119
151815  -31.822  -42.164  -6.585 0.4000000060
151864  -31.411  -24.493  -18.649 0.5000000000
151895  -33.234  -48.662  -14.284 0.8000000119
152064  -38.055  -28.826  -17.357 0.6999999881
152071  -39.590  -21.618  -12.201 0.3000000119
152661  -27.621  -42.994  -17.170 0.6999999881
152688  -32.087  -30.353  -20.184 0.5000000000
152851  -38.255  -16.903  -16.794 0.3000000119
153002  -34.281  -29.589  -12.227 0.3000000119
153570  -32.608  -25.618  -18.426 0.5000000000
153619  -38.732  -35.904  -14.427 0.8000000119
153790  -34.312  -49.785  -12.601 0.8000000119
154274  -40.827  -32.740  -13.954 0.6999999881
154521  -30.635  -31.575  -18.910 0.6999999881
155949  -41.376  -25.166  -14.137 0.3000000119
156088  -26.992  -51.722  -10.322 0.6000000238
156232  -30.955  -39.361  -14.838 0.8000000119
156493  -39.805  -35.620  -8.147 0.5000000000
156650  -33.692  -51.034  -12.718 0.8999999762
157180  -37.447  -31.796  -9.209 0.3000000119
157429  -36.807  -26.015  -18.030 0.6000000238
157643  -30.777  -30.923  -18.916 0.6999999881
