#!ascii label  , from subject sub001 vox2ras=TkReg
1476
8458  -30.550  -78.957  -35.040 0.5000000000
9382  -30.416  -78.251  -35.991 0.6000000238
14734  -36.577  -74.134  -29.348 0.3000000119
137240  -29.559  -77.844  -36.995 0.5000000000
12511  -36.709  -74.963  -31.036 0.4000000060
143612  -36.909  -74.015  -30.892 0.4000000060
143700  -36.909  -73.392  -30.336 0.4000000060
14735  -36.827  -74.189  -30.154 0.3000000119
14750  -36.866  -73.747  -31.454 0.4000000060
9325  -31.522  -78.868  -32.096 0.5000000000
8425  -31.042  -79.071  -33.482 0.5000000000
9364  -30.458  -78.502  -34.776 0.5000000000
132525  -30.872  -79.201  -31.884 0.6000000238
9333  -29.863  -78.715  -33.007 0.5000000000
10383  -30.204  -77.789  -34.838 0.6000000238
14720  -36.353  -73.525  -28.462 0.3000000119
11431  -30.043  -76.946  -35.222 0.5000000000
11415  -35.976  -75.466  -31.670 0.5000000000
11414  -35.464  -76.234  -31.774 0.5000000000
15811  -36.663  -72.597  -28.640 0.3000000119
10374  -29.534  -76.791  -34.148 0.6000000238
10404  -29.922  -77.708  -36.415 0.5000000000
13616  -36.590  -74.262  -31.690 0.5000000000
12521  -36.590  -74.721  -31.309 0.4000000060
15834  -37.110  -72.653  -30.772 0.4000000060
157008  -37.063  -71.829  -29.404 0.3000000119
141846  -36.992  -71.862  -28.824 0.3000000119
14760  -36.491  -73.800  -32.306 0.4000000060
15845  -37.052  -73.280  -32.049 0.4000000060
15839  -37.331  -72.563  -31.743 0.4000000060
14761  -36.770  -73.745  -31.981 0.4000000060
11371  -33.318  -75.638  -29.162 0.6999999881
11381  -32.906  -76.768  -30.219 0.6999999881
10343  -32.396  -77.597  -30.594 0.6999999881
9356  -32.356  -78.517  -35.088 0.5000000000
11358  -32.744  -76.067  -27.938 0.6999999881
10313  -32.596  -76.850  -28.494 0.6999999881
9313  -31.904  -78.387  -30.595 0.8000000119
138315  -31.828  -78.568  -31.375 0.5000000000
9312  -31.246  -78.875  -30.975 0.6999999881
9357  -32.942  -78.600  -34.987 0.5000000000
151002  -31.549  -78.185  -29.103 0.6999999881
10376  -33.072  -77.512  -33.876 0.4000000060
11413  -33.856  -76.504  -33.189 0.5000000000
16891  -36.697  -71.856  -27.025 0.3000000119
9311  -30.295  -78.974  -31.065 0.6000000238
140123  -33.539  -75.811  -33.008 0.5000000000
12519  -35.524  -74.867  -32.208 0.5000000000
15795  -36.832  -71.841  -27.930 0.3000000119
152209  -29.370  -78.280  -32.314 0.5000000000
13623  -35.150  -74.231  -32.606 0.5000000000
142860  -35.826  -72.796  -33.286 0.4000000060
14769  -36.005  -73.312  -32.961 0.4000000060
16928  -37.495  -71.519  -31.151 0.4000000060
142659  -37.147  -71.731  -30.055 0.4000000060
15854  -36.906  -72.180  -33.104 0.3000000119
145847  -36.958  -72.860  -32.589 0.4000000060
14716  -30.865  -73.725  -28.868 0.5000000000
14717  -31.624  -73.336  -28.752 0.6000000238
15808  -32.035  -72.683  -29.017 0.6000000238
14719  -32.991  -73.488  -28.631 0.6000000238
12479  -33.380  -75.007  -28.773 0.6000000238
14730  -28.998  -73.561  -30.710 0.5000000000
13587  -29.369  -74.177  -29.673 0.5000000000
13588  -30.157  -74.130  -29.087 0.6000000238
13574  -31.703  -74.075  -28.185 0.6000000238
12459  -32.322  -75.519  -27.598 0.6999999881
9326  -32.184  -78.324  -32.118 0.6000000238
15741  -35.825  -72.605  -24.238 0.3000000119
12475  -27.224  -75.412  -28.744 0.6999999881
13571  -28.589  -74.629  -29.210 0.6000000238
12477  -29.228  -74.983  -28.127 0.6000000238
13573  -30.703  -74.396  -28.311 0.6000000238
13559  -31.292  -74.876  -27.593 0.6999999881
11357  -32.022  -76.175  -27.328 0.6999999881
11399  -32.823  -76.345  -32.247 0.6000000238
10367  -32.563  -77.635  -33.156 0.6000000238
10384  -32.653  -78.270  -34.584 0.5000000000
12476  -28.197  -75.127  -28.435 0.6000000238
143635  -28.796  -75.411  -27.506 0.6000000238
13558  -30.294  -74.975  -27.779 0.6000000238
12438  -31.235  -76.324  -26.820 0.6999999881
9286  -30.673  -78.471  -28.018 0.6999999881
11424  -33.197  -76.567  -33.604 0.5000000000
15780  -36.274  -72.551  -26.708 0.3000000119
156878  -26.354  -75.721  -29.147 0.6999999881
12454  -26.825  -75.860  -28.030 0.6000000238
133563  -27.726  -75.733  -26.982 0.6999999881
12437  -30.280  -76.210  -26.684 0.6000000238
11343  -30.560  -76.895  -26.513 0.6000000238
9299  -30.568  -78.814  -30.093 0.6999999881
12518  -33.128  -75.691  -33.001 0.5000000000
152083  -33.282  -75.292  -33.117 0.5000000000
12435  -28.419  -76.016  -26.360 0.6000000238
11326  -28.875  -77.275  -25.927 0.6000000238
9285  -29.962  -78.949  -27.846 0.6000000238
9298  -29.904  -78.892  -29.397 0.6000000238
144735  -29.567  -78.762  -30.343 0.6000000238
13614  -33.401  -74.996  -32.640 0.5000000000
16904  -37.312  -71.243  -28.240 0.3000000119
150514  -27.239  -75.593  -25.958 0.6999999881
145173  -27.815  -75.878  -26.150 0.6000000238
11341  -28.901  -76.535  -26.126 0.6000000238
10290  -29.423  -77.674  -26.219 0.6000000238
9269  -29.606  -78.717  -27.081 0.5000000000
136191  -29.152  -79.152  -27.789 0.5000000000
9310  -28.664  -78.384  -30.654 0.5000000000
155602  -29.248  -78.437  -31.390 0.5000000000
14767  -34.115  -73.814  -32.649 0.5000000000
141864  -37.886  -70.869  -33.543 0.3000000119
18034  -38.113  -70.986  -33.230 0.3000000119
16937  -37.461  -71.815  -32.831 0.3000000119
18028  -38.133  -70.957  -32.032 0.4000000060
10355  -28.388  -77.852  -31.553 0.5000000000
18039  -37.085  -70.897  -33.442 0.3000000119
16940  -36.530  -71.591  -33.358 0.3000000119
16933  -37.634  -71.767  -32.268 0.4000000060
14741  -28.970  -72.798  -31.536 0.5000000000
14742  -29.847  -73.051  -30.837 0.5000000000
15837  -29.530  -71.513  -31.970 0.5000000000
15831  -30.476  -71.991  -30.753 0.5000000000
15828  -26.859  -72.751  -31.006 0.5000000000
14740  -27.527  -72.847  -31.279 0.5000000000
151647  -28.304  -73.074  -31.360 0.5000000000
14731  -30.102  -73.722  -29.897 0.5000000000
14732  -30.947  -72.940  -29.610 0.5000000000
15809  -32.795  -72.800  -28.963 0.6000000238
15810  -33.239  -73.007  -29.049 0.6000000238
13585  -26.748  -74.586  -30.318 0.5000000000
13589  -33.517  -74.395  -29.301 0.6000000238
12500  -33.231  -75.373  -30.947 0.8000000119
134335  -36.322  -72.167  -22.670 0.3000000119
13584  -25.752  -74.567  -30.441 0.6000000238
13569  -26.494  -75.251  -29.829 0.6000000238
146173  -27.689  -74.566  -30.053 0.6000000238
143887  -33.648  -73.850  -29.791 0.4000000060
16796  -36.958  -71.793  -22.935 0.3000000119
12474  -25.735  -76.051  -28.911 0.6999999881
13606  -33.263  -74.803  -31.946 0.5000000000
12509  -32.946  -75.738  -31.934 0.6000000238
16856  -36.836  -71.872  -25.284 0.3000000119
153939  -37.230  -71.529  -25.735 0.3000000119
12452  -24.975  -76.092  -28.465 0.6999999881
14759  -33.923  -72.968  -32.282 0.4000000060
16874  -37.266  -71.427  -26.412 0.3000000119
12432  -25.326  -75.844  -27.160 0.6000000238
12433  -26.378  -75.623  -26.465 0.6999999881
138601  -33.882  -74.073  -32.522 0.4000000060
17991  -37.791  -70.607  -28.543 0.3000000119
12413  -24.817  -75.407  -25.924 0.6000000238
12414  -25.646  -75.427  -25.892 0.6999999881
11325  -28.271  -76.595  -25.681 0.6000000238
10277  -28.714  -78.006  -25.922 0.5000000000
9254  -28.402  -78.516  -26.279 0.5000000000
9297  -28.856  -78.718  -29.667 0.6000000238
15851  -34.390  -72.314  -32.949 0.4000000060
15850  -34.192  -73.114  -32.676 0.4000000060
19190  -37.166  -69.520  -33.374 0.3000000119
19196  -37.773  -70.270  -33.626 0.3000000119
19197  -39.039  -69.856  -33.757 0.3000000119
18036  -39.293  -70.177  -33.596 0.3000000119
18029  -38.789  -70.705  -32.756 0.4000000060
18001  -37.796  -70.373  -29.592 0.3000000119
11324  -27.640  -76.913  -24.919 0.6000000238
9243  -27.979  -78.172  -25.625 0.5000000000
9253  -27.582  -78.579  -26.111 0.5000000000
134744  -28.289  -79.172  -27.912 0.5000000000
9296  -27.932  -78.634  -29.537 0.5000000000
9309  -27.459  -78.352  -30.237 0.6000000238
10354  -27.596  -77.591  -31.655 0.5000000000
16939  -35.498  -71.676  -33.349 0.3000000119
18038  -35.894  -70.795  -33.297 0.3000000119
10276  -27.625  -77.731  -25.122 0.5000000000
9266  -27.001  -78.799  -26.940 0.5000000000
9295  -27.028  -78.625  -29.503 0.5000000000
142191  -26.015  -78.571  -29.501 0.5000000000
16913  -28.124  -71.274  -30.818 0.5000000000
16923  -28.078  -71.690  -31.514 0.5000000000
16930  -29.239  -71.197  -32.095 0.5000000000
16931  -29.752  -70.472  -32.362 0.5000000000
16924  -30.648  -70.812  -31.470 0.5000000000
15820  -26.550  -72.916  -30.726 0.5000000000
14748  -28.265  -72.460  -31.630 0.5000000000
18016  -32.540  -69.805  -31.175 0.4000000060
13596  -26.181  -73.845  -30.753 0.5000000000
16926  -32.720  -70.872  -30.295 0.4000000060
15688  -36.255  -72.484  -21.738 0.3000000119
15703  -37.122  -72.219  -22.261 0.3000000119
14728  -25.582  -73.783  -30.476 0.6000000238
16914  -33.183  -71.653  -29.803 0.4000000060
15833  -33.688  -72.043  -30.041 0.4000000060
13583  -24.926  -74.511  -30.048 0.6000000238
12473  -24.780  -75.548  -29.531 0.6000000238
16818  -37.340  -71.617  -23.575 0.3000000119
16838  -37.797  -71.356  -24.213 0.3000000119
12472  -24.072  -75.538  -29.016 0.6000000238
15838  -33.974  -71.841  -31.068 0.4000000060
12430  -23.472  -75.496  -27.729 0.6000000238
142824  -34.127  -70.396  -32.093 0.4000000060
16936  -34.302  -71.320  -32.542 0.4000000060
16892  -37.356  -71.231  -27.274 0.3000000119
12431  -24.000  -75.427  -26.664 0.6999999881
18037  -35.038  -71.065  -33.200 0.3000000119
19189  -35.603  -69.785  -33.054 0.3000000119
152642  -28.931  -70.433  -31.763 0.5000000000
16935  -29.342  -70.556  -32.184 0.5000000000
18030  -29.687  -70.004  -32.455 0.5000000000
18026  -30.954  -69.177  -32.705 0.4000000060
16912  -27.415  -72.295  -30.849 0.5000000000
18014  -30.731  -69.873  -32.368 0.4000000060
16925  -31.768  -70.199  -31.012 0.4000000060
16902  -27.726  -71.795  -29.633 0.6000000238
19170  -33.021  -69.257  -31.640 0.4000000060
18017  -33.271  -70.234  -30.864 0.4000000060
16797  -37.742  -71.882  -22.899 0.3000000119
12471  -23.532  -75.437  -28.487 0.6000000238
16927  -33.518  -71.167  -30.351 0.4000000060
16932  -33.919  -70.801  -31.335 0.4000000060
18031  -34.139  -69.705  -32.211 0.4000000060
19188  -34.813  -69.417  -32.657 0.4000000060
18033  -34.998  -70.299  -33.034 0.3000000119
134411  -36.232  -69.155  -33.005 0.3000000119
13528  -23.473  -74.766  -26.083 0.6000000238
18012  -28.650  -70.512  -31.174 0.5000000000
19167  -29.597  -69.287  -31.977 0.5000000000
19168  -30.046  -68.574  -31.608 0.4000000060
19178  -30.473  -69.026  -32.693 0.4000000060
17999  -28.659  -70.628  -30.237 0.5000000000
18000  -29.154  -70.034  -30.437 0.5000000000
19179  -31.276  -68.459  -32.435 0.4000000060
15806  -26.864  -72.705  -30.080 0.6000000238
152581  -28.353  -71.495  -28.873 0.6000000238
17988  -28.557  -71.097  -29.378 0.6000000238
19169  -31.985  -68.926  -32.185 0.4000000060
14715  -25.051  -73.811  -29.994 0.6000000238
15807  -27.337  -72.356  -28.755 0.6000000238
20307  -33.580  -68.125  -32.051 0.4000000060
19181  -33.410  -68.728  -31.909 0.4000000060
151157  -24.469  -74.183  -29.693 0.6000000238
18027  -33.706  -69.754  -31.563 0.4000000060
145703  -34.401  -68.493  -32.254 0.4000000060
19187  -34.188  -69.028  -32.265 0.4000000060
20313  -35.803  -68.124  -32.338 0.4000000060
136209  -37.511  -71.403  -25.024 0.3000000119
140422  -38.616  -71.273  -24.101 0.3000000119
143968  -23.239  -74.890  -29.073 0.6000000238
17976  -38.047  -70.613  -27.098 0.3000000119
16857  -37.911  -71.057  -25.721 0.3000000119
13557  -22.863  -75.175  -28.346 0.6000000238
13527  -22.547  -74.489  -26.711 0.6000000238
14694  -21.745  -73.997  -28.294 0.6999999881
14696  -23.746  -73.288  -28.424 0.6999999881
13545  -22.270  -74.713  -27.847 0.6000000238
14710  -21.848  -72.833  -28.999 0.6999999881
15789  -23.195  -72.764  -28.954 0.6999999881
14680  -21.577  -73.458  -27.605 0.6000000238
15774  -24.436  -72.684  -27.033 0.6999999881
16871  -24.293  -72.082  -26.457 0.6000000238
16900  -21.906  -72.136  -29.069 0.6999999881
16886  -23.507  -71.458  -28.887 0.6999999881
19152  -29.561  -69.240  -30.879 0.5000000000
17989  -29.270  -70.456  -29.254 0.5000000000
19135  -29.886  -69.608  -29.553 0.5000000000
19136  -30.615  -69.128  -29.351 0.5000000000
149327  -31.220  -67.601  -30.643 0.5000000000
20302  -31.781  -67.255  -30.727 0.4000000060
155381  -31.241  -67.919  -32.181 0.4000000060
137337  -28.155  -71.815  -28.379 0.6000000238
17972  -29.566  -70.814  -28.116 0.6000000238
131324  -29.995  -70.270  -28.629 0.6000000238
17990  -30.645  -69.779  -28.460 0.6000000238
21473  -32.438  -67.204  -31.520 0.4000000060
140217  -25.608  -73.461  -29.270 0.6000000238
16890  -30.044  -71.009  -27.155 0.6000000238
17973  -30.366  -70.502  -27.770 0.6000000238
134964  -32.707  -67.837  -32.031 0.4000000060
14698  -24.934  -73.634  -28.666 0.6000000238
15792  -26.970  -72.729  -27.824 0.6000000238
15793  -27.851  -72.245  -27.600 0.6000000238
147672  -28.970  -71.696  -26.484 0.6000000238
154752  -30.317  -71.098  -26.603 0.6000000238
20308  -33.940  -67.572  -31.850 0.4000000060
21477  -35.479  -65.734  -31.584 0.4000000060
15790  -25.449  -73.037  -27.247 0.6000000238
15777  -27.403  -72.486  -26.777 0.6000000238
15778  -28.255  -72.181  -26.646 0.6000000238
16854  -30.144  -71.495  -25.437 0.6000000238
16855  -30.949  -71.225  -25.252 0.6000000238
21482  -35.223  -66.945  -31.743 0.4000000060
21478  -36.532  -65.825  -31.809 0.4000000060
14713  -23.442  -74.247  -29.288 0.6000000238
157018  -28.582  -72.106  -25.895 0.6000000238
135204  -31.240  -71.285  -24.346 0.6999999881
13556  -22.432  -74.473  -28.681 0.6999999881
14697  -24.508  -73.317  -27.889 0.6000000238
15776  -25.876  -72.651  -26.166 0.6000000238
140545  -27.766  -72.400  -25.760 0.6000000238
16835  -30.447  -71.616  -24.587 0.6000000238
16817  -32.085  -71.053  -23.295 0.6000000238
17896  -33.390  -70.564  -22.856 0.6000000238
15739  -28.374  -72.440  -24.234 0.6000000238
16814  -29.863  -72.149  -24.040 0.6000000238
16815  -30.645  -71.712  -23.618 0.6000000238
16795  -32.509  -70.934  -22.710 0.6000000238
15755  -25.404  -72.401  -25.477 0.6000000238
15756  -26.221  -72.536  -25.299 0.6000000238
15721  -28.953  -72.430  -23.436 0.5000000000
136100  -29.888  -72.182  -23.250 0.6000000238
16793  -30.973  -71.478  -22.340 0.6000000238
131076  -26.600  -72.503  -24.580 0.5000000000
16885  -22.519  -71.479  -29.092 0.6999999881
16887  -24.024  -71.509  -27.452 0.6999999881
16852  -24.556  -71.708  -25.443 0.5000000000
15737  -26.203  -72.192  -23.882 0.6000000238
15720  -27.760  -72.487  -23.563 0.5000000000
145988  -29.440  -72.170  -22.596 0.5000000000
15719  -26.852  -72.147  -23.312 0.6000000238
27603  -21.639  -61.774  -23.770 0.6000000238
27604  -21.999  -62.289  -23.648 0.6000000238
27627  -22.088  -62.154  -24.919 0.6000000238
19154  -31.008  -68.349  -29.788 0.5000000000
19137  -31.211  -69.158  -28.785 0.5000000000
20294  -31.738  -67.842  -29.793 0.5000000000
21468  -32.510  -66.951  -30.797 0.5000000000
21467  -31.906  -67.248  -31.330 0.4000000060
17956  -30.737  -70.741  -26.823 0.5000000000
17974  -31.059  -70.252  -27.500 0.5000000000
19103  -32.598  -70.108  -27.021 0.5000000000
21470  -33.878  -66.363  -30.840 0.4000000060
22681  -34.531  -65.637  -30.948 0.4000000060
17957  -31.396  -70.482  -26.799 0.5000000000
17959  -32.873  -70.333  -26.197 0.5000000000
21481  -34.376  -66.847  -31.528 0.4000000060
22682  -35.038  -65.133  -31.169 0.4000000060
22683  -35.908  -64.959  -31.351 0.4000000060
17921  -31.743  -70.877  -25.010 0.5000000000
17939  -32.263  -70.548  -25.625 0.5000000000
17958  -32.040  -70.400  -26.467 0.5000000000
17922  -33.301  -70.449  -24.582 0.6000000238
17909  -32.701  -70.779  -23.483 0.6000000238
17910  -33.383  -70.500  -23.789 0.5000000000
146869  -33.773  -70.346  -21.932 0.4000000060
17897  -34.200  -70.177  -22.648 0.4000000060
19046  -34.812  -69.688  -22.572 0.4000000060
17874  -31.926  -71.047  -21.135 0.6000000238
16769  -32.193  -71.055  -21.939 0.6000000238
157474  -34.144  -70.108  -21.214 0.5000000000
19017  -34.830  -69.604  -20.935 0.4000000060
19030  -35.132  -69.406  -21.820 0.4000000060
19018  -35.366  -68.910  -20.384 0.4000000060
16884  -21.900  -71.718  -28.098 0.6999999881
16768  -31.383  -71.296  -21.786 0.6000000238
17876  -33.392  -70.479  -20.996 0.5000000000
17937  -24.676  -70.662  -25.324 0.6000000238
140200  -28.212  -72.028  -22.310 0.5000000000
134178  -29.735  -71.740  -22.017 0.5000000000
17853  -32.556  -70.732  -20.497 0.5000000000
17829  -33.316  -70.363  -19.738 0.5000000000
17854  -34.159  -70.051  -20.333 0.4000000060
19002  -35.149  -68.606  -19.607 0.4000000060
16833  -25.402  -71.585  -24.035 0.6000000238
16744  -30.191  -71.139  -20.780 0.5000000000
25067  -20.428  -63.278  -22.407 0.6999999881
26345  -21.038  -62.640  -22.712 0.6000000238
26330  -21.069  -63.559  -22.264 0.6999999881
26346  -21.689  -62.736  -22.831 0.6000000238
25035  -21.233  -64.838  -20.988 0.6000000238
146709  -22.621  -63.590  -24.504 0.6000000238
25068  -22.347  -63.894  -22.249 0.6000000238
25036  -21.954  -64.704  -20.919 0.6000000238
152859  -22.103  -65.444  -19.658 0.6000000238
23755  -22.426  -65.618  -19.398 0.6000000238
25113  -23.111  -63.157  -25.955 0.5000000000
23844  -22.735  -64.540  -24.054 0.6000000238
23809  -22.581  -64.942  -21.935 0.6000000238
145963  -22.274  -64.584  -21.414 0.6000000238
23773  -22.227  -65.351  -20.074 0.6000000238
21459  -33.146  -67.014  -30.039 0.5000000000
25114  -23.627  -63.956  -26.170 0.5000000000
25098  -23.134  -64.337  -25.111 0.5000000000
23793  -22.897  -65.852  -20.984 0.5000000000
23774  -22.649  -65.501  -20.463 0.5000000000
150568  -31.798  -69.319  -28.378 0.4000000060
19138  -32.397  -69.132  -28.376 0.5000000000
20297  -34.675  -66.734  -29.744 0.5000000000
153372  -33.239  -66.687  -30.678 0.4000000060
134678  -23.844  -64.983  -25.655 0.5000000000
149563  -22.771  -65.464  -23.759 0.5000000000
22564  -23.259  -66.523  -21.335 0.5000000000
22550  -23.228  -66.121  -20.351 0.5000000000
19122  -32.989  -69.530  -27.625 0.5000000000
22675  -34.397  -65.883  -30.549 0.4000000060
23899  -36.271  -64.960  -30.410 0.4000000060
23901  -37.753  -64.523  -30.372 0.4000000060
23861  -24.533  -64.590  -26.795 0.5000000000
133524  -23.196  -66.215  -24.050 0.5000000000
22587  -22.756  -65.976  -22.931 0.6000000238
21339  -23.749  -67.337  -21.830 0.6000000238
22677  -35.533  -64.810  -30.970 0.4000000060
22621  -25.072  -66.448  -25.966 0.6000000238
135474  -23.980  -66.733  -24.222 0.6000000238
22588  -23.450  -66.911  -23.414 0.6999999881
152384  -33.548  -70.194  -25.886 0.4000000060
17941  -33.940  -70.177  -25.155 0.5000000000
21414  -23.961  -67.920  -28.764 0.6000000238
19074  -34.633  -69.946  -23.823 0.5000000000
19061  -35.118  -69.587  -23.287 0.4000000060
19100  -23.513  -68.472  -27.887 0.6000000238
19060  -34.578  -69.961  -23.164 0.4000000060
19116  -23.573  -69.721  -28.886 0.6000000238
17987  -24.266  -69.888  -29.356 0.6000000238
19031  -35.815  -68.937  -21.768 0.4000000060
19088  -25.076  -69.666  -26.302 0.6000000238
17986  -23.702  -70.393  -29.173 0.6999999881
16812  -25.756  -70.876  -23.498 0.6000000238
17894  -27.137  -70.797  -22.338 0.6000000238
16791  -27.586  -71.499  -22.255 0.5000000000
148771  -28.917  -71.349  -21.263 0.5000000000
25052  -20.429  -64.269  -21.947 0.6999999881
22537  -21.059  -66.257  -19.533 0.6000000238
23772  -21.723  -65.329  -20.033 0.6000000238
22538  -21.286  -66.452  -18.684 0.6000000238
23738  -22.296  -65.924  -18.704 0.6000000238
22522  -22.687  -66.259  -17.987 0.6999999881
22503  -23.304  -66.623  -17.435 0.6000000238
23739  -23.034  -65.803  -18.878 0.6000000238
19140  -33.922  -68.759  -28.474 0.5000000000
20282  -33.350  -68.092  -29.194 0.5000000000
20296  -33.977  -67.442  -29.507 0.5000000000
22539  -23.631  -66.323  -18.992 0.6000000238
22504  -23.926  -66.947  -17.769 0.5000000000
134587  -34.877  -68.094  -29.069 0.5000000000
22664  -34.855  -65.697  -30.204 0.5000000000
22666  -37.149  -65.576  -29.708 0.4000000060
21329  -24.331  -67.612  -20.434 0.6000000238
21328  -23.757  -67.041  -20.853 0.6000000238
21300  -24.489  -67.422  -18.073 0.5000000000
19105  -34.440  -69.517  -26.636 0.5000000000
21433  -25.479  -67.197  -29.981 0.6000000238
21434  -26.124  -66.612  -29.310 0.4000000060
22637  -25.563  -65.879  -27.164 0.6000000238
21367  -24.618  -67.321  -23.793 0.6000000238
141928  -24.478  -67.853  -22.223 0.6000000238
146507  -24.392  -67.543  -19.579 0.6000000238
19090  -34.167  -69.847  -25.937 0.4000000060
154787  -35.123  -69.368  -26.520 0.4000000060
20262  -25.776  -67.550  -29.054 0.5000000000
21415  -25.950  -67.042  -28.012 0.5000000000
21382  -25.574  -67.339  -25.646 0.6000000238
22599  -24.819  -66.912  -24.833 0.6999999881
21368  -25.522  -67.835  -23.832 0.6000000238
20161  -24.986  -68.273  -21.790 0.6000000238
20150  -24.869  -68.314  -20.939 0.6000000238
151312  -34.583  -69.756  -25.350 0.5000000000
131375  -24.970  -68.073  -29.667 0.6000000238
132309  -25.920  -67.992  -25.890 0.6000000238
21383  -25.839  -67.950  -24.743 0.6000000238
20174  -25.757  -68.534  -22.354 0.6000000238
20162  -25.659  -68.638  -21.457 0.6000000238
20137  -26.217  -69.239  -19.114 0.6000000238
19075  -35.284  -69.538  -24.125 0.4000000060
19119  -25.408  -68.429  -28.826 0.5000000000
20244  -25.752  -67.950  -27.477 0.6000000238
20192  -25.895  -68.476  -23.898 0.6000000238
20175  -26.369  -68.991  -22.012 0.6000000238
20163  -26.255  -69.092  -21.048 0.6000000238
19134  -24.412  -69.463  -29.331 0.6000000238
19118  -24.846  -69.416  -28.949 0.6000000238
19102  -25.283  -68.967  -27.546 0.6000000238
19058  -26.081  -69.122  -23.691 0.6000000238
20193  -26.252  -68.926  -22.994 0.6000000238
17907  -26.041  -69.951  -23.492 0.6000000238
17920  -25.196  -70.486  -24.151 0.6000000238
16764  -28.243  -71.367  -21.650 0.5000000000
16743  -29.302  -71.002  -20.595 0.5000000000
25051  -19.308  -64.739  -21.738 0.6999999881
23791  -20.001  -65.375  -21.343 0.6999999881
25033  -17.535  -64.524  -20.380 0.6999999881
23753  -18.133  -66.198  -19.822 0.6999999881
22548  -18.713  -66.074  -20.749 0.6999999881
22536  -20.042  -66.523  -19.748 0.6999999881
22520  -20.380  -66.746  -18.298 0.6000000238
22501  -21.392  -66.370  -17.315 0.6000000238
23698  -22.202  -65.827  -15.446 0.5000000000
131334  -22.095  -66.301  -17.434 0.6999999881
22454  -23.106  -66.205  -15.566 0.5000000000
22479  -23.219  -66.565  -16.513 0.5000000000
130905  -23.934  -66.901  -16.904 0.5000000000
131531  -35.586  -68.478  -28.362 0.4000000060
21449  -35.648  -67.685  -29.079 0.5000000000
21462  -37.007  -66.789  -29.108 0.5000000000
149322  -36.314  -65.969  -29.706 0.5000000000
22667  -38.103  -65.464  -29.615 0.4000000060
19124  -34.936  -69.215  -27.242 0.4000000060
20284  -36.393  -68.151  -28.373 0.4000000060
21301  -24.995  -68.023  -18.368 0.6000000238
20135  -24.873  -68.255  -20.055 0.6000000238
20119  -25.669  -68.342  -17.885 0.6000000238
20152  -26.220  -69.175  -20.094 0.6000000238
20120  -26.431  -68.921  -18.152 0.6000000238
19045  -26.715  -69.564  -22.373 0.6000000238
19016  -27.368  -69.912  -20.258 0.6000000238
18961  -27.339  -69.287  -17.900 0.6000000238
156867  -26.963  -70.052  -22.547 0.6000000238
135823  -27.522  -69.836  -19.082 0.5000000000
17873  -27.836  -70.607  -21.253 0.6000000238
17848  -27.988  -70.356  -20.392 0.5000000000
16765  -28.517  -70.874  -20.888 0.5000000000
25023  -17.152  -64.827  -19.603 0.6999999881
23752  -17.525  -65.665  -19.237 0.6999999881
23737  -18.078  -66.273  -18.840 0.6999999881
146025  -18.686  -66.559  -19.162 0.6999999881
23713  -19.689  -66.095  -17.291 0.6000000238
133806  -19.605  -66.670  -17.940 0.6999999881
135577  -20.961  -65.841  -15.982 0.4000000060
25022  -16.604  -64.374  -19.196 0.6999999881
25012  -17.005  -65.053  -18.760 0.6999999881
24998  -18.204  -65.473  -17.625 0.6000000238
24999  -19.088  -65.385  -17.378 0.6000000238
23697  -21.398  -65.478  -15.473 0.5000000000
26270  -15.247  -63.710  -18.802 0.6999999881
155740  -15.755  -64.120  -18.604 0.6999999881
23673  -22.061  -65.126  -14.828 0.5000000000
135142  -14.793  -64.127  -17.958 0.6999999881
146126  -22.718  -65.696  -14.935 0.5000000000
26253  -14.466  -64.239  -17.191 0.6000000238
133555  -13.797  -64.263  -16.682 0.6000000238
26232  -12.957  -64.222  -16.147 0.6000000238
26209  -11.615  -63.522  -15.595 0.5000000000
147763  -12.053  -62.819  -15.264 0.5000000000
21451  -37.101  -67.699  -28.424 0.4000000060
21463  -37.865  -66.575  -29.078 0.4000000060
18981  -27.882  -69.799  -18.405 0.6000000238
24984  -19.941  -65.042  -16.286 0.5000000000
23714  -20.310  -65.827  -16.513 0.5000000000
24997  -17.187  -64.992  -17.716 0.6000000238
24981  -17.786  -64.789  -16.971 0.6000000238
24982  -18.677  -64.771  -17.209 0.6000000238
26239  -19.698  -64.271  -16.637 0.6000000238
26217  -21.023  -63.844  -15.254 0.5000000000
24970  -21.164  -64.726  -15.201 0.5000000000
24946  -21.744  -64.219  -14.669 0.5000000000
26271  -15.645  -64.313  -17.902 0.6999999881
24980  -16.895  -64.519  -16.843 0.6000000238
147452  -18.281  -64.324  -16.812 0.6000000238
144430  -19.062  -63.459  -17.315 0.6000000238
26195  -23.157  -63.836  -14.139 0.5000000000
26254  -15.189  -64.230  -17.064 0.6999999881
26235  -16.497  -63.930  -16.185 0.6000000238
26214  -16.939  -63.320  -15.679 0.6000000238
27502  -18.149  -62.657  -15.944 0.6000000238
27517  -18.831  -62.853  -17.034 0.6000000238
26233  -14.630  -63.997  -16.192 0.6000000238
26213  -16.042  -63.413  -15.487 0.6000000238
27500  -16.475  -62.699  -15.173 0.6000000238
28733  -18.337  -61.906  -16.101 0.6000000238
147595  -14.352  -63.451  -15.335 0.6000000238
27498  -14.559  -62.781  -14.851 0.6000000238
27479  -15.939  -62.115  -14.899 0.6000000238
28732  -17.600  -61.371  -15.641 0.6000000238
26211  -13.700  -63.120  -15.025 0.5000000000
27496  -12.890  -62.460  -15.045 0.5000000000
27477  -14.402  -61.955  -14.762 0.5000000000
28706  -15.230  -61.641  -15.019 0.6000000238
29918  -17.212  -60.517  -16.233 0.6000000238
21452  -38.433  -67.366  -28.325 0.4000000060
27494  -9.923  -62.460  -15.660 0.5000000000
28728  -13.419  -61.558  -15.143 0.5000000000
28730  -15.338  -60.870  -15.639 0.6000000238
29917  -16.264  -60.596  -15.891 0.6000000238
145432  -9.875  -61.681  -15.712 0.5000000000
28756  -11.822  -60.669  -16.218 0.5000000000
29913  -12.546  -60.965  -15.913 0.4000000060
29915  -14.466  -60.325  -16.395 0.5000000000
29916  -15.345  -60.149  -16.640 0.6000000238
26216  -20.331  -63.607  -16.325 0.6000000238
27481  -21.777  -63.309  -14.803 0.5000000000
155178  -20.561  -62.963  -16.460 0.6000000238
28734  -21.603  -61.972  -15.897 0.5000000000
27482  -22.821  -63.031  -14.573 0.5000000000
28759  -19.945  -62.115  -17.773 0.6999999881
137615  -20.994  -61.404  -17.047 0.6999999881
28757  -18.876  -61.983  -17.485 0.6000000238
28770  -19.585  -61.418  -18.176 0.6999999881
29939  -18.542  -60.936  -17.397 0.6000000238
29955  -19.285  -60.629  -18.390 0.6999999881
29938  -17.752  -60.223  -17.334 0.6000000238
29954  -18.550  -60.352  -18.073 0.6999999881
31045  -18.869  -59.470  -18.591 0.6999999881
29911  -9.716  -60.351  -15.164 0.5000000000
29933  -11.212  -60.572  -16.030 0.5000000000
29914  -13.446  -60.479  -16.420 0.4000000060
29937  -15.366  -59.536  -17.479 0.6000000238
31034  -17.063  -59.249  -18.143 0.6000000238
29912  -10.469  -60.232  -15.502 0.5000000000
29935  -13.378  -60.064  -16.819 0.4000000060
31032  -14.992  -59.382  -17.229 0.5000000000
27505  -23.121  -62.202  -15.024 0.5000000000
28735  -22.627  -61.700  -15.723 0.5000000000
154979  -21.332  -61.684  -16.456 0.6000000238
29941  -21.708  -60.619  -17.382 0.5000000000
29942  -22.688  -60.481  -17.110 0.5000000000
28771  -20.572  -60.821  -17.885 0.6999999881
29956  -20.094  -60.416  -18.376 0.6999999881
29963  -19.772  -59.602  -18.653 0.6000000238
31058  -18.375  -58.391  -18.807 0.6999999881
138698  -19.400  -58.588  -18.978 0.6000000238
142627  -16.038  -59.322  -18.051 0.6000000238
31057  -17.401  -58.525  -18.522 0.6000000238
32219  -12.920  -59.407  -16.254 0.5000000000
31031  -14.144  -59.799  -16.900 0.4000000060
31043  -15.932  -58.841  -18.007 0.6000000238
32198  -13.958  -58.466  -16.101 0.4000000060
32220  -13.727  -59.292  -16.512 0.4000000060
33373  -15.537  -58.011  -16.626 0.5000000000
32223  -15.907  -58.376  -17.557 0.5000000000
149624  -21.482  -60.074  -18.043 0.6000000238
29959  -23.087  -59.867  -17.640 0.5000000000
31046  -21.854  -59.323  -18.511 0.6000000238
31047  -22.773  -59.307  -18.247 0.5000000000
150219  -21.139  -59.030  -19.081 0.6000000238
31070  -20.768  -58.401  -19.237 0.6000000238
32271  -21.856  -57.685  -19.214 0.5000000000
33427  -19.911  -57.687  -19.048 0.6000000238
33413  -18.559  -57.688  -18.590 0.6999999881
33414  -19.382  -57.456  -18.674 0.5000000000
32244  -17.055  -57.900  -18.242 0.6000000238
33394  -16.708  -57.752  -17.809 0.5000000000
33372  -14.672  -58.242  -16.427 0.4000000060
33355  -16.649  -57.626  -16.543 0.5000000000
38821  -13.531  -51.610  -10.353 0.4000000060
40019  -14.297  -50.113  -10.997 0.3000000119
41274  -14.206  -49.885  -11.276 0.4000000060
31062  -22.979  -58.763  -18.416 0.5000000000
38840  -13.948  -50.950  -11.289 0.3000000119
40044  -14.188  -49.989  -11.371 0.4000000060
33416  -21.368  -56.994  -19.071 0.5000000000
33418  -22.928  -57.016  -18.728 0.5000000000
37720  -14.328  -53.378  -12.584 0.3000000119
38854  -14.496  -50.956  -11.945 0.4000000060
33398  -21.289  -56.891  -18.532 0.5000000000
36635  -14.375  -54.358  -13.157 0.3000000119
33397  -19.637  -57.247  -18.264 0.6000000238
33376  -18.099  -57.419  -17.357 0.6999999881
33377  -19.003  -57.369  -17.557 0.6000000238
157266  -16.088  -57.569  -16.335 0.5000000000
32224  -17.374  -57.798  -16.299 0.5000000000
147002  -17.296  -58.281  -15.152 0.4000000060
32200  -18.105  -58.473  -15.518 0.4000000060
37684  -14.897  -52.258  -10.315 0.3000000119
38842  -16.039  -51.215  -11.279 0.3000000119
155176  -15.389  -49.660  -11.720 0.3000000119
149760  -14.895  -49.659  -11.702 0.4000000060
34520  -22.486  -56.349  -18.655 0.5000000000
38863  -14.987  -52.454  -12.660 0.4000000060
40056  -15.734  -50.669  -13.041 0.4000000060
33399  -21.941  -56.403  -18.154 0.5000000000
37728  -15.520  -53.244  -13.484 0.4000000060
37729  -16.138  -52.961  -14.016 0.4000000060
153885  -20.475  -57.157  -18.306 0.5000000000
153062  -21.917  -56.760  -17.506 0.5000000000
36636  -15.181  -54.133  -13.628 0.4000000060
32227  -20.520  -58.122  -16.905 0.5000000000
32225  -18.431  -57.896  -16.608 0.5000000000
32202  -19.919  -58.889  -15.926 0.5000000000
33334  -15.660  -56.910  -14.943 0.3000000119
33335  -16.910  -57.678  -13.905 0.4000000060
32174  -17.929  -58.620  -14.559 0.4000000060
31014  -19.385  -59.308  -15.175 0.4000000060
153547  -15.478  -53.867  -10.630 0.3000000119
40035  -16.009  -50.032  -11.611 0.4000000060
41292  -15.415  -49.638  -11.930 0.4000000060
34508  -24.634  -56.522  -17.101 0.4000000060
41309  -16.188  -49.885  -13.237 0.4000000060
148407  -23.842  -56.331  -17.543 0.4000000060
38864  -15.754  -52.150  -13.268 0.4000000060
40057  -16.546  -50.736  -13.877 0.4000000060
33380  -22.568  -56.271  -17.455 0.4000000060
38875  -16.972  -51.819  -14.532 0.4000000060
32228  -21.502  -57.758  -16.840 0.5000000000
138652  -16.334  -53.457  -14.269 0.4000000060
35575  -16.073  -55.486  -14.331 0.3000000119
32203  -20.984  -58.793  -15.807 0.5000000000
33319  -17.419  -57.369  -13.429 0.3000000119
37706  -15.962  -52.716  -11.157 0.3000000119
37707  -16.712  -52.235  -11.571 0.3000000119
38843  -16.808  -51.116  -11.774 0.3000000119
40047  -16.802  -49.897  -12.269 0.4000000060
135058  -17.429  -49.158  -13.081 0.4000000060
41300  -17.641  -48.639  -13.688 0.3000000119
41311  -17.153  -48.933  -13.794 0.4000000060
156531  -25.261  -56.783  -16.734 0.4000000060
33383  -25.856  -56.521  -16.322 0.4000000060
41310  -16.781  -49.693  -13.857 0.4000000060
34493  -23.731  -56.046  -16.839 0.4000000060
37741  -16.644  -52.800  -14.433 0.3000000119
32229  -22.289  -57.041  -16.640 0.4000000060
36650  -16.247  -54.339  -14.234 0.3000000119
36651  -17.003  -53.839  -14.599 0.3000000119
35576  -16.920  -55.857  -14.068 0.3000000119
30975  -18.619  -59.056  -13.985 0.4000000060
139194  -17.889  -54.230  -11.527 0.3000000119
38856  -17.655  -51.317  -12.297 0.4000000060
40048  -17.925  -49.912  -12.600 0.4000000060
34481  -27.700  -55.848  -15.347 0.4000000060
156910  -25.560  -55.749  -16.207 0.4000000060
41319  -17.562  -49.746  -14.466 0.4000000060
35592  -24.374  -55.749  -16.242 0.4000000060
40066  -17.165  -50.742  -14.595 0.4000000060
33356  -22.998  -56.447  -16.418 0.4000000060
34479  -24.327  -55.816  -15.604 0.4000000060
38876  -17.791  -51.781  -14.988 0.3000000119
33357  -23.435  -56.919  -15.477 0.4000000060
36652  -18.094  -53.734  -14.965 0.3000000119
134139  -21.996  -58.199  -15.834 0.5000000000
135420  -16.778  -54.901  -14.369 0.3000000119
35577  -17.721  -54.985  -14.537 0.3000000119
32175  -21.614  -58.870  -14.893 0.5000000000
146674  -18.200  -57.816  -13.371 0.3000000119
30997  -20.319  -59.273  -13.970 0.4000000060
32150  -17.785  -58.262  -13.815 0.4000000060
37721  -18.378  -52.723  -12.155 0.3000000119
42524  -17.964  -47.840  -13.932 0.3000000119
42545  -18.111  -47.831  -14.116 0.3000000119
34480  -26.825  -55.708  -15.510 0.4000000060
40068  -18.450  -50.577  -15.239 0.3000000119
35605  -25.048  -55.574  -16.174 0.4000000060
147630  -26.081  -55.447  -15.410 0.3000000119
38877  -18.500  -51.558  -15.396 0.3000000119
34465  -23.948  -56.399  -15.299 0.4000000060
35579  -24.854  -55.758  -15.155 0.4000000060
135152  -19.027  -53.586  -15.086 0.3000000119
153638  -19.502  -54.256  -14.743 0.3000000119
32176  -22.561  -58.463  -14.792 0.4000000060
35562  -18.695  -55.546  -14.243 0.3000000119
34447  -19.256  -56.812  -13.317 0.3000000119
33320  -19.009  -57.696  -13.253 0.3000000119
32152  -20.473  -58.670  -13.321 0.3000000119
40069  -19.255  -50.299  -15.403 0.3000000119
41321  -19.844  -49.420  -14.854 0.3000000119
132011  -19.013  -51.188  -15.536 0.3000000119
35581  -25.937  -55.453  -14.611 0.3000000119
34467  -25.034  -56.403  -14.415 0.4000000060
35580  -25.343  -55.746  -14.715 0.4000000060
36653  -19.832  -53.583  -14.886 0.3000000119
33336  -23.965  -57.529  -14.496 0.4000000060
157185  -24.701  -57.235  -14.169 0.4000000060
36638  -19.546  -55.066  -14.392 0.3000000119
144097  -19.472  -55.943  -13.821 0.3000000119
32154  -22.418  -58.557  -13.338 0.3000000119
32136  -20.460  -58.079  -12.955 0.3000000119
37745  -20.683  -52.425  -14.547 0.3000000119
36639  -20.163  -54.441  -14.385 0.3000000119
33321  -24.536  -57.926  -13.473 0.3000000119
33322  -25.802  -57.193  -13.230 0.3000000119
35563  -20.329  -55.415  -13.745 0.3000000119
32155  -23.225  -58.514  -13.491 0.3000000119
34432  -20.041  -57.416  -13.031 0.3000000119
32138  -22.072  -58.158  -12.747 0.3000000119
37731  -21.337  -53.093  -13.855 0.3000000119
38859  -22.622  -52.161  -12.862 0.3000000119
35564  -20.864  -54.561  -13.758 0.3000000119
144717  -24.392  -57.863  -12.601 0.3000000119
37722  -21.953  -53.740  -13.025 0.3000000119
37723  -22.732  -53.170  -12.429 0.3000000119
134869  -18.715  -58.565  -13.541 0.4000000060
34445  -17.062  -56.751  -13.502 0.3000000119
34446  -18.199  -57.014  -13.293 0.3000000119
10357  -32.553  -77.388  -32.016 0.6000000238
136716  -32.071  -78.487  -32.977 0.5000000000
9354  -30.482  -78.494  -34.506 0.5000000000
9343  -29.851  -78.045  -34.024 0.5000000000
9346  -31.998  -78.452  -33.994 0.5000000000
10368  -34.244  -77.062  -32.910 0.5000000000
10326  -32.568  -77.248  -29.402 0.6999999881
12492  -33.428  -75.159  -29.738 0.6999999881
10325  -32.070  -77.563  -28.615 0.6999999881
9300  -31.379  -78.531  -29.907 0.6999999881
9348  -33.575  -77.825  -33.497 0.4000000060
145819  -30.806  -78.563  -29.057 0.6999999881
12528  -33.810  -74.882  -33.035 0.5000000000
140486  -37.721  -70.750  -27.762 0.3000000119
13622  -34.083  -74.323  -32.679 0.5000000000
15852  -35.089  -72.419  -33.304 0.3000000119
15821  -32.553  -71.944  -29.529 0.6000000238
14718  -32.364  -73.410  -28.581 0.6000000238
15832  -31.693  -71.207  -30.245 0.5000000000
12458  -31.667  -75.549  -27.303 0.6999999881
15742  -36.403  -72.246  -24.704 0.3000000119
12436  -29.218  -75.989  -26.651 0.6000000238
12457  -30.856  -75.547  -27.064 0.6000000238
10301  -31.127  -77.716  -27.324 0.6999999881
150177  -32.889  -75.585  -32.727 0.5000000000
11412  -33.060  -76.157  -33.382 0.6000000238
10375  -32.732  -77.946  -33.942 0.5000000000
9270  -30.372  -78.325  -27.180 0.6000000238
151637  -30.174  -78.869  -28.590 0.6999999881
136383  -28.187  -77.529  -25.506 0.5000000000
140293  -28.463  -79.010  -28.827 0.5000000000
136192  -38.350  -70.324  -27.824 0.3000000119
12415  -26.885  -75.454  -25.219 0.6000000238
9283  -27.591  -78.970  -28.733 0.5000000000
18035  -38.955  -70.549  -33.271 0.3000000119
139124  -33.648  -73.802  -30.904 0.5000000000
17992  -38.513  -69.888  -28.814 0.3000000119
9282  -26.629  -78.831  -28.665 0.5000000000
16819  -38.211  -71.580  -23.523 0.3000000119
14712  -22.718  -74.071  -29.142 0.6999999881
15775  -25.073  -72.698  -26.513 0.6000000238
136293  -25.746  -72.278  -24.628 0.6000000238
16888  -28.594  -71.732  -27.403 0.6000000238
19121  -32.174  -69.704  -27.765 0.5000000000
21475  -33.700  -66.794  -31.304 0.4000000060
145942  -30.587  -71.158  -26.083 0.6000000238
17938  -31.386  -70.760  -25.995 0.5000000000
16834  -29.761  -71.826  -24.819 0.6000000238
17911  -34.057  -70.283  -23.429 0.4000000060
17985  -23.334  -70.559  -29.129 0.6000000238
151602  -24.405  -70.699  -27.311 0.6999999881
25082  -22.504  -63.663  -23.352 0.6000000238
20281  -32.468  -68.347  -29.077 0.4000000060
19104  -33.534  -69.858  -26.695 0.4000000060
19047  -35.500  -69.281  -22.567 0.4000000060
16745  -31.066  -71.120  -20.972 0.4000000060
17954  -22.519  -69.854  -26.696 0.6000000238
26331  -21.729  -63.365  -22.299 0.6000000238
21461  -35.671  -66.505  -29.612 0.5000000000
22598  -24.122  -66.021  -25.040 0.5000000000
151189  -24.045  -66.990  -19.153 0.6000000238
23862  -25.252  -65.120  -27.346 0.4000000060
19089  -25.317  -69.523  -25.030 0.5000000000
132672  -34.870  -69.556  -25.920 0.5000000000
20230  -25.604  -68.696  -26.113 0.5000000000
24995  -12.580  -64.654  -17.894 0.6000000238
28727  -11.812  -61.765  -15.515 0.5000000000
135072  -19.478  -63.545  -17.160 0.5000000000
26236  -17.482  -63.990  -16.383 0.6000000238
26237  -18.428  -63.566  -16.623 0.6000000238
27519  -20.016  -63.004  -17.242 0.6000000238
27499  -15.547  -62.798  -15.033 0.6000000238
28754  -10.347  -61.015  -15.762 0.5000000000
28760  -22.019  -61.219  -16.510 0.5000000000
32257  -19.235  -57.892  -19.014 0.6000000238
31030  -12.700  -59.990  -16.735 0.5000000000
33395  -17.914  -57.563  -18.027 0.6000000238
38839  -13.664  -51.382  -10.674 0.3000000119
31061  -22.346  -58.585  -18.745 0.5000000000
33354  -15.817  -57.335  -15.660 0.3000000119
33400  -23.620  -56.910  -18.203 0.4000000060
34507  -23.018  -56.284  -18.234 0.4000000060
32173  -17.109  -58.127  -14.489 0.4000000060
33318  -16.406  -57.081  -14.200 0.3000000119
31015  -20.129  -59.354  -14.978 0.5000000000
34494  -24.443  -55.945  -16.746 0.4000000060
130508  -17.123  -53.323  -11.553 0.3000000119
37742  -17.485  -52.762  -14.877 0.3000000119
32205  -23.265  -57.916  -14.916 0.4000000060
30976  -19.424  -59.080  -13.675 0.3000000119
37743  -18.492  -52.577  -15.245 0.3000000119
30977  -21.046  -58.997  -13.628 0.4000000060
37710  -19.336  -53.214  -11.816 0.3000000119
131964  -20.060  -52.703  -14.961 0.3000000119
32177  -23.322  -58.423  -14.205 0.4000000060
37730  -20.610  -53.555  -14.315 0.3000000119
10299  -22.505  -77.760  -27.638 0.5000000000
10300  -23.462  -78.107  -27.640 0.5000000000
9280  -24.564  -78.439  -28.487 0.5000000000
133348  -24.895  -78.406  -29.203 0.4000000060
10270  -21.998  -77.165  -26.004 0.5000000000
10288  -22.670  -77.527  -26.544 0.5000000000
139345  -23.260  -77.851  -26.963 0.5000000000
146997  -24.236  -78.354  -27.730 0.5000000000
135790  -24.993  -78.591  -27.783 0.5000000000
131969  -26.372  -78.800  -27.777 0.4000000060
140609  -21.583  -76.515  -24.689 0.4000000060
10271  -22.829  -77.352  -25.620 0.5000000000
9250  -24.389  -78.114  -26.086 0.5000000000
151883  -26.126  -78.661  -26.976 0.4000000060
11306  -23.193  -76.992  -23.955 0.5000000000
10272  -23.624  -77.508  -25.123 0.5000000000
10289  -23.601  -77.733  -26.096 0.5000000000
11285  -24.015  -77.186  -23.697 0.5000000000
10273  -24.349  -77.872  -25.369 0.5000000000
10254  -24.403  -77.580  -24.436 0.5000000000
10274  -25.771  -78.058  -24.801 0.5000000000
10275  -26.534  -78.048  -24.786 0.4000000060
11284  -22.707  -76.522  -23.321 0.5000000000
10233  -24.929  -77.260  -23.506 0.5000000000
10234  -25.887  -77.023  -23.530 0.5000000000
10257  -27.073  -77.534  -24.522 0.5000000000
15677  -22.212  -72.929  -20.540 0.5000000000
11266  -23.527  -76.374  -22.631 0.5000000000
12339  -23.300  -75.117  -21.420 0.5000000000
143458  -24.225  -76.046  -22.257 0.5000000000
12340  -24.063  -74.670  -21.889 0.5000000000
11267  -25.088  -76.122  -22.523 0.5000000000
12360  -25.449  -75.390  -22.791 0.5000000000
11287  -25.847  -76.194  -23.012 0.5000000000
11307  -27.071  -76.679  -24.200 0.5000000000
14619  -23.246  -73.277  -21.637 0.5000000000
156469  -22.924  -72.672  -21.998 0.5000000000
16811  -22.347  -71.779  -23.040 0.5000000000
134324  -23.947  -73.777  -22.232 0.5000000000
14633  -22.825  -73.047  -23.780 0.5000000000
143124  -22.439  -72.371  -23.733 0.5000000000
13503  -24.631  -74.225  -23.225 0.5000000000
13502  -23.885  -73.569  -23.238 0.5000000000
14647  -23.384  -73.629  -24.431 0.5000000000
13504  -25.398  -74.800  -23.462 0.5000000000
13513  -24.745  -74.420  -24.190 0.5000000000
12377  -25.891  -75.512  -23.328 0.5000000000
12394  -26.837  -75.850  -24.196 0.5000000000
12395  -27.392  -76.097  -24.621 0.5000000000
17919  -22.441  -69.420  -25.461 0.5000000000
17953  -21.918  -70.997  -27.005 0.6000000238
16831  -22.218  -71.843  -24.212 0.5000000000
14646  -22.583  -73.264  -25.058 0.5000000000
15753  -21.895  -72.849  -25.676 0.5000000000
14666  -22.992  -74.022  -25.556 0.5000000000
14665  -22.218  -73.624  -26.160 0.5000000000
13530  -25.313  -75.184  -25.217 0.5000000000
13529  -24.511  -74.958  -25.332 0.5000000000
12393  -26.116  -75.269  -24.623 0.5000000000
19099  -22.782  -68.550  -26.355 0.5000000000
130947  -23.018  -69.320  -27.603 0.5000000000
16870  -21.538  -71.838  -26.936 0.6000000238
25096  -19.768  -62.498  -24.661 0.5000000000
28822  -20.805  -61.287  -24.067 0.6000000238
156664  -18.936  -62.250  -24.174 0.5000000000
27602  -19.606  -61.232  -23.333 0.5000000000
27586  -20.600  -61.767  -22.996 0.6000000238
27585  -19.180  -61.176  -22.942 0.6000000238
27601  -18.422  -61.163  -23.222 0.5000000000
26343  -18.965  -61.857  -22.389 0.6000000238
27570  -17.599  -61.415  -21.942 0.5000000000
25066  -19.679  -63.424  -22.273 0.6000000238
25065  -18.875  -63.355  -21.947 0.6000000238
27569  -17.034  -61.588  -21.539 0.5000000000
25049  -17.872  -63.511  -20.917 0.6000000238
23789  -18.647  -65.356  -21.283 0.6000000238
27559  -16.727  -61.946  -20.889 0.5000000000
26314  -17.248  -63.345  -20.435 0.5000000000
27551  -14.609  -62.961  -20.104 0.5000000000
26269  -14.386  -63.765  -18.847 0.6000000238
25009  -12.218  -64.926  -18.605 0.6000000238
25010  -12.837  -64.425  -18.840 0.5000000000
26291  -15.983  -63.708  -19.233 0.6000000238
26292  -16.764  -63.734  -19.864 0.5000000000
26252  -13.718  -64.336  -17.970 0.5000000000
24978  -11.357  -64.940  -16.698 0.6000000238
24979  -12.279  -64.645  -16.837 0.6000000238
26210  -12.757  -63.477  -15.453 0.6000000238
141144  -38.996  -69.407  -29.522 0.3000000119
134666  -40.580  -69.396  -30.403 0.3000000119
18019  -38.769  -70.277  -31.827 0.3000000119
19174  -42.428  -69.604  -31.092 0.3000000119
19171  -39.449  -69.746  -31.598 0.3000000119
18018  -38.011  -70.387  -30.803 0.3000000119
138847  -37.428  -70.936  -30.176 0.3000000119
9252  -26.660  -78.612  -26.104 0.4000000060
131403  -23.868  -74.293  -24.917 0.5000000000
14664  -21.611  -73.188  -26.699 0.5000000000
27614  -21.527  -61.618  -24.271 0.5000000000
9265  -25.340  -78.561  -27.066 0.4000000060
9240  -25.170  -78.252  -25.596 0.5000000000
136873  -24.407  -76.710  -22.897 0.5000000000
142773  -22.167  -73.838  -20.501 0.5000000000
14603  -23.457  -74.112  -21.416 0.5000000000
15687  -22.583  -72.584  -21.177 0.5000000000
15698  -22.486  -72.113  -22.047 0.5000000000
135318  -23.292  -73.084  -22.580 0.5000000000
19155  -39.139  -69.428  -30.424 0.3000000119
19184  -40.683  -69.448  -32.268 0.3000000119
19173  -40.762  -69.473  -31.363 0.3000000119
19172  -39.924  -69.337  -30.875 0.3000000119
150905  -40.180  -69.587  -31.807 0.3000000119
130928  -41.546  -69.488  -31.741 0.3000000119
34449  -25.660  -56.308  -13.909 0.3000000119
9241  -26.201  -78.391  -25.399 0.4000000060
9242  -27.146  -78.251  -25.280 0.5000000000
9251  -25.726  -78.533  -26.258 0.4000000060
9255  -29.175  -78.344  -26.454 0.6000000238
9256  -29.920  -78.051  -26.578 0.5000000000
9263  -24.042  -78.205  -26.879 0.5000000000
9264  -24.681  -78.449  -27.192 0.5000000000
9267  -27.923  -78.927  -26.957 0.5000000000
9268  -28.779  -78.907  -27.030 0.5000000000
9279  -23.743  -78.240  -28.386 0.5000000000
9281  -25.560  -78.670  -28.556 0.4000000060
9284  -29.354  -79.064  -28.652 0.5000000000
9287  -31.364  -78.041  -28.295 0.6999999881
9314  -32.207  -78.134  -31.298 0.6000000238
9324  -30.032  -79.047  -32.054 0.6000000238
9334  -30.730  -79.201  -32.783 0.5000000000
9335  -31.418  -78.919  -33.140 0.5000000000
9344  -30.509  -78.853  -33.714 0.5000000000
9345  -31.357  -78.664  -34.356 0.5000000000
9347  -32.858  -78.182  -33.932 0.4000000060
9355  -31.582  -78.530  -34.944 0.5000000000
9380  -29.019  -78.268  -36.924 0.5000000000
9381  -29.840  -78.199  -36.596 0.5000000000
10235  -26.424  -76.375  -23.640 0.5000000000
10252  -22.956  -77.163  -24.767 0.5000000000
10253  -23.618  -77.320  -24.394 0.5000000000
10255  -25.387  -77.599  -24.201 0.5000000000
10256  -26.252  -77.550  -24.259 0.5000000000
10291  -30.569  -77.574  -26.699 0.6000000238
10312  -32.193  -76.825  -27.802 0.6999999881
10340  -27.060  -78.057  -30.998 0.6000000238
10341  -27.927  -78.093  -30.874 0.5000000000
10342  -32.035  -78.002  -29.675 0.6999999881
10377  -33.623  -77.162  -33.582 0.4000000060
10382  -29.965  -77.042  -34.678 0.5000000000
10392  -30.212  -77.695  -35.687 0.6000000238
11286  -25.284  -76.717  -22.988 0.5000000000
11305  -22.368  -76.749  -24.291 0.5000000000
11323  -22.179  -76.959  -25.150 0.4000000060
11342  -29.660  -76.851  -26.271 0.6000000238
11344  -31.124  -77.055  -26.699 0.6999999881
11370  -33.054  -76.369  -29.029 0.6999999881
11382  -33.175  -75.933  -30.040 0.6999999881
11390  -32.757  -76.879  -31.262 0.6999999881
11391  -33.017  -76.160  -31.200 0.6000000238
11400  -36.335  -76.089  -31.183 0.4000000060
11411  -32.821  -76.579  -33.133 0.6000000238
11423  -32.984  -76.994  -33.681 0.5000000000
11425  -34.726  -75.701  -32.430 0.5000000000
11444  -29.864  -77.194  -35.655 0.5000000000
12358  -23.401  -75.855  -21.970 0.5000000000
12359  -24.678  -75.248  -22.338 0.5000000000
12378  -26.311  -75.654  -23.763 0.5000000000
12416  -27.673  -75.960  -25.336 0.6000000238
12434  -27.019  -75.819  -26.899 0.6999999881
12451  -24.260  -75.806  -27.737 0.6000000238
12453  -26.020  -76.004  -27.701 0.6000000238
12455  -27.849  -75.523  -27.754 0.6999999881
12456  -29.796  -75.532  -27.288 0.6000000238
12478  -32.902  -75.020  -27.992 0.6999999881
12491  -25.573  -75.408  -29.881 0.6999999881
12508  -32.978  -75.865  -32.973 0.5000000000
12510  -36.554  -75.231  -31.199 0.4000000060
12520  -36.221  -74.995  -31.652 0.5000000000
12529  -34.316  -74.930  -32.681 0.5000000000
13480  -22.739  -74.391  -20.965 0.5000000000
13490  -24.493  -74.398  -22.517 0.5000000000
13491  -25.042  -74.735  -22.802 0.5000000000
13514  -25.396  -74.894  -24.411 0.5000000000
13560  -32.122  -74.843  -27.731 0.6999999881
13568  -24.105  -74.755  -29.518 0.6000000238
13570  -27.524  -74.986  -29.439 0.6000000238
13572  -29.732  -74.549  -28.697 0.6000000238
13575  -33.236  -74.227  -28.513 0.6000000238
13586  -28.302  -74.145  -30.250 0.5000000000
13597  -27.186  -74.033  -30.683 0.5000000000
13598  -33.492  -74.556  -30.436 0.6999999881
13599  -36.777  -74.661  -31.061 0.4000000060
13607  -36.684  -74.370  -31.367 0.4000000060
13615  -36.175  -74.282  -32.177 0.4000000060
13621  -33.601  -74.734  -32.605 0.5000000000
13624  -35.827  -73.822  -32.658 0.4000000060
14602  -22.812  -73.494  -20.960 0.5000000000
14681  -21.869  -74.000  -27.250 0.5000000000
14693  -21.639  -73.177  -28.311 0.6999999881
14695  -22.985  -73.630  -29.250 0.6999999881
14711  -22.086  -73.675  -28.904 0.6999999881
14714  -24.071  -73.922  -29.270 0.6000000238
14721  -36.693  -73.397  -29.431 0.3000000119
14729  -27.813  -73.527  -30.976 0.5000000000
14733  -33.418  -73.615  -29.048 0.6000000238
14739  -26.795  -73.312  -31.027 0.5000000000
14749  -33.912  -72.840  -30.986 0.4000000060
14768  -34.920  -73.568  -32.898 0.5000000000
15689  -37.629  -72.731  -21.815 0.3000000119
15699  -27.542  -72.116  -22.787 0.6000000238
15700  -28.241  -72.382  -22.901 0.5000000000
15718  -22.682  -72.515  -22.872 0.5000000000
15723  -36.480  -71.996  -23.661 0.3000000119
15735  -22.304  -72.565  -24.653 0.5000000000
15736  -24.980  -72.059  -24.888 0.5000000000
15738  -27.562  -72.507  -24.626 0.6000000238
15740  -29.121  -72.202  -24.522 0.6000000238
15752  -21.521  -72.358  -26.305 0.5000000000
15754  -24.772  -72.304  -25.853 0.6000000238
15757  -27.010  -72.523  -25.254 0.6000000238
15758  -28.454  -72.254  -25.089 0.6000000238
15772  -21.497  -72.624  -27.458 0.6000000238
15773  -23.810  -72.456  -27.698 0.6999999881
15788  -21.712  -72.493  -28.471 0.6999999881
15791  -25.968  -73.143  -28.063 0.6000000238
15794  -36.424  -72.583  -27.674 0.3000000119
15804  -22.448  -73.034  -29.167 0.6999999881
15805  -25.920  -73.284  -30.310 0.6000000238
15819  -26.118  -73.196  -30.824 0.5000000000
15822  -33.240  -72.353  -29.381 0.4000000060
15823  -36.893  -72.492  -29.631 0.3000000119
15829  -27.692  -72.247  -31.362 0.5000000000
15830  -29.416  -72.346  -31.586 0.5000000000
15835  -28.327  -71.888  -31.731 0.5000000000
15836  -28.888  -71.976  -31.971 0.5000000000
15844  -34.092  -72.052  -32.383 0.4000000060
15853  -36.502  -72.829  -33.024 0.3000000119
16766  -29.571  -71.421  -21.363 0.5000000000
16767  -30.454  -71.436  -21.690 0.5000000000
16790  -26.901  -71.512  -22.764 0.5000000000
16792  -28.962  -71.889  -21.907 0.5000000000
16794  -31.669  -71.263  -22.655 0.6000000238
16813  -26.179  -71.537  -23.336 0.6000000238
16816  -31.462  -71.281  -23.499 0.6000000238
16832  -24.815  -71.348  -24.655 0.6000000238
16836  -32.067  -70.900  -24.078 0.6000000238
16837  -37.030  -71.678  -24.394 0.3000000119
16853  -29.260  -71.813  -25.510 0.6000000238
16858  -38.280  -71.103  -24.808 0.3000000119
16872  -29.821  -71.383  -26.363 0.6000000238
16873  -36.700  -71.933  -26.152 0.3000000119
16889  -29.327  -71.329  -27.278 0.6000000238
16901  -22.749  -71.947  -29.165 0.6999999881
16903  -28.834  -71.291  -28.257 0.6000000238
16915  -37.306  -71.209  -29.237 0.3000000119
16929  -28.820  -71.305  -31.931 0.5000000000
16934  -38.185  -71.106  -32.855 0.4000000060
16938  -34.703  -71.646  -33.118 0.3000000119
16941  -37.378  -71.409  -33.238 0.3000000119
17849  -28.695  -70.660  -20.232 0.5000000000
17872  -27.233  -70.185  -21.846 0.6000000238
17875  -32.990  -70.718  -21.966 0.6000000238
17877  -34.471  -69.878  -21.870 0.4000000060
17895  -27.614  -70.894  -21.844 0.5000000000
17908  -26.471  -70.633  -22.915 0.6000000238
17923  -34.023  -70.266  -24.241 0.5000000000
17936  -22.191  -70.525  -25.773 0.5000000000
17940  -33.092  -70.421  -25.383 0.5000000000
17955  -24.344  -71.255  -26.284 0.6999999881
17960  -37.774  -70.910  -26.531 0.3000000119
17970  -22.603  -70.513  -28.304 0.6000000238
17971  -24.237  -70.396  -28.683 0.6999999881
17975  -31.796  -70.184  -27.267 0.5000000000
18002  -38.402  -69.706  -30.024 0.3000000119
18013  -29.139  -69.886  -31.463 0.5000000000
18015  -31.665  -69.475  -31.986 0.4000000060
18023  -29.066  -70.570  -32.082 0.5000000000
18024  -29.486  -70.129  -32.332 0.5000000000
18025  -30.135  -69.621  -32.609 0.5000000000
18032  -34.561  -70.675  -32.742 0.3000000119
18040  -38.584  -70.428  -33.570 0.3000000119
18980  -27.065  -69.473  -18.702 0.6000000238
18999  -26.994  -69.608  -19.646 0.5000000000
19015  -26.829  -69.557  -20.601 0.6000000238
19028  -26.829  -69.549  -21.511 0.6000000238
19029  -27.335  -70.037  -20.981 0.6000000238
19059  -26.523  -69.635  -23.018 0.6000000238
19073  -25.789  -69.426  -24.159 0.6000000238
19101  -24.798  -69.903  -27.605 0.6000000238
19106  -35.578  -69.324  -25.994 0.5000000000
19117  -24.309  -69.023  -29.430 0.6000000238
19120  -31.452  -69.772  -28.022 0.6000000238
19123  -33.982  -69.270  -27.599 0.5000000000
19133  -24.007  -69.903  -29.441 0.6000000238
19139  -33.197  -68.929  -28.410 0.5000000000
19153  -30.235  -68.726  -30.341 0.5000000000
19166  -29.323  -69.998  -32.139 0.5000000000
19177  -29.852  -69.579  -32.563 0.5000000000
19180  -32.333  -68.369  -32.190 0.4000000060
19191  -38.133  -69.454  -33.451 0.3000000119
19195  -36.632  -70.089  -33.395 0.3000000119
19198  -39.732  -69.973  -33.818 0.3000000119
20136  -25.551  -68.712  -19.612 0.6000000238
20139  -35.299  -67.873  -19.485 0.4000000060
20151  -25.573  -68.698  -20.538 0.6000000238
20212  -25.840  -68.644  -24.767 0.5000000000
20261  -24.885  -68.747  -29.373 0.6000000238
20263  -34.742  -68.792  -28.195 0.5000000000
20280  -31.758  -68.670  -28.979 0.4000000060
20283  -34.208  -68.336  -28.911 0.5000000000
20295  -32.439  -67.425  -29.875 0.5000000000
20299  -30.174  -68.929  -32.501 0.4000000060
20300  -30.628  -67.933  -31.114 0.4000000060
20301  -31.282  -67.551  -31.571 0.4000000060
20305  -30.754  -68.277  -32.234 0.4000000060
20306  -31.810  -67.674  -32.042 0.4000000060
20312  -34.792  -67.839  -32.077 0.4000000060
20322  -39.552  -69.407  -33.693 0.3000000119
21283  -25.047  -67.858  -17.583 0.6000000238
21314  -24.472  -67.496  -18.822 0.6000000238
21315  -24.935  -68.155  -19.187 0.6000000238
21340  -24.348  -67.749  -21.343 0.6000000238
21353  -23.940  -67.481  -22.815 0.6000000238
21354  -24.953  -67.793  -23.033 0.6000000238
21400  -25.905  -67.422  -26.767 0.5000000000
21432  -24.445  -67.232  -29.970 0.6000000238
21450  -36.402  -67.326  -28.988 0.5000000000
21460  -33.795  -66.531  -30.270 0.4000000060
21469  -33.056  -66.822  -31.072 0.4000000060
21474  -33.151  -67.367  -31.651 0.4000000060
21476  -34.718  -65.894  -31.304 0.4000000060
22477  -21.074  -66.187  -16.601 0.4000000060
22478  -22.428  -66.270  -16.195 0.5000000000
22499  -18.820  -66.531  -18.414 0.6999999881
22500  -20.466  -66.406  -17.405 0.4000000060
22502  -22.597  -66.461  -17.056 0.6999999881
22519  -19.569  -66.796  -18.887 0.6999999881
22521  -21.827  -66.267  -18.002 0.6999999881
22523  -23.434  -66.425  -18.283 0.6000000238
22524  -23.980  -66.925  -18.530 0.5000000000
22535  -19.055  -66.529  -19.871 0.6999999881
22549  -19.556  -66.138  -20.680 0.6999999881
22577  -23.199  -66.820  -22.365 0.6000000238
22620  -24.764  -65.478  -26.255 0.4000000060
22622  -25.875  -66.713  -26.918 0.6000000238
22638  -26.126  -66.207  -28.269 0.6000000238
22657  -38.741  -66.576  -29.025 0.4000000060
22665  -35.413  -65.285  -30.321 0.4000000060
22676  -34.847  -65.210  -30.787 0.4000000060
23674  -22.971  -65.219  -14.458 0.5000000000
23696  -20.642  -65.256  -15.772 0.5000000000
23699  -23.441  -65.824  -14.845 0.5000000000
23715  -21.629  -66.031  -16.014 0.5000000000
23724  -17.657  -65.673  -18.358 0.6000000238
23725  -18.286  -66.106  -18.181 0.6999999881
23754  -21.908  -65.705  -19.306 0.6000000238
23756  -22.803  -65.665  -19.714 0.6000000238
23769  -17.610  -65.428  -19.980 0.6999999881
23770  -18.093  -65.488  -20.604 0.6999999881
23771  -20.642  -65.813  -20.414 0.6000000238
23790  -19.175  -65.687  -21.304 0.6999999881
23792  -22.566  -65.267  -21.155 0.6000000238
23810  -22.798  -65.927  -21.741 0.5000000000
23827  -22.540  -64.702  -22.964 0.6000000238
23845  -23.196  -65.358  -24.629 0.5000000000
23900  -37.048  -64.568  -30.466 0.4000000060
23908  -36.549  -64.403  -31.083 0.4000000060
24947  -22.592  -64.493  -14.361 0.5000000000
24969  -20.441  -64.498  -15.814 0.5000000000
24983  -19.330  -64.780  -16.997 0.6000000238
24996  -16.425  -64.517  -17.532 0.6000000238
25011  -16.344  -64.476  -18.400 0.6999999881
25034  -18.120  -64.774  -21.020 0.6000000238
25050  -18.533  -64.299  -21.477 0.6000000238
25053  -21.589  -64.089  -21.705 0.6000000238
25054  -22.034  -63.954  -21.787 0.6000000238
25097  -22.971  -63.496  -25.432 0.5000000000
26194  -22.385  -63.766  -14.442 0.5000000000
26212  -15.129  -63.436  -15.427 0.6000000238
26215  -17.723  -63.226  -15.891 0.6000000238
26231  -12.016  -64.243  -16.004 0.6000000238
26234  -15.593  -63.933  -16.160 0.6000000238
26238  -18.973  -64.085  -17.227 0.6000000238
26255  -16.027  -64.272  -16.934 0.6000000238
26290  -15.373  -63.115  -19.666 0.5000000000
26328  -17.709  -62.192  -21.370 0.5000000000
26329  -18.191  -61.973  -21.909 0.5000000000
26332  -22.007  -63.351  -22.377 0.6000000238
26344  -20.021  -62.037  -22.694 0.6000000238
26347  -22.143  -62.940  -23.020 0.6000000238
26358  -22.332  -62.784  -23.928 0.6000000238
26367  -22.419  -62.798  -25.016 0.6000000238
27478  -15.133  -62.264  -14.806 0.6000000238
27480  -16.946  -61.882  -15.089 0.6000000238
27493  -9.433  -62.564  -15.326 0.5000000000
27497  -13.788  -62.418  -14.772 0.5000000000
27501  -17.366  -62.611  -15.424 0.6000000238
27503  -21.106  -62.856  -15.633 0.5000000000
27504  -22.100  -62.438  -15.133 0.5000000000
27518  -19.372  -62.862  -17.748 0.6000000238
27520  -20.768  -62.258  -16.610 0.6000000238
27558  -16.123  -62.192  -20.675 0.5000000000
27587  -21.227  -61.872  -23.266 0.6000000238
27588  -21.726  -62.292  -23.313 0.6000000238
27612  -19.186  -61.588  -23.818 0.5000000000
27613  -20.805  -61.724  -24.591 0.6000000238
27615  -22.017  -62.079  -24.260 0.6000000238
27626  -21.585  -62.083  -25.036 0.5000000000
28707  -16.142  -61.370  -15.217 0.6000000238
28725  -9.502  -61.218  -15.346 0.5000000000
28726  -10.610  -61.768  -15.826 0.5000000000
28729  -14.374  -61.132  -15.356 0.6000000238
28731  -16.888  -61.114  -15.464 0.6000000238
28755  -11.127  -61.171  -16.114 0.5000000000
28758  -19.363  -62.115  -18.069 0.6999999881
28800  -20.604  -61.382  -23.398 0.6000000238
28809  -20.343  -61.241  -23.571 0.6000000238
28810  -21.043  -61.358  -23.718 0.6000000238
28821  -20.040  -61.294  -24.062 0.5000000000
29893  -9.267  -60.770  -14.708 0.5000000000
29919  -18.106  -61.061  -16.450 0.6000000238
29934  -12.607  -60.265  -16.669 0.4000000060
29936  -14.639  -59.753  -17.018 0.6000000238
29940  -19.001  -61.455  -18.233 0.6999999881
29943  -23.345  -60.301  -16.787 0.5000000000
29957  -20.942  -59.912  -18.533 0.6999999881
29958  -22.377  -59.918  -17.830 0.6000000238
29964  -20.518  -59.588  -18.727 0.6000000238
30978  -21.887  -58.873  -13.954 0.3000000119
30995  -18.695  -59.150  -14.863 0.4000000060
30996  -19.372  -59.388  -14.352 0.4000000060
30998  -21.143  -59.133  -14.150 0.4000000060
31013  -11.993  -59.500  -16.150 0.5000000000
31016  -20.853  -59.171  -14.734 0.5000000000
31029  -11.896  -60.122  -16.532 0.5000000000
31033  -15.494  -59.224  -17.726 0.6000000238
31044  -16.597  -58.655  -18.289 0.6000000238
31059  -20.301  -58.846  -19.070 0.6000000238
31060  -21.747  -58.613  -18.970 0.5000000000
31069  -20.019  -58.102  -19.267 0.6000000238
32140  -23.779  -58.264  -13.019 0.3000000119
32151  -19.669  -58.354  -13.249 0.3000000119
32153  -21.487  -58.575  -13.192 0.3000000119
32156  -23.826  -58.305  -13.704 0.4000000060
32172  -16.474  -57.465  -14.680 0.4000000060
32199  -16.607  -57.760  -15.507 0.4000000060
32201  -18.986  -58.844  -15.827 0.4000000060
32204  -22.772  -57.499  -15.693 0.4000000060
32221  -14.486  -59.054  -16.909 0.4000000060
32222  -15.239  -58.802  -17.374 0.5000000000
32226  -19.472  -58.091  -16.791 0.5000000000
32243  -16.420  -58.199  -17.999 0.5000000000
32245  -17.812  -57.985  -18.511 0.6000000238
32258  -21.932  -58.156  -19.101 0.5000000000
32259  -22.283  -57.569  -19.076 0.5000000000
32260  -22.791  -58.055  -18.614 0.5000000000
32269  -20.798  -57.736  -19.166 0.6000000238
32270  -21.452  -58.201  -19.189 0.5000000000
33307  -20.964  -57.511  -12.685 0.3000000119
33337  -25.237  -57.273  -13.657 0.3000000119
33374  -16.311  -57.828  -17.241 0.5000000000
33375  -17.135  -57.517  -17.387 0.5000000000
33378  -20.010  -57.401  -17.703 0.5000000000
33379  -21.089  -57.071  -17.843 0.5000000000
33396  -18.769  -57.252  -18.068 0.6000000238
33401  -24.282  -57.248  -17.688 0.4000000060
33415  -20.400  -57.290  -18.774 0.5000000000
33417  -21.918  -57.005  -19.228 0.5000000000
33428  -21.563  -57.510  -19.183 0.5000000000
34433  -20.789  -56.778  -12.753 0.3000000119
34466  -24.428  -56.398  -14.844 0.4000000060
34478  -23.726  -56.054  -16.150 0.4000000060
34492  -23.192  -56.057  -16.923 0.4000000060
34495  -25.119  -55.961  -16.599 0.4000000060
34496  -26.105  -55.801  -15.941 0.4000000060
34505  -22.033  -56.527  -18.733 0.5000000000
34506  -22.472  -56.259  -18.212 0.4000000060
35561  -17.774  -56.233  -13.731 0.3000000119
35578  -18.781  -54.533  -14.736 0.3000000119
35593  -24.799  -55.563  -15.796 0.4000000060
35594  -25.405  -55.540  -15.454 0.4000000060
35606  -25.645  -55.557  -15.884 0.4000000060
36637  -15.889  -53.817  -13.902 0.4000000060
37705  -13.472  -52.203  -11.191 0.3000000119
37727  -14.912  -53.570  -13.151 0.4000000060
37732  -22.029  -52.678  -13.355 0.3000000119
37744  -19.369  -52.741  -15.247 0.3000000119
38823  -14.149  -51.223  -10.362 0.3000000119
38841  -15.092  -51.157  -10.706 0.3000000119
38855  -15.124  -51.129  -12.582 0.4000000060
38865  -16.352  -51.918  -13.899 0.4000000060
40018  -13.879  -50.512  -10.858 0.4000000060
40033  -13.977  -50.242  -11.111 0.3000000119
40034  -15.227  -50.196  -11.314 0.3000000119
40045  -14.802  -50.017  -12.007 0.4000000060
40046  -15.906  -49.634  -11.976 0.4000000060
40067  -17.879  -50.937  -15.094 0.3000000119
41290  -14.490  -49.734  -11.386 0.4000000060
41291  -14.635  -49.572  -11.527 0.3000000119
41299  -15.541  -49.786  -12.377 0.4000000060
41320  -18.300  -49.300  -14.627 0.4000000060
42525  -18.369  -47.559  -14.009 0.3000000119
42544  -17.636  -48.415  -14.078 0.3000000119
130943  -21.867  -66.259  -16.743 0.6999999881
131006  -35.456  -69.091  -21.153 0.4000000060
131705  -14.756  -63.336  -19.432 0.5000000000
132763  -27.292  -78.992  -27.828 0.5000000000
132824  -36.105  -72.306  -33.351 0.3000000119
132884  -32.531  -70.623  -24.795 0.6000000238
132990  -17.264  -62.382  -20.817 0.5000000000
133156  -22.772  -58.740  -13.964 0.4000000060
133258  -37.273  -72.515  -32.421 0.4000000060
134224  -26.395  -72.960  -29.109 0.6000000238
134431  -26.805  -72.536  -26.011 0.6000000238
134439  -33.661  -73.009  -29.750 0.4000000060
134634  -23.032  -56.182  -17.553 0.4000000060
134787  -18.950  -66.141  -17.814 0.6999999881
135222  -37.663  -67.316  -28.576 0.4000000060
135775  -26.438  -72.764  -26.946 0.6000000238
136176  -28.558  -70.972  -31.623 0.5000000000
136372  -16.578  -49.506  -12.909 0.4000000060
137452  -33.151  -75.622  -28.488 0.6000000238
137816  -23.162  -71.086  -29.156 0.6999999881
139662  -33.635  -73.915  -32.150 0.5000000000
139862  -13.717  -63.802  -15.679 0.6000000238
140276  -14.035  -63.461  -19.706 0.6000000238
140719  -24.874  -78.384  -26.508 0.4000000060
140881  -17.920  -59.361  -18.434 0.6999999881
141296  -20.470  -66.741  -19.028 0.6000000238
141609  -23.579  -76.771  -23.292 0.5000000000
141660  -30.055  -77.397  -26.403 0.6000000238
141767  -26.947  -72.524  -23.928 0.5000000000
142264  -30.337  -71.779  -22.622 0.6000000238
142453  -17.733  -62.039  -15.496 0.6000000238
142621  -37.064  -73.373  -31.383 0.4000000060
142623  -33.104  -75.871  -33.150 0.6000000238
142718  -23.321  -65.978  -19.492 0.5000000000
142735  -25.362  -67.490  -24.530 0.6999999881
142794  -35.245  -68.838  -32.600 0.4000000060
142807  -32.788  -70.642  -24.143 0.6000000238
143724  -13.403  -59.913  -16.777 0.5000000000
143795  -25.592  -68.620  -18.705 0.6000000238
144171  -34.767  -69.387  -19.909 0.4000000060
144177  -25.871  -75.161  -23.904 0.5000000000
144238  -23.971  -75.429  -21.912 0.5000000000
144480  -25.000  -77.924  -24.869 0.5000000000
144534  -20.051  -61.221  -23.154 0.6000000238
144621  -32.610  -74.140  -28.194 0.6000000238
144704  -34.519  -73.002  -33.023 0.4000000060
144861  -34.988  -76.928  -31.917 0.5000000000
144963  -38.680  -69.811  -30.888 0.3000000119
145644  -22.161  -72.217  -29.214 0.6999999881
145753  -35.234  -72.998  -33.238 0.4000000060
147115  -22.984  -75.205  -27.260 0.6000000238
147175  -31.644  -76.911  -27.170 0.6999999881
147286  -32.098  -78.303  -34.978 0.5000000000
147820  -16.714  -62.653  -20.452 0.5000000000
148570  -21.069  -66.548  -17.928 0.6000000238
148813  -31.569  -72.090  -29.672 0.5000000000
149055  -13.059  -64.475  -17.090 0.6000000238
149406  -34.628  -69.839  -24.633 0.5000000000
149566  -28.426  -75.674  -26.984 0.6000000238
149643  -34.213  -66.233  -31.125 0.4000000060
149794  -34.604  -76.467  -32.468 0.5000000000
150035  -31.134  -79.150  -32.433 0.5000000000
150056  -37.035  -73.410  -30.896 0.4000000060
150186  -24.781  -75.639  -26.650 0.6000000238
150271  -24.139  -73.975  -23.970 0.5000000000
150274  -19.675  -65.434  -16.854 0.5000000000
150289  -18.706  -56.327  -13.699 0.3000000119
151517  -21.279  -53.927  -13.631 0.3000000119
151620  -22.257  -70.047  -24.873 0.5000000000
151942  -23.809  -66.777  -19.833 0.6000000238
151959  -22.271  -65.027  -20.760 0.6000000238
152029  -13.924  -60.026  -16.958 0.4000000060
152227  -30.832  -78.875  -34.994 0.5000000000
152335  -39.571  -70.169  -33.510 0.3000000119
152639  -23.039  -78.110  -28.258 0.5000000000
153180  -25.685  -68.257  -23.117 0.6000000238
153204  -22.295  -56.707  -19.009 0.5000000000
153345  -26.608  -77.057  -23.948 0.5000000000
153410  -31.025  -71.499  -22.954 0.6000000238
153719  -32.621  -70.816  -21.319 0.6000000238
153800  -18.949  -49.031  -14.582 0.3000000119
153941  -36.645  -73.342  -32.562 0.4000000060
153989  -34.058  -77.574  -33.146 0.5000000000
154109  -12.665  -61.701  -15.331 0.4000000060
154398  -16.148  -60.047  -17.086 0.6000000238
154550  -28.813  -79.184  -28.294 0.5000000000
154590  -31.726  -77.430  -27.792 0.6999999881
154631  -25.428  -78.515  -29.262 0.5000000000
154703  -24.658  -70.438  -26.519 0.6999999881
155299  -16.937  -59.880  -17.321 0.6000000238
155549  -28.172  -78.405  -30.199 0.6000000238
155669  -24.312  -73.933  -22.770 0.5000000000
156083  -23.802  -73.544  -28.874 0.6000000238
156112  -21.785  -73.438  -28.685 0.6999999881
156294  -17.938  -53.402  -11.826 0.3000000119
156323  -25.175  -68.150  -22.492 0.6000000238
156352  -36.387  -66.721  -29.339 0.5000000000
156384  -34.560  -69.862  -32.600 0.4000000060
156417  -25.669  -78.669  -27.641 0.5000000000
156486  -38.440  -70.069  -33.711 0.3000000119
156641  -34.068  -69.734  -19.427 0.5000000000
156838  -17.522  -56.878  -13.368 0.3000000119
157068  -29.084  -70.903  -28.707 0.6000000238
157082  -25.420  -68.025  -29.545 0.5000000000
157112  -22.068  -62.348  -25.312 0.6000000238
157694  -16.775  -57.175  -13.656 0.3000000119
157824  -28.758  -72.300  -22.585 0.5000000000
157903  -18.317  -63.062  -21.430 0.6000000238
157910  -26.198  -75.959  -23.325 0.5000000000
