#!ascii label  , from subject sub001 vox2ras=TkReg
2050
11278  -10.533  -77.061  -23.981 0.5000000000
8359  -10.850  -79.906  -25.458 0.5000000000
7516  -11.430  -80.286  -25.681 0.5000000000
7527  -11.911  -80.585  -26.399 0.5000000000
11334  -12.701  -76.451  -27.168 0.5000000000
11316  -11.633  -76.458  -25.327 0.5000000000
131636  -13.023  -76.834  -26.374 0.5000000000
10267  -12.566  -76.880  -25.212 0.5000000000
11317  -13.473  -76.741  -25.422 0.6000000238
10227  -11.100  -77.819  -23.764 0.5000000000
6728  -12.170  -81.176  -27.651 0.5000000000
153392  -10.907  -79.346  -24.294 0.5000000000
6734  -12.934  -81.261  -28.162 0.5000000000
7503  -11.910  -80.198  -24.766 0.6000000238
139923  -12.266  -80.787  -26.932 0.6000000238
8332  -12.816  -79.369  -23.284 0.6000000238
7528  -12.701  -80.555  -26.321 0.6000000238
7536  -13.826  -80.069  -27.198 0.6999999881
8344  -13.267  -80.016  -23.880 0.6999999881
7529  -13.531  -80.279  -26.413 0.6999999881
8345  -14.195  -80.046  -23.936 0.6999999881
8360  -14.608  -80.150  -24.869 0.6999999881
8367  -14.389  -79.985  -26.552 0.6999999881
11352  -13.685  -76.424  -27.875 0.5000000000
11336  -14.146  -76.447  -27.116 0.6000000238
12446  -14.425  -76.042  -28.094 0.6000000238
142360  -15.202  -75.230  -27.644 0.6000000238
10228  -12.289  -78.095  -23.533 0.5000000000
143493  -13.546  -80.403  -27.706 0.5000000000
142417  -14.139  -80.426  -29.077 0.5000000000
8388  -15.140  -78.914  -29.176 0.6999999881
8373  -14.166  -79.777  -27.923 0.6999999881
8382  -14.719  -79.367  -28.501 0.6999999881
8331  -12.022  -79.165  -23.519 0.6000000238
9212  -12.540  -78.779  -23.140 0.6999999881
8368  -15.279  -79.589  -26.785 0.6999999881
9213  -13.158  -79.010  -22.815 0.6999999881
8319  -14.350  -79.228  -22.694 0.6999999881
9248  -16.151  -79.133  -26.679 0.6999999881
8320  -15.074  -79.224  -22.625 0.6999999881
8346  -15.050  -79.880  -24.118 0.6999999881
8361  -15.372  -79.738  -25.025 0.6999999881
9238  -16.518  -78.782  -24.951 0.6999999881
9214  -15.880  -79.074  -22.592 0.6999999881
157884  -16.542  -78.814  -22.657 0.6999999881
9228  -16.907  -78.559  -24.247 0.6999999881
10231  -17.714  -77.956  -22.924 0.6999999881
12466  -14.110  -75.891  -29.289 0.5000000000
12486  -14.531  -75.304  -29.893 0.6000000238
14726  -15.641  -73.930  -30.150 0.6000000238
13567  -15.651  -74.549  -28.335 0.6000000238
14709  -16.192  -73.794  -29.066 0.6000000238
12408  -14.409  -76.179  -26.135 0.6000000238
13555  -15.720  -74.295  -27.137 0.6000000238
11302  -13.918  -76.554  -24.412 0.6000000238
157078  -15.635  -78.551  -29.469 0.6999999881
131774  -13.089  -77.602  -23.448 0.6999999881
9277  -15.522  -79.010  -28.307 0.6999999881
10319  -16.681  -77.688  -29.491 0.6999999881
10320  -17.284  -77.134  -29.143 0.6999999881
11303  -14.581  -76.013  -23.833 0.6999999881
10296  -16.726  -78.234  -27.957 0.6999999881
11366  -17.847  -76.308  -29.136 0.6999999881
10230  -13.763  -77.606  -22.829 0.6999999881
11280  -14.957  -76.264  -22.828 0.6999999881
9261  -15.825  -79.140  -27.477 0.6999999881
9262  -16.451  -78.675  -27.321 0.6999999881
10307  -17.012  -77.713  -28.613 0.6999999881
10308  -17.579  -76.929  -28.373 0.6999999881
11259  -14.464  -77.480  -22.276 0.6999999881
11260  -15.318  -76.593  -21.964 0.6999999881
9249  -16.658  -78.584  -26.641 0.6999999881
11353  -17.854  -76.792  -27.505 0.6999999881
9187  -15.750  -78.088  -21.631 0.6999999881
9239  -17.019  -78.279  -25.294 0.6999999881
10268  -17.091  -78.150  -26.231 0.6999999881
9188  -16.596  -78.041  -21.608 0.6999999881
10250  -17.455  -77.795  -24.710 0.6999999881
10269  -17.529  -77.566  -25.694 0.6999999881
10216  -17.445  -77.833  -21.856 0.6999999881
11319  -18.069  -77.040  -25.067 0.6999999881
10217  -18.178  -77.439  -22.176 0.6999999881
13581  -14.119  -74.857  -30.306 0.5000000000
14738  -14.909  -73.663  -30.619 0.6000000238
15816  -15.729  -72.961  -30.611 0.6000000238
15826  -15.284  -72.104  -30.951 0.5000000000
16909  -16.771  -71.740  -30.467 0.6000000238
16908  -13.494  -72.147  -29.866 0.5000000000
15824  -13.843  -72.832  -30.401 0.5000000000
14727  -16.371  -73.334  -30.000 0.6000000238
16910  -17.575  -71.636  -30.012 0.6000000238
15786  -16.813  -73.079  -28.245 0.6000000238
15818  -17.447  -72.360  -29.545 0.6000000238
13543  -15.382  -74.943  -26.517 0.6000000238
12389  -14.519  -76.028  -25.055 0.6999999881
13544  -15.736  -74.066  -26.126 0.6999999881
12390  -15.061  -75.380  -24.451 0.6999999881
13525  -15.523  -74.744  -24.859 0.6999999881
12487  -18.354  -75.626  -29.634 0.6999999881
12371  -15.256  -75.547  -23.378 0.6999999881
13500  -15.610  -74.835  -23.828 0.6999999881
12467  -18.560  -75.671  -28.717 0.6999999881
12498  -19.042  -74.983  -30.145 0.6999999881
13501  -16.158  -74.344  -23.206 0.6999999881
12468  -18.802  -75.674  -27.828 0.6999999881
147683  -19.301  -75.539  -28.850 0.6999999881
13594  -19.222  -74.443  -30.700 0.6999999881
12333  -16.519  -75.729  -21.396 0.6000000238
11354  -18.434  -76.176  -27.261 0.6999999881
12469  -19.272  -75.628  -28.071 0.6999999881
12490  -19.892  -75.860  -29.347 0.6999999881
12499  -20.051  -75.398  -30.206 0.6999999881
13603  -20.449  -74.084  -31.353 0.6999999881
11247  -16.621  -76.671  -21.205 0.6999999881
11320  -18.458  -76.431  -25.564 0.6999999881
12427  -19.008  -75.830  -26.262 0.6000000238
12450  -19.695  -75.949  -27.655 0.6999999881
12470  -19.883  -76.105  -28.402 0.6999999881
10206  -17.879  -77.189  -21.370 0.6000000238
10232  -18.352  -77.186  -23.213 0.6999999881
11281  -18.740  -76.418  -23.490 0.6999999881
154877  -18.439  -76.501  -24.999 0.6999999881
144709  -18.867  -76.102  -25.039 0.6000000238
12429  -19.892  -75.988  -26.987 0.6000000238
11263  -19.216  -76.363  -21.833 0.6000000238
11262  -18.737  -76.728  -22.568 0.6000000238
12373  -19.080  -76.007  -24.104 0.6000000238
144912  -20.351  -75.750  -24.365 0.5000000000
12412  -20.173  -75.871  -25.323 0.5000000000
11340  -21.261  -76.814  -26.351 0.5000000000
143872  -19.753  -75.831  -21.533 0.6000000238
12356  -20.669  -75.565  -22.488 0.5000000000
12375  -20.372  -75.595  -23.403 0.5000000000
16921  -16.016  -71.247  -30.715 0.6000000238
18007  -14.458  -70.451  -30.633 0.6000000238
19165  -17.585  -70.060  -30.241 0.5000000000
20291  -17.954  -69.326  -29.746 0.6999999881
16919  -13.983  -71.772  -30.383 0.5000000000
19161  -13.722  -69.910  -30.510 0.6000000238
19162  -14.454  -69.802  -30.622 0.6000000238
16897  -12.797  -70.876  -29.018 0.6000000238
130876  -13.054  -70.812  -29.702 0.6000000238
17998  -18.548  -70.496  -29.935 0.4000000060
17983  -12.196  -69.957  -29.755 0.6000000238
139290  -17.907  -71.829  -29.187 0.5000000000
16898  -17.833  -71.971  -28.182 0.6000000238
15770  -16.685  -72.960  -27.158 0.6000000238
13526  -15.839  -74.023  -25.222 0.6999999881
14679  -16.666  -72.857  -26.193 0.6000000238
14631  -16.555  -73.575  -23.705 0.6999999881
13488  -16.439  -74.832  -22.085 0.6000000238
14617  -16.846  -73.933  -22.648 0.6000000238
12334  -17.385  -75.893  -20.867 0.6000000238
150639  -20.549  -76.700  -28.326 0.6000000238
11368  -20.498  -76.625  -29.045 0.6000000238
11387  -20.913  -75.740  -30.615 0.6999999881
12505  -21.246  -75.033  -31.368 0.6999999881
13604  -21.258  -74.057  -31.774 0.6999999881
11236  -18.098  -75.993  -20.596 0.6000000238
11356  -21.064  -76.899  -27.204 0.6000000238
14746  -20.929  -73.195  -31.889 0.6999999881
12335  -19.719  -75.483  -20.797 0.6000000238
11321  -20.856  -76.207  -25.014 0.4000000060
10287  -21.824  -77.310  -26.918 0.4000000060
10298  -21.515  -77.367  -27.785 0.5000000000
10321  -21.838  -77.570  -29.148 0.6000000238
11395  -21.705  -76.011  -30.993 0.6000000238
13605  -21.964  -74.479  -31.924 0.6000000238
141495  -20.279  -75.543  -21.682 0.5000000000
11264  -21.664  -75.656  -22.191 0.5000000000
12376  -21.146  -75.811  -23.113 0.5000000000
11304  -21.059  -76.120  -24.344 0.5000000000
10310  -22.478  -77.886  -28.647 0.4000000060
10322  -22.596  -77.779  -29.446 0.6000000238
20290  -16.716  -69.261  -29.571 0.6000000238
19164  -16.667  -70.105  -30.289 0.6000000238
20277  -18.656  -68.712  -29.572 0.6000000238
20287  -12.898  -68.735  -29.853 0.6000000238
20274  -14.629  -68.503  -28.937 0.5000000000
20256  -14.078  -67.793  -28.250 0.6000000238
21424  -13.813  -67.215  -27.590 0.6000000238
19149  -18.239  -69.784  -30.058 0.6000000238
17968  -12.243  -69.867  -28.807 0.6999999881
20254  -13.114  -68.068  -28.072 0.6000000238
21406  -13.546  -66.796  -26.890 0.6000000238
17984  -18.612  -70.728  -28.875 0.5000000000
19150  -18.968  -69.939  -29.835 0.6000000238
19097  -13.048  -69.548  -27.583 0.6000000238
20240  -13.231  -67.812  -27.105 0.6999999881
16883  -18.036  -71.464  -27.718 0.5000000000
20224  -13.223  -68.684  -26.839 0.6999999881
16882  -17.628  -71.928  -27.214 0.6000000238
20206  -14.674  -68.652  -25.299 0.6000000238
14663  -16.758  -72.812  -25.270 0.6000000238
15751  -17.217  -72.395  -25.822 0.6000000238
15733  -17.325  -72.345  -25.024 0.6000000238
14645  -16.963  -72.766  -24.256 0.6000000238
14618  -17.625  -73.510  -22.049 0.6000000238
13479  -17.890  -74.147  -20.975 0.6000000238
14590  -20.766  -73.238  -20.028 0.6000000238
12315  -18.500  -75.409  -20.475 0.6000000238
14591  -21.550  -73.463  -20.161 0.6000000238
12336  -20.644  -75.220  -20.954 0.6000000238
138174  -22.095  -76.702  -30.665 0.6000000238
11396  -22.473  -76.311  -31.245 0.6000000238
153656  -22.603  -74.875  -32.046 0.6000000238
12337  -21.652  -75.158  -21.216 0.5000000000
150823  -21.950  -76.142  -22.935 0.5000000000
11283  -21.653  -76.283  -23.788 0.5000000000
13612  -23.617  -73.533  -32.827 0.6000000238
10311  -23.153  -78.138  -28.954 0.4000000060
11389  -22.830  -77.104  -30.728 0.6000000238
11397  -23.254  -76.570  -31.483 0.6000000238
20258  -16.839  -68.415  -28.212 0.6000000238
21409  -17.096  -67.566  -26.568 0.5000000000
21410  -18.097  -67.235  -27.314 0.6000000238
22635  -18.646  -66.633  -26.853 0.5000000000
20257  -15.514  -68.255  -28.048 0.6000000238
21408  -16.386  -66.916  -26.160 0.6000000238
21444  -17.973  -68.106  -28.996 0.5000000000
21428  -18.427  -67.217  -28.885 0.5000000000
22655  -19.719  -67.133  -29.506 0.5000000000
143671  -15.780  -67.281  -26.628 0.5000000000
21426  -16.326  -67.995  -27.268 0.6000000238
22632  -14.011  -66.158  -26.479 0.5000000000
20293  -19.832  -68.702  -30.016 0.6000000238
20225  -13.836  -68.200  -25.650 0.6999999881
153630  -13.195  -67.416  -26.200 0.6000000238
21379  -14.910  -67.748  -24.726 0.6000000238
16869  -17.864  -71.253  -26.851 0.5000000000
19040  -15.365  -69.592  -23.857 0.5000000000
20207  -14.972  -68.154  -25.024 0.6999999881
16850  -17.815  -71.234  -25.700 0.5000000000
16808  -17.839  -71.659  -24.008 0.5000000000
15697  -17.833  -72.618  -22.689 0.6000000238
16739  -19.652  -72.306  -20.795 0.6000000238
15686  -18.862  -72.832  -21.262 0.5000000000
15675  -20.916  -72.422  -20.297 0.6000000238
130907  -19.447  -73.245  -20.401 0.6000000238
12338  -22.471  -75.026  -21.158 0.5000000000
9293  -24.021  -78.197  -29.233 0.5000000000
10337  -24.332  -77.768  -30.610 0.5000000000
11405  -23.754  -75.950  -32.246 0.6000000238
134250  -24.056  -74.832  -32.948 0.6000000238
23858  -17.583  -66.001  -24.950 0.6000000238
22619  -18.270  -66.358  -25.840 0.6000000238
147291  -16.433  -65.731  -24.939 0.6000000238
22636  -19.417  -66.082  -27.477 0.5000000000
22633  -15.278  -66.180  -26.290 0.6000000238
22616  -14.497  -65.479  -26.179 0.6999999881
21446  -20.778  -68.044  -30.297 0.6000000238
21377  -12.929  -66.891  -25.459 0.6000000238
22631  -13.167  -66.607  -26.189 0.6000000238
152268  -20.595  -68.850  -30.198 0.6000000238
21365  -15.418  -67.638  -23.962 0.6000000238
21364  -14.126  -67.415  -24.282 0.6000000238
17969  -18.482  -70.674  -27.835 0.5000000000
16829  -18.075  -71.034  -24.615 0.5000000000
19041  -15.760  -69.668  -23.027 0.5000000000
20188  -16.186  -68.632  -23.430 0.6000000238
15717  -18.018  -71.787  -23.078 0.5000000000
16787  -19.535  -70.848  -21.743 0.6000000238
153123  -18.509  -72.112  -22.175 0.5000000000
16741  -21.302  -71.832  -20.588 0.5000000000
15676  -21.557  -72.594  -20.323 0.5000000000
10338  -25.207  -77.859  -31.130 0.6000000238
10352  -25.155  -77.284  -32.033 0.6000000238
23841  -17.120  -65.256  -24.256 0.6000000238
23842  -18.201  -65.044  -24.315 0.5000000000
130597  -19.308  -65.085  -25.664 0.5000000000
25094  -16.526  -64.554  -23.757 0.6999999881
23860  -19.887  -64.616  -25.857 0.5000000000
142168  -14.258  -64.759  -25.180 0.6999999881
23840  -14.870  -64.914  -25.244 0.6000000238
25131  -20.739  -64.653  -26.404 0.5000000000
23855  -13.271  -65.189  -25.612 0.6000000238
22643  -19.976  -66.423  -28.715 0.5000000000
20278  -21.045  -68.582  -30.110 0.6000000238
21349  -13.182  -66.940  -23.751 0.6999999881
20259  -20.859  -68.748  -29.034 0.6000000238
21351  -15.507  -67.556  -22.811 0.6000000238
19114  -19.107  -69.782  -28.023 0.6000000238
20149  -16.559  -68.693  -20.728 0.6999999881
21352  -16.262  -67.882  -22.202 0.6999999881
17935  -18.098  -70.285  -25.302 0.5000000000
19098  -18.585  -69.906  -26.989 0.5000000000
19026  -16.424  -69.290  -21.993 0.6000000238
17917  -18.278  -70.064  -24.222 0.5000000000
18998  -16.496  -69.535  -20.246 0.5000000000
17904  -18.777  -69.844  -23.301 0.6000000238
16809  -18.362  -70.904  -23.466 0.5000000000
17823  -15.397  -70.328  -19.819 0.6000000238
143483  -18.537  -71.320  -22.617 0.5000000000
16761  -20.770  -71.204  -21.056 0.6000000238
16763  -22.141  -71.686  -21.384 0.5000000000
25095  -17.624  -64.238  -23.705 0.6999999881
152251  -18.656  -63.496  -24.216 0.5000000000
23843  -18.938  -64.792  -24.736 0.5000000000
26354  -15.488  -63.423  -22.846 0.8000000119
25079  -15.851  -63.822  -23.399 0.6999999881
25112  -19.489  -64.093  -25.052 0.5000000000
132803  -20.326  -63.678  -25.556 0.5000000000
25076  -13.017  -64.877  -23.243 0.6999999881
25092  -13.931  -64.539  -24.535 0.6999999881
25093  -15.142  -64.664  -24.266 0.8000000119
23826  -13.080  -64.748  -24.392 0.6999999881
134005  -21.664  -64.194  -26.779 0.5000000000
133453  -12.782  -66.129  -22.337 0.6999999881
140077  -12.823  -65.294  -23.603 0.6999999881
22644  -20.886  -66.315  -28.957 0.6000000238
23876  -21.344  -65.018  -27.336 0.5000000000
135902  -14.547  -67.040  -21.196 0.6000000238
21336  -14.563  -67.115  -22.296 0.6000000238
20241  -20.205  -68.544  -27.352 0.6000000238
21326  -15.685  -67.502  -20.559 0.6999999881
21337  -15.637  -67.418  -21.713 0.6999999881
19085  -18.540  -69.474  -24.924 0.6000000238
142743  -19.269  -69.215  -26.816 0.6000000238
20134  -16.635  -68.798  -19.804 0.6000000238
19069  -18.793  -69.238  -24.012 0.6000000238
17890  -19.803  -70.103  -21.985 0.6000000238
17804  -15.010  -70.312  -18.930 0.6000000238
17891  -20.585  -69.911  -21.853 0.6000000238
17871  -21.447  -70.478  -21.702 0.5000000000
26355  -16.385  -62.422  -22.957 0.6000000238
26356  -17.192  -61.785  -23.338 0.5000000000
25081  -17.675  -62.471  -23.765 0.5000000000
26375  -20.884  -62.562  -25.380 0.5000000000
25064  -14.436  -63.946  -22.819 0.8000000119
26376  -21.756  -62.657  -25.676 0.5000000000
23808  -12.496  -65.369  -22.636 0.6999999881
21448  -21.440  -66.835  -29.714 0.6000000238
18911  -14.070  -69.044  -14.006 0.6000000238
21324  -13.470  -66.806  -21.174 0.8000000119
20069  -15.126  -68.758  -14.198 0.6000000238
21312  -15.540  -67.413  -19.543 0.6999999881
152669  -13.900  -66.914  -20.609 0.8000000119
20260  -21.572  -68.239  -29.508 0.6000000238
143902  -14.285  -69.712  -15.987 0.6000000238
21299  -16.216  -67.884  -18.942 0.6000000238
20208  -19.537  -68.348  -24.893 0.6000000238
130563  -19.403  -68.535  -24.008 0.6000000238
18959  -15.930  -69.708  -17.008 0.6000000238
17790  -16.081  -69.916  -18.198 0.6000000238
135822  -16.620  -69.157  -18.980 0.6000000238
19056  -19.355  -69.027  -23.270 0.6000000238
151350  -20.594  -68.387  -23.670 0.6000000238
153100  -16.248  -70.060  -19.247 0.5000000000
19027  -21.143  -69.853  -21.951 0.5000000000
17893  -22.224  -70.804  -22.598 0.5000000000
17906  -22.038  -69.997  -23.054 0.5000000000
27583  -17.275  -61.208  -22.434 0.5000000000
27600  -17.530  -61.040  -23.087 0.5000000000
26341  -15.115  -63.086  -22.295 0.6000000238
27582  -16.465  -61.720  -22.309 0.5000000000
25063  -13.349  -64.180  -22.748 0.8000000119
26340  -14.120  -63.476  -22.170 0.6999999881
25048  -12.546  -64.283  -21.768 0.8000000119
23788  -12.368  -65.683  -21.842 0.8000000119
23887  -21.974  -65.354  -28.224 0.6000000238
26392  -22.126  -63.258  -26.373 0.5000000000
20054  -15.256  -67.868  -12.765 0.6000000238
22547  -13.133  -66.599  -20.643 0.8000000119
25145  -22.892  -64.745  -28.159 0.5000000000
155407  -16.288  -67.723  -13.919 0.6999999881
20064  -14.659  -68.509  -13.394 0.6000000238
21311  -14.698  -66.906  -19.282 0.8000000119
21411  -21.588  -67.619  -27.574 0.6000000238
21430  -21.971  -66.925  -29.565 0.6000000238
135649  -22.728  -65.622  -29.072 0.6000000238
20070  -16.169  -68.298  -14.479 0.6000000238
21380  -20.287  -67.922  -25.326 0.6000000238
20227  -20.620  -67.876  -26.489 0.6000000238
21412  -22.366  -67.221  -28.208 0.6000000238
18946  -15.041  -69.689  -16.185 0.6000000238
147174  -16.335  -67.875  -18.104 0.6000000238
21298  -15.547  -67.309  -18.661 0.5000000000
20210  -21.100  -68.175  -24.361 0.6000000238
20098  -16.527  -68.711  -17.564 0.6000000238
19057  -21.296  -69.362  -22.724 0.6000000238
145097  -21.617  -68.688  -24.109 0.6000000238
19072  -22.182  -69.090  -24.460 0.5000000000
16830  -22.159  -71.039  -24.826 0.5000000000
16810  -22.270  -70.912  -23.595 0.5000000000
15734  -21.892  -72.050  -25.290 0.5000000000
27567  -15.425  -62.250  -21.176 0.6000000238
138552  -13.468  -63.327  -21.143 0.6999999881
21210  -14.570  -67.413  -11.351 0.6000000238
21221  -14.587  -67.752  -12.072 0.6000000238
23787  -12.332  -65.278  -20.973 0.8000000119
26393  -22.915  -63.321  -26.550 0.5000000000
21222  -15.935  -67.237  -12.610 0.6000000238
22546  -12.635  -66.065  -20.317 0.8000000119
25134  -24.066  -64.056  -27.327 0.5000000000
21227  -16.115  -67.502  -13.270 0.6999999881
22517  -12.998  -66.595  -18.276 0.8000000119
132833  -22.653  -66.488  -29.486 0.6000000238
23888  -23.600  -65.286  -29.059 0.6000000238
144286  -16.453  -67.523  -14.418 0.8000000119
21297  -14.686  -66.793  -18.418 0.6999999881
147504  -21.780  -67.517  -26.581 0.6000000238
21431  -23.261  -66.763  -30.205 0.6000000238
21239  -16.536  -67.687  -15.514 0.6999999881
21256  -16.437  -67.632  -16.287 0.6999999881
21281  -15.611  -67.147  -17.744 0.6000000238
20228  -21.590  -67.715  -25.465 0.6000000238
153301  -23.558  -67.402  -28.678 0.6000000238
18948  -16.324  -69.174  -16.858 0.6000000238
20243  -23.039  -67.751  -27.272 0.5000000000
19087  -22.294  -68.602  -25.255 0.5000000000
27566  -14.431  -62.706  -20.928 0.6000000238
27557  -15.346  -62.536  -20.406 0.5000000000
22369  -13.755  -66.583  -9.124 0.6000000238
26312  -13.746  -63.213  -20.450 0.6999999881
22394  -14.399  -66.761  -9.877 0.6000000238
26311  -12.948  -63.601  -20.710 0.6999999881
25021  -12.896  -64.101  -19.582 0.6000000238
157005  -15.775  -66.769  -11.622 0.6000000238
22395  -15.781  -66.231  -10.527 0.6000000238
25020  -12.416  -64.658  -19.554 0.6000000238
23751  -12.195  -65.464  -19.083 0.6999999881
23657  -16.307  -65.696  -12.927 0.8000000119
22532  -12.441  -66.069  -19.349 0.6999999881
25008  -12.026  -65.595  -18.034 0.6000000238
21228  -16.431  -67.080  -13.736 0.8000000119
22497  -13.462  -66.780  -17.461 0.8000000119
22495  -11.447  -66.804  -17.107 0.6999999881
22431  -15.596  -66.315  -14.925 0.6999999881
22452  -15.685  -66.631  -15.680 0.6999999881
22475  -13.747  -66.837  -16.508 0.6000000238
136482  -12.728  -66.954  -16.953 0.8000000119
22354  -13.912  -66.246  -8.387 0.6000000238
22371  -15.386  -66.253  -9.572 0.6000000238
23636  -16.341  -65.302  -11.461 0.6999999881
24993  -11.572  -65.555  -17.209 0.6000000238
23646  -16.366  -65.448  -12.179 0.6999999881
23644  -15.395  -64.917  -12.507 0.6999999881
23723  -11.480  -66.203  -17.201 0.6999999881
22494  -10.842  -66.759  -16.640 0.6000000238
23655  -14.969  -65.309  -13.404 0.8000000119
23670  -14.511  -65.734  -14.228 0.6000000238
22430  -13.981  -66.304  -14.943 0.5000000000
22473  -10.939  -67.063  -16.555 0.6999999881
22448  -10.036  -66.563  -15.651 0.6999999881
133762  -10.037  -65.348  -15.868 0.6000000238
23671  -15.598  -65.797  -14.141 0.8000000119
141558  -12.743  -66.654  -15.171 0.6000000238
140132  -12.656  -66.927  -16.208 0.6000000238
22338  -13.294  -66.238  -7.596 0.6000000238
23573  -14.333  -65.421  -8.085 0.6000000238
24878  -15.685  -64.977  -9.454 0.6999999881
22355  -15.208  -65.921  -8.809 0.6000000238
149680  -16.185  -65.211  -10.792 0.6999999881
24896  -16.089  -64.795  -11.111 0.6999999881
24914  -15.872  -64.683  -11.763 0.6999999881
23643  -14.126  -64.930  -12.600 0.6000000238
24992  -10.821  -65.800  -16.611 0.6000000238
154089  -12.068  -65.897  -13.773 0.6000000238
26230  -11.026  -64.303  -15.951 0.5000000000
24967  -9.488  -65.197  -15.345 0.6000000238
26229  -10.230  -64.403  -15.682 0.5000000000
27495  -11.077  -62.664  -15.535 0.5000000000
141990  -9.273  -64.412  -15.000 0.6000000238
155854  -9.466  -63.904  -15.163 0.5000000000
24837  -12.572  -64.683  -6.806 0.6000000238
24839  -14.016  -64.688  -7.829 0.6000000238
24877  -15.226  -64.548  -8.931 0.6999999881
26099  -14.563  -64.112  -8.496 0.6999999881
24894  -15.354  -64.407  -9.712 0.6999999881
134843  -15.635  -64.530  -10.442 0.6999999881
133857  -14.475  -64.065  -10.762 0.6000000238
24913  -14.504  -64.483  -11.561 0.5000000000
155192  -12.557  -64.486  -12.064 0.6999999881
26155  -11.519  -63.637  -12.264 0.6000000238
23642  -12.965  -65.160  -12.807 0.6000000238
23641  -11.361  -64.920  -12.641 0.6000000238
24909  -9.918  -64.327  -12.598 0.6000000238
23650  -9.377  -65.244  -13.786 0.6000000238
24922  -9.098  -64.285  -13.315 0.5000000000
27466  -8.765  -62.650  -14.028 0.5000000000
144635  -9.355  -61.946  -15.413 0.5000000000
27374  -9.328  -62.895  -7.912 0.6999999881
27392  -9.448  -62.664  -8.980 0.6999999881
26077  -12.299  -64.002  -7.536 0.6000000238
27393  -10.577  -62.717  -8.936 0.6999999881
28639  -9.078  -61.991  -9.858 0.6999999881
155444  -8.866  -61.265  -10.319 0.6999999881
152594  -8.676  -59.769  -10.902 0.6000000238
26098  -13.880  -63.732  -8.159 0.6999999881
27394  -11.595  -62.622  -8.739 0.6999999881
27414  -11.188  -62.170  -9.490 0.6999999881
132785  -9.787  -61.466  -10.158 0.6999999881
26124  -14.277  -63.262  -8.807 0.6999999881
27396  -13.549  -62.975  -8.705 0.6999999881
28658  -10.783  -61.589  -10.108 0.6999999881
149003  -15.043  -64.108  -10.263 0.6999999881
26147  -14.099  -63.490  -10.905 0.6000000238
24901  -13.670  -64.105  -11.268 0.6000000238
27451  -12.171  -62.895  -12.385 0.6000000238
27470  -11.885  -62.004  -13.128 0.6000000238
24910  -10.913  -64.346  -12.378 0.6000000238
26154  -10.509  -63.650  -12.428 0.6000000238
27469  -10.580  -62.135  -13.166 0.6000000238
26175  -9.272  -62.997  -12.869 0.5000000000
27468  -9.542  -62.288  -13.247 0.6000000238
29878  -9.779  -60.250  -13.845 0.6000000238
26174  -9.029  -63.510  -12.942 0.5000000000
27467  -8.901  -62.631  -13.465 0.5000000000
28705  -8.934  -61.361  -14.293 0.5000000000
27391  -8.584  -62.484  -8.378 0.6999999881
28657  -7.934  -61.361  -10.330 0.6999999881
28671  -8.155  -60.545  -10.800 0.6000000238
29855  -7.414  -59.675  -11.251 0.6000000238
155907  -8.383  -58.364  -11.049 0.6000000238
32114  -8.492  -57.751  -11.055 0.4000000060
29856  -10.954  -60.332  -10.652 0.6000000238
139811  -9.873  -59.992  -10.579 0.5000000000
30947  -9.157  -58.843  -11.065 0.5000000000
142909  -9.284  -55.855  -10.598 0.4000000060
36570  -8.710  -54.192  -9.795 0.5000000000
26125  -14.753  -63.810  -9.161 0.6999999881
27417  -13.992  -62.541  -9.301 0.8000000119
28659  -11.842  -61.461  -9.892 0.6999999881
30949  -11.731  -59.815  -10.871 0.5000000000
32115  -10.024  -58.007  -11.105 0.4000000060
33278  -10.645  -56.865  -10.683 0.4000000060
34400  -10.061  -55.013  -10.174 0.4000000060
35514  -10.399  -54.208  -10.074 0.4000000060
27418  -14.323  -62.964  -9.541 0.8000000119
28661  -14.237  -62.190  -9.999 0.8000000119
28660  -13.080  -61.498  -9.887 0.8000000119
28675  -12.339  -60.924  -10.496 0.8000000119
29857  -12.617  -60.311  -11.004 0.6000000238
144442  -11.577  -58.740  -10.812 0.5000000000
32116  -11.515  -57.751  -10.752 0.4000000060
145255  -11.138  -55.947  -10.484 0.4000000060
26141  -14.597  -63.629  -9.826 0.6999999881
27439  -14.354  -62.550  -10.960 0.8000000119
27452  -14.486  -61.768  -11.724 0.6999999881
28688  -13.998  -61.916  -12.525 0.5000000000
32117  -12.476  -58.091  -11.028 0.5000000000
146526  -12.082  -56.033  -10.645 0.4000000060
34401  -11.414  -55.155  -10.432 0.4000000060
27438  -14.035  -62.688  -11.472 0.6000000238
28687  -12.999  -62.268  -12.794 0.5000000000
28701  -13.100  -61.386  -13.312 0.5000000000
131333  -11.921  -61.082  -13.623 0.6000000238
28700  -10.891  -61.262  -13.452 0.6000000238
29879  -10.820  -60.144  -13.607 0.6000000238
28638  -8.342  -62.157  -9.374 0.6000000238
145051  -6.741  -61.501  -9.251 0.5000000000
28656  -6.977  -60.450  -11.057 0.5000000000
30945  -7.076  -58.999  -11.046 0.4000000060
33262  -7.283  -57.031  -10.979 0.5000000000
34385  -7.153  -56.318  -10.979 0.5000000000
34386  -7.781  -55.674  -10.518 0.5000000000
135319  -8.452  -55.010  -9.532 0.5000000000
36555  -9.206  -53.555  -8.891 0.5000000000
36557  -11.089  -53.834  -8.401 0.5000000000
36583  -9.502  -53.752  -9.726 0.5000000000
37663  -12.116  -52.655  -9.085 0.5000000000
29858  -14.216  -60.928  -11.186 0.6999999881
30950  -13.606  -60.183  -11.342 0.6000000238
30960  -13.762  -59.354  -11.687 0.5000000000
30959  -12.811  -59.294  -11.213 0.5000000000
37681  -10.862  -52.960  -9.700 0.5000000000
38805  -11.950  -52.475  -9.569 0.5000000000
27431  -14.315  -62.571  -10.371 0.8000000119
29859  -14.460  -61.432  -11.018 0.6999999881
28689  -14.407  -60.984  -12.476 0.6000000238
32126  -13.294  -58.368  -11.486 0.5000000000
141283  -12.661  -56.559  -11.070 0.4000000060
35538  -12.189  -55.351  -10.875 0.5000000000
36585  -11.579  -53.364  -10.274 0.4000000060
133741  -11.487  -52.821  -9.889 0.5000000000
29881  -13.617  -60.442  -13.242 0.5000000000
30974  -13.627  -59.396  -13.128 0.5000000000
32128  -13.913  -59.006  -12.223 0.6000000238
33293  -13.322  -57.546  -11.675 0.5000000000
34415  -12.658  -55.730  -11.551 0.5000000000
147146  -12.584  -55.076  -11.816 0.5000000000
29880  -12.362  -60.301  -13.605 0.5000000000
30973  -12.639  -58.583  -13.401 0.5000000000
137757  -13.428  -58.593  -13.004 0.5000000000
34431  -13.070  -56.425  -11.932 0.5000000000
30972  -11.363  -59.010  -13.615 0.6000000238
32148  -11.800  -58.015  -13.747 0.6000000238
28636  -5.865  -61.043  -10.012 0.5000000000
30934  -5.597  -60.076  -10.328 0.5000000000
29853  -5.875  -59.614  -11.043 0.5000000000
151994  -6.687  -58.808  -10.685 0.4000000060
32105  -7.574  -57.882  -10.303 0.4000000060
29827  -5.484  -60.518  -9.210 0.5000000000
30917  -6.432  -59.052  -10.055 0.4000000060
33263  -7.410  -56.699  -10.518 0.5000000000
136620  -9.546  -55.633  -8.883 0.5000000000
35490  -10.429  -54.797  -8.498 0.5000000000
36558  -12.164  -54.188  -8.508 0.4000000060
36572  -12.892  -53.800  -8.903 0.4000000060
36573  -13.967  -54.051  -9.543 0.4000000060
144849  -7.674  -59.010  -8.690 0.4000000060
32087  -7.417  -58.608  -9.757 0.4000000060
32088  -8.511  -58.496  -9.157 0.4000000060
33249  -8.085  -57.554  -9.700 0.5000000000
141490  -8.417  -56.434  -9.601 0.5000000000
34373  -11.329  -56.355  -8.508 0.5000000000
33250  -9.531  -58.158  -8.778 0.4000000060
32090  -11.121  -58.563  -8.371 0.4000000060
142916  -10.219  -57.230  -8.592 0.5000000000
35492  -12.873  -55.132  -8.760 0.4000000060
32056  -7.729  -59.146  -7.938 0.4000000060
30918  -8.776  -59.048  -8.523 0.4000000060
32033  -9.431  -58.667  -6.907 0.4000000060
32058  -9.981  -59.166  -7.484 0.4000000060
32089  -10.677  -58.932  -8.274 0.4000000060
152758  -11.816  -57.906  -8.439 0.5000000000
33251  -12.506  -57.335  -8.540 0.5000000000
34374  -12.686  -56.295  -8.589 0.4000000060
35504  -13.715  -55.097  -9.244 0.4000000060
32091  -12.340  -58.858  -8.225 0.4000000060
33264  -14.109  -57.515  -9.146 0.4000000060
34387  -14.495  -57.009  -9.540 0.4000000060
153188  -14.288  -56.015  -9.459 0.4000000060
35505  -14.493  -55.273  -9.836 0.4000000060
32032  -8.298  -58.606  -7.197 0.4000000060
33203  -9.876  -57.649  -6.512 0.3000000119
32059  -11.119  -59.125  -7.422 0.3000000119
32060  -12.242  -59.233  -8.031 0.4000000060
34325  -11.229  -56.886  -6.427 0.4000000060
33204  -10.911  -57.764  -6.481 0.3000000119
147410  -11.496  -58.578  -6.841 0.3000000119
32036  -12.751  -58.883  -7.612 0.4000000060
33221  -14.577  -58.245  -7.883 0.5000000000
155643  -14.722  -58.182  -8.769 0.4000000060
33265  -14.808  -57.883  -9.264 0.4000000060
34389  -15.299  -57.269  -9.822 0.4000000060
35518  -16.671  -55.656  -10.809 0.3000000119
34348  -14.845  -57.464  -7.347 0.5000000000
32095  -15.851  -58.090  -9.130 0.4000000060
33267  -16.432  -57.798  -9.545 0.4000000060
33281  -16.776  -57.490  -10.125 0.3000000119
35444  -10.971  -55.810  -6.023 0.4000000060
142616  -11.915  -56.623  -6.392 0.4000000060
34326  -12.646  -57.470  -6.652 0.5000000000
33207  -14.050  -57.926  -7.334 0.5000000000
147776  -11.964  -55.799  -6.070 0.4000000060
35446  -13.633  -56.246  -6.478 0.5000000000
34329  -14.987  -56.367  -6.825 0.5000000000
34376  -17.020  -57.215  -8.298 0.4000000060
33268  -17.299  -57.551  -9.705 0.3000000119
35447  -14.320  -55.662  -6.213 0.3000000119
141272  -15.218  -55.411  -6.376 0.3000000119
35468  -16.209  -56.019  -7.326 0.3000000119
141356  -9.901  -55.792  -6.138 0.4000000060
152055  -12.480  -55.276  -5.821 0.3000000119
146700  -12.966  -54.669  -5.404 0.4000000060
142521  -17.673  -56.581  -8.335 0.3000000119
36508  -11.118  -53.770  -5.493 0.3000000119
36492  -12.551  -53.160  -4.820 0.3000000119
19163  -15.485  -70.025  -30.459 0.6000000238
20289  -15.272  -69.086  -29.656 0.5000000000
22426  -9.656  -66.187  -15.042 0.6000000238
22419  -10.283  -66.189  -14.122 0.6000000238
7526  -11.346  -80.402  -26.713 0.5000000000
7504  -12.792  -80.306  -24.698 0.6000000238
10248  -13.205  -76.998  -24.331 0.5000000000
7505  -13.704  -80.318  -24.723 0.6999999881
140770  -14.534  -79.748  -27.261 0.6999999881
133715  -14.996  -80.005  -25.817 0.6999999881
10215  -14.959  -78.044  -21.871 0.6999999881
8362  -16.028  -79.264  -25.064 0.6999999881
9227  -16.248  -79.183  -24.247 0.6999999881
14692  -16.194  -73.661  -27.721 0.5000000000
10297  -17.319  -77.551  -27.727 0.6999999881
12354  -15.958  -75.499  -21.970 0.6999999881
11246  -15.769  -77.002  -21.501 0.6999999881
10286  -17.572  -77.388  -26.739 0.6999999881
10205  -17.046  -77.379  -21.258 0.6999999881
18009  -16.271  -70.400  -30.469 0.6000000238
12449  -19.301  -75.702  -27.315 0.6999999881
13489  -17.255  -74.451  -21.635 0.6000000238
11237  -18.831  -75.779  -20.563 0.6000000238
11282  -19.225  -76.022  -23.127 0.5000000000
20272  -12.886  -68.401  -28.951 0.6999999881
12314  -18.007  -75.453  -20.571 0.6000000238
11388  -21.401  -76.586  -30.307 0.6000000238
12506  -22.140  -75.451  -31.597 0.6000000238
12316  -19.225  -74.978  -20.233 0.5000000000
12357  -22.572  -75.537  -21.671 0.5000000000
10335  -22.841  -77.593  -30.075 0.5000000000
20273  -13.468  -68.295  -29.036 0.6000000238
142368  -12.977  -68.482  -27.681 0.6999999881
153191  -19.630  -69.642  -29.020 0.6000000238
150691  -18.191  -72.897  -21.909 0.5000000000
14601  -18.665  -73.788  -20.604 0.5000000000
13468  -20.597  -74.338  -19.967 0.6000000238
14588  -19.421  -74.132  -20.086 0.5000000000
12319  -21.933  -74.578  -20.704 0.5000000000
12516  -23.287  -74.788  -32.373 0.6000000238
139886  -23.905  -76.821  -31.732 0.6000000238
9294  -24.568  -78.155  -29.868 0.5000000000
22586  -12.773  -65.801  -24.296 0.6000000238
152945  -22.058  -64.674  -27.497 0.5000000000
18922  -14.472  -69.277  -14.774 0.6000000238
17788  -14.824  -70.243  -17.462 0.6000000238
19044  -20.640  -69.371  -22.390 0.6000000238
18923  -15.486  -69.002  -14.982 0.6000000238
22533  -13.022  -66.500  -19.716 0.8000000119
20077  -16.226  -68.595  -15.359 0.6000000238
21399  -22.364  -67.519  -26.725 0.6000000238
131592  -16.440  -67.817  -17.217 0.6000000238
20211  -21.855  -68.363  -24.852 0.6000000238
22515  -12.034  -66.188  -17.744 0.8000000119
23889  -24.706  -65.475  -29.518 0.6000000238
144718  -14.387  -66.812  -17.027 0.6000000238
22498  -15.266  -66.821  -17.047 0.6999999881
22451  -14.675  -66.471  -15.594 0.6000000238
23653  -11.937  -65.472  -13.178 0.6000000238
22428  -11.059  -66.701  -14.840 0.6999999881
23652  -10.783  -65.603  -13.313 0.6000000238
26206  -9.275  -63.203  -15.020 0.5000000000
26156  -12.467  -63.633  -11.941 0.5000000000
24923  -9.397  -64.897  -12.983 0.6000000238
28724  -9.054  -61.600  -14.837 0.5000000000
27375  -10.129  -63.022  -8.153 0.6999999881
137578  -11.331  -63.771  -7.623 0.6000000238
27413  -10.151  -62.114  -9.585 0.6999999881
27415  -12.290  -62.008  -9.200 0.8000000119
140000  -11.784  -60.514  -10.710 0.6000000238
149906  -6.683  -61.078  -10.436 0.6000000238
30948  -10.562  -59.295  -10.753 0.5000000000
36611  -12.211  -54.215  -10.921 0.5000000000
150528  -6.026  -60.365  -10.927 0.5000000000
37640  -10.561  -52.830  -9.134 0.5000000000
29865  -14.199  -60.237  -11.746 0.6000000238
132591  -14.341  -60.245  -12.101 0.6000000238
33317  -12.329  -57.243  -13.487 0.5000000000
30916  -5.814  -59.469  -9.779 0.5000000000
32057  -8.948  -59.143  -7.485 0.4000000060
30890  -8.915  -59.266  -7.953 0.4000000060
30891  -9.755  -59.219  -8.050 0.4000000060
32034  -10.495  -58.628  -6.807 0.3000000119
30892  -10.753  -59.272  -8.027 0.4000000060
146563  -12.999  -58.193  -8.510 0.5000000000
33252  -13.395  -57.438  -8.773 0.4000000060
136231  -12.839  -58.949  -8.025 0.4000000060
33253  -14.042  -58.059  -8.707 0.4000000060
34388  -14.922  -56.338  -9.965 0.4000000060
35516  -15.253  -55.609  -10.324 0.4000000060
142161  -11.798  -57.672  -6.550 0.3000000119
33206  -13.241  -58.303  -7.111 0.5000000000
32061  -13.592  -58.554  -7.856 0.4000000060
32062  -14.987  -58.273  -8.423 0.5000000000
133153  -14.281  -58.296  -8.311 0.4000000060
34402  -15.794  -56.601  -10.336 0.4000000060
34349  -15.669  -56.904  -7.392 0.5000000000
33223  -16.116  -57.521  -8.040 0.4000000060
33254  -16.382  -57.821  -8.743 0.4000000060
35445  -12.789  -56.276  -6.350 0.5000000000
147334  -13.352  -55.488  -5.958 0.5000000000
34351  -17.042  -56.127  -7.757 0.4000000060
35425  -13.826  -54.743  -5.534 0.4000000060
36509  -12.559  -53.885  -5.045 0.3000000119
36510  -13.254  -53.979  -5.004 0.3000000119
36511  -14.060  -53.799  -5.287 0.3000000119
11439  -21.616  -76.482  -35.073 0.5000000000
11445  -22.011  -76.920  -35.671 0.5000000000
9374  -21.307  -79.020  -36.805 0.5000000000
10397  -22.303  -77.615  -36.122 0.5000000000
8459  -21.740  -79.456  -37.126 0.5000000000
9375  -22.757  -78.404  -36.687 0.5000000000
143172  -22.596  -80.314  -36.281 0.6000000238
140938  -21.967  -74.803  -34.906 0.5000000000
155117  -22.098  -75.522  -35.133 0.5000000000
11441  -22.968  -76.013  -35.552 0.5000000000
10398  -23.384  -77.574  -36.213 0.5000000000
6826  -23.266  -80.681  -35.840 0.6000000238
9376  -23.826  -78.501  -37.021 0.6000000238
9384  -23.187  -78.925  -37.273 0.6000000238
13637  -20.428  -74.228  -34.724 0.4000000060
12514  -16.292  -75.064  -32.901 0.4000000060
14751  -17.523  -73.763  -33.395 0.4000000060
13618  -17.033  -73.987  -33.800 0.5000000000
14771  -18.493  -73.450  -33.996 0.5000000000
13629  -18.977  -73.940  -34.475 0.5000000000
135763  -19.505  -73.001  -33.626 0.5000000000
14764  -19.555  -72.699  -33.004 0.5000000000
14779  -19.802  -73.857  -34.633 0.5000000000
14780  -20.651  -73.665  -34.604 0.5000000000
6827  -24.168  -80.236  -35.376 0.6000000238
6811  -24.292  -80.436  -34.635 0.6000000238
14781  -21.405  -73.455  -34.520 0.5000000000
13639  -22.782  -74.329  -34.930 0.5000000000
14775  -22.879  -72.997  -34.294 0.5000000000
7629  -24.308  -79.313  -35.893 0.6000000238
12540  -22.770  -75.263  -35.179 0.5000000000
11448  -24.317  -76.904  -36.287 0.6000000238
9385  -24.229  -78.902  -37.311 0.6000000238
7611  -24.510  -79.327  -34.869 0.6000000238
10400  -25.002  -77.579  -36.440 0.6000000238
7630  -24.886  -78.639  -35.687 0.6000000238
7612  -25.601  -78.723  -34.777 0.6999999881
155555  -25.318  -78.179  -36.095 0.6000000238
8454  -26.471  -78.116  -35.737 0.6999999881
11385  -16.571  -76.885  -30.893 0.6000000238
11386  -17.246  -76.187  -31.013 0.6000000238
145291  -17.768  -76.096  -30.104 0.6000000238
12502  -16.742  -75.627  -31.963 0.5000000000
12515  -17.250  -74.868  -32.406 0.5000000000
13601  -18.541  -73.861  -31.624 0.6000000238
14752  -18.196  -73.374  -33.070 0.5000000000
14743  -18.512  -73.411  -32.314 0.5000000000
14753  -19.738  -72.726  -32.327 0.5000000000
15846  -20.790  -72.323  -33.141 0.5000000000
14754  -20.592  -72.662  -32.374 0.5000000000
15857  -21.752  -72.532  -33.676 0.5000000000
7576  -24.906  -80.518  -32.562 0.6999999881
8423  -25.190  -79.543  -33.680 0.6000000238
7591  -25.696  -80.176  -32.792 0.8000000119
14782  -23.252  -73.548  -34.730 0.5000000000
13640  -23.677  -74.232  -35.261 0.5000000000
143344  -24.358  -74.577  -35.703 0.6000000238
8430  -25.240  -79.174  -34.151 0.6999999881
8432  -26.690  -79.681  -33.757 0.6999999881
7632  -26.991  -78.663  -35.468 0.6999999881
147601  -25.869  -75.980  -36.538 0.6000000238
146670  -26.335  -77.334  -36.358 0.6000000238
11451  -27.269  -76.764  -36.298 0.6999999881
9379  -27.692  -78.377  -36.353 0.6999999881
146405  -27.646  -79.035  -36.210 0.6000000238
10332  -15.470  -78.056  -30.676 0.5000000000
11378  -17.155  -76.893  -30.054 0.6000000238
12497  -18.699  -75.199  -30.105 0.6000000238
13602  -19.560  -73.845  -31.203 0.6000000238
14745  -20.040  -73.128  -31.669 0.6000000238
15842  -21.920  -72.281  -32.945 0.5000000000
14756  -22.505  -72.751  -32.642 0.6000000238
7564  -25.477  -80.683  -32.027 0.6999999881
15843  -22.570  -72.502  -33.109 0.5000000000
14757  -23.289  -72.774  -33.104 0.5000000000
7577  -27.130  -80.714  -32.912 0.5000000000
6763  -27.941  -81.548  -31.895 0.6000000238
15859  -23.429  -72.754  -34.014 0.6000000238
14784  -24.923  -73.204  -34.779 0.5000000000
7593  -27.613  -80.571  -33.696 0.6000000238
12541  -25.197  -74.327  -35.841 0.5000000000
7613  -26.958  -79.020  -34.804 0.6999999881
7602  -27.304  -79.970  -34.386 0.6000000238
12548  -26.446  -75.229  -36.340 0.5000000000
7614  -27.486  -79.819  -35.734 0.6000000238
7615  -28.045  -80.592  -35.416 0.6000000238
12543  -27.207  -74.572  -35.960 0.5000000000
12544  -27.797  -75.082  -35.912 0.6000000238
8462  -28.212  -78.620  -36.715 0.5000000000
11442  -29.038  -76.019  -35.410 0.5000000000
8457  -30.207  -79.067  -35.864 0.5000000000
10333  -16.287  -77.529  -30.394 0.6000000238
8387  -14.663  -79.112  -29.911 0.4000000060
13611  -22.793  -73.736  -32.291 0.5000000000
6774  -27.456  -81.157  -32.364 0.6000000238
14758  -24.020  -73.017  -33.403 0.5000000000
6783  -27.820  -81.013  -33.306 0.5000000000
157426  -25.631  -73.346  -34.867 0.5000000000
6793  -27.986  -80.624  -34.063 0.5000000000
144966  -28.888  -80.856  -33.637 0.5000000000
6776  -29.001  -81.674  -32.450 0.5000000000
13620  -26.459  -73.990  -34.001 0.5000000000
6812  -27.741  -81.249  -34.928 0.5000000000
7616  -29.084  -80.471  -35.247 0.5000000000
13633  -27.712  -74.411  -34.642 0.6000000238
141386  -28.358  -74.889  -34.144 0.6000000238
8455  -28.484  -79.117  -36.456 0.5000000000
7635  -29.696  -79.845  -35.597 0.6000000238
12527  -28.919  -75.343  -34.394 0.6000000238
12536  -29.262  -75.747  -34.701 0.5000000000
133803  -14.491  -79.522  -29.172 0.4000000060
13613  -24.455  -73.711  -33.439 0.5000000000
6028  -30.028  -81.515  -32.619 0.5000000000
13619  -25.383  -73.708  -33.931 0.5000000000
142059  -26.595  -74.937  -33.664 0.5000000000
6796  -29.913  -80.357  -33.969 0.5000000000
6047  -30.509  -81.064  -33.126 0.5000000000
6777  -32.209  -81.017  -32.018 0.5000000000
6765  -32.819  -80.626  -31.535 0.5000000000
9301  -35.873  -77.468  -30.309 0.5000000000
11419  -27.097  -75.581  -33.362 0.6000000238
11420  -28.049  -75.411  -33.535 0.6000000238
6815  -30.321  -80.433  -34.804 0.5000000000
11421  -28.778  -75.708  -33.759 0.6000000238
7618  -32.147  -79.636  -35.198 0.5000000000
11410  -28.722  -76.686  -33.126 0.5000000000
134347  -29.219  -77.537  -33.186 0.5000000000
140205  -25.822  -77.595  -31.684 0.5000000000
6030  -31.246  -80.724  -33.070 0.5000000000
7578  -32.499  -80.404  -32.486 0.5000000000
7580  -33.696  -79.674  -31.760 0.5000000000
8407  -34.671  -78.815  -30.987 0.5000000000
10364  -26.074  -76.985  -32.422 0.5000000000
10353  -26.638  -77.599  -31.723 0.6000000238
149191  -31.499  -80.295  -34.683 0.5000000000
7594  -32.191  -80.085  -33.623 0.5000000000
8416  -34.516  -78.730  -31.482 0.5000000000
9316  -35.762  -77.538  -30.680 0.5000000000
11383  -36.622  -76.409  -30.248 0.5000000000
10366  -28.124  -77.085  -32.519 0.5000000000
7604  -31.887  -80.145  -35.083 0.5000000000
152695  -33.020  -79.146  -34.993 0.5000000000
9307  -25.690  -78.262  -30.375 0.5000000000
10369  -34.620  -77.684  -32.190 0.5000000000
9337  -34.503  -78.367  -31.960 0.5000000000
10359  -36.169  -76.992  -31.001 0.5000000000
13591  -36.819  -74.902  -30.691 0.4000000060
156989  -35.819  -76.770  -31.366 0.4000000060
14725  -13.018  -74.002  -30.113 0.4000000060
20063  -13.617  -68.771  -13.226 0.5000000000
21185  -13.736  -67.336  -10.732 0.5000000000
20032  -13.650  -67.857  -11.736 0.5000000000
146207  -13.039  -66.811  -9.181 0.5000000000
22393  -13.328  -67.001  -9.852 0.5000000000
20052  -13.134  -68.443  -12.479 0.5000000000
26075  -9.887  -63.605  -7.506 0.5000000000
27365  -9.119  -63.352  -7.180 0.5000000000
153781  -7.900  -62.232  -7.869 0.5000000000
10363  -25.215  -76.504  -32.731 0.5000000000
12517  -25.268  -75.695  -33.219 0.5000000000
8451  -24.156  -79.473  -36.774 0.6000000238
145935  -23.649  -75.346  -35.640 0.6000000238
8461  -24.880  -78.724  -37.085 0.6000000238
144357  -25.580  -75.219  -36.299 0.6000000238
10401  -26.904  -77.748  -36.091 0.6999999881
12503  -17.510  -75.401  -31.528 0.6000000238
14776  -24.162  -72.986  -34.332 0.5000000000
11450  -26.465  -76.294  -36.453 0.6000000238
10402  -27.994  -77.624  -36.375 0.6000000238
141174  -28.126  -76.754  -36.191 0.6000000238
6773  -26.509  -80.817  -32.029 0.6999999881
14778  -25.182  -73.327  -34.434 0.5000000000
137391  -26.309  -73.522  -35.066 0.5000000000
13644  -27.831  -74.668  -35.363 0.6000000238
12545  -28.460  -75.383  -35.509 0.6000000238
130850  -28.792  -77.254  -36.188 0.5000000000
155064  -30.158  -79.637  -35.330 0.5000000000
6795  -29.061  -80.611  -34.150 0.5000000000
6046  -29.612  -81.059  -33.414 0.5000000000
12526  -27.441  -74.482  -33.922 0.5000000000
152196  -29.113  -76.407  -33.668 0.5000000000
11418  -26.056  -75.949  -33.202 0.5000000000
10365  -27.134  -77.042  -32.379 0.5000000000
7579  -33.174  -80.091  -32.115 0.5000000000
7606  -32.352  -79.443  -34.051 0.5000000000
8414  -33.406  -79.383  -32.659 0.5000000000
11392  -36.643  -76.030  -30.684 0.5000000000
8427  -33.564  -78.586  -33.185 0.4000000060
11401  -36.639  -75.606  -30.886 0.4000000060
151962  -31.744  -82.401  -29.166 0.5000000000
5262  -31.619  -82.112  -29.918 0.6000000238
137563  -31.111  -82.158  -30.806 0.6000000238
142163  -30.218  -82.196  -30.198 0.6000000238
6743  -28.703  -81.520  -29.246 0.4000000060
6012  -32.423  -81.287  -30.592 0.4000000060
5278  -30.778  -81.736  -31.817 0.4000000060
5279  -31.077  -81.898  -31.304 0.5000000000
139104  -29.987  -82.187  -30.923 0.6000000238
6009  -29.749  -82.033  -31.605 0.5000000000
6018  -29.756  -81.847  -32.104 0.4000000060
5998  -29.402  -81.831  -30.186 0.5000000000
6764  -28.798  -81.931  -31.893 0.5000000000
145493  -28.062  -81.472  -31.091 0.6000000238
6761  -25.829  -81.013  -31.128 0.6000000238
6772  -24.599  -81.001  -32.046 0.6000000238
6026  -24.205  -81.781  -33.473 0.6000000238
6792  -24.256  -80.735  -33.769 0.6000000238
139222  -24.310  -81.634  -34.742 0.6000000238
151855  -24.270  -81.179  -35.101 0.5000000000
6810  -23.604  -81.217  -35.398 0.5000000000
6809  -22.637  -81.287  -35.452 0.4000000060
6824  -21.380  -80.638  -35.832 0.5000000000
12494  -36.783  -75.467  -30.474 0.3000000119
9363  -21.083  -78.425  -36.012 0.4000000060
152920  -25.041  -64.661  -28.259 0.4000000060
23890  -25.720  -65.430  -29.265 0.4000000060
22647  -24.586  -66.498  -30.096 0.5000000000
30993  -9.722  -60.014  -14.408 0.5000000000
32146  -10.399  -59.013  -13.978 0.5000000000
32194  -10.516  -59.135  -14.364 0.5000000000
32170  -10.977  -58.553  -14.026 0.4000000060
135752  -12.267  -57.037  -13.688 0.4000000060
34477  -14.874  -57.313  -15.638 0.4000000060
33305  -12.695  -56.563  -13.100 0.4000000060
34444  -12.827  -56.399  -13.391 0.4000000060
152939  -12.445  -56.776  -13.793 0.4000000060
34430  -12.784  -55.900  -12.569 0.4000000060
35557  -12.820  -55.879  -12.718 0.4000000060
34462  -14.766  -56.520  -14.691 0.4000000060
35552  -12.867  -54.974  -12.344 0.4000000060
36634  -13.564  -54.789  -12.757 0.4000000060
36649  -15.531  -54.721  -14.056 0.4000000060
36623  -12.624  -54.210  -11.598 0.4000000060
36624  -13.178  -54.129  -12.101 0.4000000060
133590  -12.357  -53.624  -10.870 0.4000000060
37704  -12.843  -53.264  -11.240 0.4000000060
37664  -13.270  -52.772  -9.420 0.3000000119
38806  -12.787  -52.095  -9.695 0.4000000060
136046  -15.531  -54.983  -10.556 0.3000000119
36586  -14.851  -54.484  -10.176 0.3000000119
38822  -13.664  -51.924  -9.869 0.3000000119
37683  -14.344  -52.967  -9.907 0.3000000119
153903  -13.487  -57.930  -15.277 0.4000000060
33332  -13.287  -57.170  -14.727 0.4000000060
33331  -12.080  -57.471  -14.143 0.4000000060
33351  -12.395  -58.123  -14.760 0.4000000060
34461  -13.772  -56.497  -14.438 0.4000000060
35572  -13.462  -56.088  -13.708 0.4000000060
34463  -15.732  -56.328  -14.532 0.4000000060
35573  -14.306  -55.815  -14.094 0.4000000060
35560  -14.748  -54.995  -13.772 0.4000000060
35559  -13.932  -55.298  -13.427 0.4000000060
12365  -33.192  -75.308  -22.464 0.3000000119
13505  -33.639  -74.875  -22.894 0.3000000119
11290  -32.788  -77.061  -23.281 0.4000000060
11291  -33.265  -76.798  -23.430 0.3000000119
11308  -33.608  -76.725  -23.984 0.4000000060
8351  -32.614  -79.332  -24.623 0.3000000119
10239  -33.257  -77.403  -23.734 0.3000000119
10258  -33.517  -77.435  -24.262 0.4000000060
135217  -32.093  -80.155  -25.072 0.3000000119
9231  -33.039  -78.812  -24.466 0.3000000119
9244  -33.420  -78.663  -24.829 0.3000000119
7509  -32.892  -80.113  -25.203 0.3000000119
7510  -33.213  -79.390  -24.946 0.3000000119
8363  -33.732  -79.230  -25.640 0.3000000119
141216  -33.324  -80.894  -25.648 0.3000000119
6720  -33.804  -81.658  -25.928 0.3000000119
6723  -34.280  -81.343  -26.316 0.3000000119
5963  -33.345  -82.417  -25.682 0.3000000119
5969  -33.895  -82.506  -26.532 0.3000000119
5970  -34.316  -82.077  -27.124 0.3000000119
4502  -33.157  -84.554  -24.902 0.3000000119
4507  -33.113  -83.623  -25.382 0.3000000119
5218  -33.466  -83.048  -25.965 0.3000000119
4515  -33.551  -83.055  -27.030 0.3000000119
4525  -33.166  -83.125  -27.472 0.3000000119
3845  -32.807  -84.689  -25.494 0.4000000060
12396  -33.730  -75.845  -23.919 0.3000000119
143869  -32.268  -77.675  -23.562 0.4000000060
11327  -33.751  -76.902  -24.841 0.4000000060
133111  -32.109  -78.958  -24.331 0.3000000119
9245  -33.698  -78.394  -25.457 0.4000000060
7520  -32.403  -80.985  -25.469 0.3000000119
143563  -34.113  -80.081  -26.188 0.4000000060
142485  -34.479  -80.800  -26.566 0.4000000060
5961  -31.966  -81.854  -25.340 0.3000000119
5977  -34.233  -81.843  -27.803 0.4000000060
152518  -33.101  -84.665  -24.272 0.3000000119
5209  -32.649  -83.686  -24.555 0.4000000060
4540  -32.957  -82.694  -27.990 0.4000000060
4531  -32.016  -83.638  -27.892 0.3000000119
5199  -32.347  -83.955  -23.763 0.3000000119
12380  -33.842  -75.044  -23.685 0.3000000119
12397  -34.053  -75.219  -24.499 0.3000000119
14621  -34.293  -73.615  -22.777 0.3000000119
11309  -33.863  -76.060  -24.711 0.3000000119
12417  -34.185  -75.460  -25.216 0.3000000119
9218  -30.642  -78.274  -23.984 0.4000000060
135637  -33.845  -77.118  -25.509 0.3000000119
11345  -34.091  -76.970  -26.289 0.3000000119
142116  -31.264  -80.223  -24.980 0.3000000119
9229  -31.209  -79.019  -24.336 0.4000000060
9257  -33.940  -78.513  -26.225 0.4000000060
10292  -34.067  -77.758  -26.776 0.3000000119
7530  -34.516  -80.093  -26.972 0.4000000060
8375  -34.422  -79.399  -27.481 0.4000000060
7508  -31.450  -80.951  -25.229 0.3000000119
6710  -30.192  -81.346  -24.405 0.3000000119
7531  -34.588  -80.767  -27.470 0.4000000060
135385  -34.399  -80.902  -28.170 0.4000000060
5951  -31.373  -82.486  -24.806 0.3000000119
5941  -30.535  -82.598  -23.607 0.3000000119
5992  -33.073  -81.514  -29.117 0.4000000060
5993  -33.396  -81.169  -29.047 0.5000000000
5950  -30.625  -82.182  -24.343 0.3000000119
154734  -32.744  -82.300  -28.520 0.4000000060
5265  -32.686  -81.835  -29.120 0.4000000060
5264  -32.328  -81.658  -29.837 0.5000000000
3816  -32.790  -85.341  -22.987 0.3000000119
13515  -34.298  -74.422  -24.161 0.3000000119
14634  -34.559  -73.672  -23.656 0.3000000119
9217  -29.907  -78.545  -23.953 0.4000000060
10302  -34.373  -77.889  -27.606 0.4000000060
9288  -34.644  -78.973  -28.879 0.4000000060
7506  -29.993  -79.902  -24.394 0.4000000060
7543  -34.171  -80.272  -28.774 0.4000000060
7549  -34.000  -80.131  -29.211 0.5000000000
155201  -33.245  -80.617  -30.295 0.4000000060
6709  -29.622  -81.085  -23.629 0.3000000119
6001  -33.013  -81.045  -29.808 0.4000000060
5931  -30.246  -82.577  -22.757 0.3000000119
148735  -31.769  -81.568  -31.107 0.4000000060
6019  -31.854  -81.380  -31.672 0.4000000060
5197  -30.867  -83.218  -23.246 0.3000000119
4483  -31.939  -84.398  -22.704 0.3000000119
4476  -31.679  -84.683  -22.265 0.3000000119
13546  -34.417  -75.210  -26.080 0.3000000119
12439  -34.426  -76.131  -26.642 0.3000000119
10303  -34.834  -77.580  -28.351 0.3000000119
7496  -29.433  -80.078  -23.656 0.4000000060
132545  -34.800  -78.773  -29.601 0.5000000000
139771  -34.050  -79.647  -30.330 0.4000000060
6700  -29.709  -81.685  -22.695 0.4000000060
6766  -33.253  -80.489  -30.881 0.4000000060
5916  -29.518  -82.707  -21.544 0.3000000119
5930  -29.837  -82.170  -22.085 0.3000000119
5917  -30.215  -82.940  -22.033 0.3000000119
5179  -30.581  -83.726  -21.916 0.3000000119
3800  -31.494  -85.868  -21.569 0.3000000119
130603  -31.012  -84.536  -21.847 0.3000000119
11359  -34.505  -76.975  -27.393 0.3000000119
138901  -35.080  -78.200  -29.049 0.4000000060
142928  -34.615  -79.035  -30.059 0.4000000060
5178  -29.399  -83.511  -21.085 0.3000000119
4463  -28.412  -84.189  -20.253 0.3000000119
4475  -30.165  -84.210  -21.254 0.3000000119
4464  -29.215  -84.355  -20.604 0.3000000119
3799  -30.759  -85.285  -21.278 0.3000000119
4452  -27.918  -84.459  -19.742 0.3000000119
150293  -28.822  -85.469  -19.671 0.3000000119
4453  -28.618  -84.836  -19.992 0.3000000119
3785  -29.357  -86.002  -19.762 0.3000000119
4465  -29.910  -84.983  -20.772 0.3000000119
11372  -35.940  -76.497  -28.862 0.3000000119
10327  -35.581  -77.856  -29.800 0.4000000060
3779  -28.306  -85.639  -18.328 0.3000000119
3164  -28.943  -86.315  -18.176 0.3000000119
14699  -35.495  -73.889  -27.103 0.3000000119
13576  -35.857  -75.075  -28.370 0.3000000119
12481  -36.298  -75.932  -28.948 0.3000000119
14700  -36.015  -73.291  -27.393 0.3000000119
13561  -35.898  -74.126  -27.980 0.3000000119
13577  -36.353  -74.534  -28.831 0.3000000119
32147  -10.942  -58.617  -13.919 0.5000000000
135365  -12.716  -51.974  -10.023 0.5000000000
38838  -12.778  -52.333  -10.439 0.4000000060
33316  -11.899  -57.785  -13.854 0.4000000060
6762  -26.970  -81.173  -31.217 0.6000000238
5997  -29.090  -81.856  -31.075 0.5000000000
145773  -31.030  -81.404  -32.384 0.4000000060
7567  -34.142  -79.448  -30.787 0.4000000060
131108  -35.298  -78.293  -30.334 0.4000000060
10328  -36.226  -77.084  -29.965 0.4000000060
12493  -36.722  -75.857  -29.826 0.3000000119
31012  -11.048  -59.695  -15.531 0.5000000000
32196  -12.229  -58.712  -15.432 0.4000000060
33333  -14.147  -57.070  -14.978 0.4000000060
9220  -32.821  -77.858  -23.770 0.3000000119
5962  -32.767  -82.394  -25.408 0.3000000119
5217  -32.874  -83.070  -25.232 0.3000000119
10238  -31.301  -77.567  -23.592 0.4000000060
5256  -33.509  -81.785  -28.457 0.4000000060
8349  -30.762  -79.765  -24.644 0.3000000119
6715  -30.952  -81.584  -24.940 0.3000000119
8376  -34.506  -79.529  -28.281 0.4000000060
5189  -30.725  -83.414  -22.521 0.3000000119
7556  -33.774  -80.153  -29.790 0.4000000060
5180  -31.195  -84.125  -22.397 0.3000000119
10314  -35.707  -77.232  -29.188 0.4000000060
148876  -29.391  -81.972  -21.702 0.3000000119
3793  -30.971  -86.283  -21.020 0.3000000119
12480  -35.558  -75.904  -28.301 0.3000000119
3168  -28.797  -85.934  -19.049 0.3000000119
6057  -24.044  -81.943  -35.040 0.5000000000
5300  -23.755  -83.236  -34.108 0.5000000000
5301  -24.598  -82.944  -33.772 0.5000000000
6007  -24.590  -81.570  -31.691 0.5000000000
6750  -26.289  -81.365  -30.319 0.4000000060
9308  -26.566  -78.345  -30.291 0.4000000060
5991  -30.822  -82.365  -29.607 0.5000000000
5983  -30.694  -82.396  -28.452 0.3000000119
5238  -31.770  -84.248  -27.263 0.3000000119
5252  -31.858  -82.753  -28.315 0.4000000060
3854  -32.553  -84.310  -26.187 0.3000000119
3858  -32.045  -83.852  -27.027 0.3000000119
7488  -29.277  -80.750  -22.636 0.3000000119
7487  -28.846  -80.120  -22.112 0.3000000119
142639  -29.086  -79.892  -22.773 0.3000000119
11271  -32.361  -76.208  -22.786 0.3000000119
8309  -28.382  -79.576  -21.638 0.3000000119
155967  -29.092  -78.773  -22.787 0.3000000119
8336  -29.653  -79.182  -23.902 0.3000000119
144276  -29.941  -77.960  -23.723 0.3000000119
11288  -30.891  -76.866  -23.100 0.3000000119
138308  -30.442  -76.271  -22.601 0.3000000119
8321  -28.841  -79.236  -22.352 0.3000000119
10219  -29.205  -77.471  -22.636 0.3000000119
10236  -29.757  -77.439  -23.196 0.3000000119
11269  -29.665  -76.701  -22.512 0.3000000119
11270  -31.358  -76.120  -22.689 0.3000000119
12364  -32.520  -75.093  -22.057 0.3000000119
10218  -28.749  -77.472  -22.104 0.3000000119
12363  -31.857  -75.420  -22.361 0.3000000119
12362  -30.854  -75.375  -22.160 0.3000000119
6823  -20.775  -80.394  -35.653 0.3000000119
6742  -27.680  -81.547  -29.322 0.5000000000
6749  -25.493  -81.539  -30.629 0.4000000060
6016  -24.315  -81.654  -32.399 0.5000000000
5244  -31.295  -82.944  -27.828 0.3000000119
34464  -16.542  -56.551  -14.047 0.3000000119
35574  -15.155  -55.610  -14.296 0.3000000119
38853  -14.196  -52.237  -11.856 0.3000000119
6056  -23.061  -82.036  -35.161 0.4000000060
5287  -23.008  -83.844  -33.589 0.4000000060
3229  -26.038  -86.210  -30.048 0.4000000060
3886  -24.860  -84.878  -31.962 0.4000000060
150583  -25.447  -84.101  -31.883 0.4000000060
5260  -25.537  -83.470  -30.758 0.4000000060
5259  -25.364  -82.365  -30.478 0.4000000060
4569  -24.316  -83.928  -33.119 0.4000000060
4570  -24.642  -83.372  -33.080 0.4000000060
6017  -24.471  -82.293  -31.863 0.4000000060
2741  -26.528  -87.115  -28.624 0.3000000119
3230  -26.959  -86.055  -29.938 0.4000000060
4543  -26.948  -84.742  -30.232 0.4000000060
5288  -23.887  -83.613  -33.563 0.4000000060
3240  -25.069  -85.560  -31.088 0.4000000060
4557  -24.123  -84.437  -32.451 0.4000000060
3218  -26.329  -86.539  -29.319 0.3000000119
3862  -26.564  -85.401  -30.454 0.4000000060
4547  -25.612  -84.859  -31.534 0.4000000060
4558  -24.848  -84.045  -32.574 0.4000000060
4542  -26.359  -84.268  -30.588 0.4000000060
145574  -25.959  -82.971  -29.779 0.4000000060
3213  -27.598  -86.836  -28.461 0.3000000119
3219  -27.301  -86.344  -29.184 0.3000000119
3859  -27.481  -85.105  -29.577 0.3000000119
146473  -27.616  -85.729  -29.515 0.3000000119
5250  -26.762  -83.092  -28.957 0.3000000119
5989  -27.193  -82.068  -28.740 0.3000000119
4535  -26.568  -83.855  -29.714 0.3000000119
5981  -28.650  -82.026  -27.914 0.3000000119
6736  -28.992  -81.676  -28.496 0.3000000119
6735  -28.126  -81.748  -28.540 0.3000000119
5988  -26.472  -82.279  -29.339 0.3000000119
6741  -26.760  -81.690  -29.579 0.3000000119
5996  -25.920  -81.905  -29.875 0.3000000119
3743  -21.241  -85.482  -13.142 0.3000000119
3728  -21.671  -85.262  -12.781 0.3000000119
151325  -27.191  -83.266  -19.685 0.3000000119
5111  -21.648  -83.638  -13.321 0.3000000119
5112  -22.015  -83.580  -14.049 0.3000000119
5842  -23.358  -83.011  -15.716 0.3000000119
5843  -24.036  -83.075  -16.224 0.3000000119
5852  -24.935  -82.865  -17.104 0.3000000119
5128  -25.495  -83.157  -17.852 0.3000000119
5879  -25.570  -82.416  -18.476 0.3000000119
5880  -26.178  -82.546  -19.056 0.3000000119
5838  -21.649  -82.801  -13.838 0.3000000119
5839  -22.183  -82.615  -14.520 0.3000000119
5840  -22.787  -82.303  -15.196 0.3000000119
6610  -23.928  -82.457  -16.088 0.3000000119
5867  -24.538  -82.052  -17.075 0.3000000119
4536  -27.079  -84.235  -29.252 0.3000000119
4396  -22.101  -85.477  -12.784 0.3000000119
5116  -23.037  -84.132  -15.264 0.3000000119
5104  -22.048  -84.551  -13.073 0.3000000119
4395  -21.763  -84.888  -12.746 0.3000000119
5113  -22.493  -84.383  -14.213 0.3000000119
5115  -22.573  -83.340  -14.935 0.3000000119
6596  -22.360  -81.710  -14.640 0.3000000119
3169  -29.588  -86.572  -18.957 0.3000000119
3178  -31.617  -86.548  -21.594 0.3000000119
3784  -28.179  -85.202  -19.220 0.3000000119
3791  -29.327  -85.248  -20.228 0.3000000119
3792  -30.091  -85.882  -20.480 0.3000000119
3835  -33.035  -84.728  -25.336 0.4000000060
3852  -32.005  -84.566  -27.424 0.3000000119
3853  -32.089  -84.442  -26.473 0.3000000119
3860  -28.044  -85.485  -29.026 0.3000000119
3861  -25.731  -85.747  -30.592 0.4000000060
3863  -27.199  -85.417  -30.041 0.3000000119
3874  -26.122  -85.120  -31.159 0.4000000060
4484  -32.313  -85.142  -22.490 0.3000000119
4492  -32.040  -84.065  -23.172 0.3000000119
4493  -32.591  -84.600  -23.200 0.3000000119
4500  -32.866  -84.381  -24.003 0.3000000119
4501  -33.049  -84.070  -24.719 0.3000000119
4508  -33.104  -83.835  -25.672 0.3000000119
4514  -33.033  -83.955  -26.021 0.3000000119
4522  -31.890  -84.554  -27.690 0.3000000119
4523  -32.409  -83.827  -26.906 0.3000000119
4524  -33.011  -83.703  -26.807 0.3000000119
4532  -31.898  -83.535  -27.629 0.3000000119
4533  -32.377  -83.378  -27.550 0.3000000119
4538  -31.949  -82.838  -28.139 0.4000000060
4539  -32.207  -82.791  -28.069 0.4000000060
4548  -26.076  -84.566  -31.239 0.4000000060
5103  -21.419  -84.080  -12.760 0.3000000119
5140  -25.970  -83.076  -18.563 0.3000000119
5169  -28.651  -83.590  -20.589 0.3000000119
5190  -31.388  -83.838  -22.920 0.3000000119
5208  -31.848  -83.306  -24.366 0.4000000060
5226  -33.497  -83.113  -26.410 0.3000000119
5227  -33.941  -82.607  -26.950 0.3000000119
5239  -34.011  -82.358  -27.441 0.3000000119
5245  -31.873  -83.201  -28.000 0.3000000119
5246  -33.466  -82.406  -28.023 0.4000000060
5247  -33.923  -82.113  -27.990 0.4000000060
5251  -31.525  -82.582  -28.727 0.3000000119
5253  -31.939  -82.348  -29.034 0.5000000000
5254  -32.225  -82.248  -28.933 0.4000000060
5255  -33.111  -82.103  -28.520 0.4000000060
5261  -31.333  -82.330  -29.868 0.6000000238
5263  -31.945  -81.931  -29.832 0.5000000000
5269  -24.979  -82.922  -31.360 0.4000000060
5270  -30.429  -81.915  -31.593 0.5000000000
5271  -31.979  -81.628  -30.444 0.4000000060
5276  -24.825  -83.385  -32.397 0.4000000060
5277  -30.322  -81.780  -31.997 0.4000000060
5289  -24.395  -83.340  -33.437 0.4000000060
5851  -24.385  -82.616  -16.538 0.3000000119
5893  -26.823  -82.619  -19.568 0.3000000119
5952  -32.320  -82.814  -25.007 0.3000000119
5964  -33.716  -82.412  -26.059 0.3000000119
5980  -27.861  -82.281  -28.047 0.3000000119
5984  -33.896  -81.437  -28.400 0.4000000060
5990  -29.858  -81.893  -29.183 0.4000000060
5999  -30.734  -82.275  -30.565 0.6000000238
6000  -32.735  -81.307  -29.836 0.5000000000
6002  -33.438  -80.641  -29.727 0.4000000060
6008  -24.833  -81.878  -31.097 0.5000000000
6010  -30.514  -82.095  -31.218 0.6000000238
6011  -31.328  -81.589  -31.728 0.4000000060
6013  -32.906  -80.871  -30.420 0.4000000060
6020  -32.334  -81.171  -31.293 0.4000000060
6027  -24.541  -82.742  -32.997 0.5000000000
6029  -30.560  -81.543  -32.341 0.4000000060
6031  -31.603  -81.222  -32.294 0.5000000000
6044  -23.368  -82.646  -34.572 0.5000000000
6045  -24.204  -82.510  -34.316 0.5000000000
6690  -29.449  -81.468  -22.060 0.3000000119
6701  -30.078  -81.938  -23.592 0.3000000119
6714  -29.860  -80.607  -24.317 0.4000000060
6719  -32.986  -81.719  -25.594 0.3000000119
6724  -34.518  -81.447  -26.914 0.4000000060
6727  -11.669  -81.151  -28.041 0.5000000000
6729  -34.462  -81.450  -27.618 0.4000000060
6737  -34.277  -81.361  -28.133 0.4000000060
6744  -33.662  -80.733  -29.084 0.4000000060
6751  -27.271  -81.356  -30.159 0.4000000060
6752  -28.334  -81.423  -30.126 0.5000000000
6753  -33.637  -80.130  -30.438 0.4000000060
6760  -25.018  -81.158  -31.315 0.6000000238
6775  -28.269  -81.452  -32.585 0.6000000238
6782  -24.379  -80.953  -32.880 0.6999999881
6784  -28.467  -81.100  -33.369 0.5000000000
6785  -29.279  -81.412  -32.925 0.5000000000
6786  -31.873  -80.602  -32.872 0.5000000000
6794  -28.379  -80.716  -34.219 0.5000000000
6797  -30.859  -80.158  -34.003 0.5000000000
6798  -31.690  -80.148  -34.037 0.5000000000
6813  -28.477  -81.181  -34.926 0.5000000000
6814  -29.455  -80.750  -34.817 0.5000000000
6816  -31.167  -80.273  -35.028 0.5000000000
6825  -22.243  -80.811  -35.868 0.4000000060
7507  -30.557  -80.649  -24.779 0.3000000119
7515  -10.883  -80.026  -26.208 0.5000000000
7517  -12.312  -80.438  -25.544 0.6000000238
7518  -13.197  -80.422  -25.541 0.6000000238
7519  -14.091  -80.215  -25.672 0.6999999881
7521  -33.548  -80.081  -25.592 0.3000000119
7522  -34.040  -80.831  -25.969 0.3000000119
7525  -11.005  -80.133  -27.057 0.5000000000
7534  -11.733  -80.808  -27.247 0.5000000000
7535  -12.964  -80.679  -27.152 0.6000000238
7537  -34.539  -80.056  -27.703 0.4000000060
7538  -34.425  -80.238  -28.247 0.4000000060
7542  -13.773  -80.525  -28.365 0.5000000000
7565  -33.383  -80.204  -31.423 0.5000000000
7566  -33.714  -79.887  -31.079 0.5000000000
7590  -24.825  -80.118  -33.247 0.6999999881
7592  -26.764  -80.195  -33.263 0.6000000238
7595  -32.695  -79.742  -33.064 0.5000000000
7601  -24.592  -79.801  -34.033 0.6000000238
7603  -27.582  -80.798  -34.513 0.6000000238
7605  -32.279  -80.018  -34.829 0.5000000000
7617  -31.422  -79.978  -35.182 0.5000000000
7626  -20.965  -80.070  -36.342 0.3000000119
7627  -21.807  -80.291  -36.351 0.5000000000
7628  -23.423  -79.990  -36.572 0.6000000238
7631  -26.007  -78.396  -35.395 0.6999999881
7633  -28.010  -79.847  -36.131 0.6000000238
7634  -28.748  -79.916  -36.011 0.5000000000
7636  -21.474  -79.987  -36.888 0.5000000000
7637  -22.409  -79.885  -37.022 0.6000000238
7638  -23.521  -79.246  -37.176 0.6000000238
8322  -29.251  -79.241  -23.141 0.3000000119
8333  -13.722  -79.498  -23.109 0.6999999881
8334  -14.669  -79.613  -23.277 0.6999999881
8335  -15.598  -79.444  -23.471 0.6999999881
8341  -10.429  -79.415  -24.916 0.5000000000
8342  -11.144  -79.897  -24.839 0.6000000238
8343  -12.397  -79.813  -24.007 0.6000000238
8347  -15.675  -79.525  -24.386 0.6999999881
8348  -30.290  -79.120  -24.275 0.4000000060
8350  -31.761  -79.567  -24.647 0.3000000119
8369  -34.192  -79.331  -26.589 0.4000000060
8374  -15.026  -79.431  -27.725 0.6999999881
8381  -14.257  -79.843  -28.586 0.6999999881
8383  -34.400  -79.593  -28.935 0.4000000060
8389  -34.299  -79.590  -29.478 0.5000000000
8396  -34.584  -78.967  -30.510 0.4000000060
8406  -34.169  -79.276  -31.324 0.5000000000
8415  -34.092  -78.940  -32.182 0.5000000000
8424  -25.848  -79.709  -33.323 0.8000000119
8426  -32.946  -79.053  -33.711 0.5000000000
8431  -25.844  -79.378  -33.789 0.6999999881
8433  -32.544  -79.514  -35.053 0.5000000000
8437  -26.343  -79.173  -34.162 0.6999999881
8438  -30.451  -80.156  -35.131 0.5000000000
8439  -30.573  -79.558  -35.190 0.5000000000
8440  -32.602  -79.055  -35.176 0.5000000000
8449  -20.536  -79.825  -36.120 0.3000000119
8450  -20.990  -79.570  -36.641 0.5000000000
8452  -24.512  -78.648  -37.048 0.6000000238
8453  -25.162  -78.251  -36.033 0.6000000238
8456  -29.381  -79.014  -36.262 0.5000000000
8460  -22.571  -79.271  -37.226 0.6000000238
9197  -13.820  -78.847  -22.611 0.6999999881
9198  -14.590  -78.706  -22.326 0.6999999881
9199  -15.373  -78.686  -22.033 0.6999999881
9200  -16.178  -78.611  -21.992 0.6999999881
9201  -16.989  -78.426  -22.300 0.6999999881
9202  -28.851  -78.262  -22.390 0.3000000119
9211  -11.690  -78.493  -23.560 0.5000000000
9215  -16.430  -79.039  -23.378 0.6999999881
9216  -17.074  -78.565  -23.221 0.6999999881
9219  -31.862  -78.318  -23.976 0.4000000060
9230  -32.666  -78.508  -24.154 0.3000000119
9237  -15.765  -79.476  -25.878 0.6999999881
9271  -34.224  -78.586  -27.154 0.3000000119
9272  -34.540  -78.619  -28.170 0.4000000060
9278  -16.179  -78.448  -28.886 0.6999999881
9306  -25.002  -78.119  -30.366 0.5000000000
9315  -35.222  -78.254  -30.786 0.5000000000
9327  -35.591  -77.690  -30.980 0.5000000000
9336  -34.145  -78.187  -32.779 0.5000000000
9365  -31.419  -79.474  -35.223 0.5000000000
9373  -20.816  -79.222  -36.342 0.5000000000
9377  -24.733  -78.532  -37.053 0.6000000238
9378  -25.189  -78.149  -36.377 0.6000000238
9383  -22.114  -78.953  -37.213 0.5000000000
9386  -28.395  -78.178  -36.838 0.5000000000
10203  -15.562  -77.593  -21.620 0.6999999881
10204  -16.179  -77.460  -21.410 0.6999999881
10214  -14.158  -78.201  -22.450 0.6999999881
10229  -13.242  -78.355  -22.851 0.6999999881
10237  -30.404  -77.492  -23.490 0.3000000119
10246  -11.496  -77.411  -24.033 0.5000000000
10247  -12.432  -77.328  -24.110 0.5000000000
10249  -13.593  -77.082  -23.537 0.6999999881
10251  -17.886  -77.413  -24.016 0.6999999881
10278  -33.651  -77.793  -24.932 0.4000000060
10279  -33.845  -77.746  -25.851 0.3000000119
10285  -17.000  -78.113  -27.111 0.6999999881
10309  -21.871  -77.624  -28.379 0.5000000000
10318  -15.248  -78.612  -29.967 0.4000000060
10323  -23.315  -77.939  -29.696 0.5000000000
10324  -23.937  -77.952  -29.967 0.5000000000
10334  -22.085  -77.266  -30.013 0.6000000238
10336  -23.486  -77.615  -30.363 0.5000000000
10339  -26.145  -78.067  -31.083 0.5000000000
10344  -36.496  -76.270  -30.834 0.4000000060
10349  -15.688  -77.196  -31.424 0.6000000238
10350  -23.715  -77.220  -31.055 0.6000000238
10351  -24.443  -77.349  -31.503 0.6000000238
10356  -28.765  -77.620  -32.337 0.5000000000
10358  -35.427  -77.404  -31.363 0.4000000060
10391  -21.662  -77.551  -35.691 0.5000000000
10399  -24.288  -77.924  -36.442 0.6000000238
10403  -28.976  -77.835  -36.957 0.5000000000
11248  -17.587  -76.657  -20.944 0.6999999881
11249  -18.469  -76.507  -20.985 0.6000000238
11250  -19.217  -76.086  -21.028 0.6000000238
11261  -15.906  -76.229  -21.608 0.6999999881
11265  -22.664  -76.070  -22.399 0.5000000000
11272  -33.072  -76.193  -22.956 0.4000000060
11279  -14.216  -76.788  -23.048 0.6999999881
11289  -31.866  -76.908  -23.130 0.3000000119
11301  -11.854  -76.960  -24.621 0.5000000000
11318  -13.769  -76.628  -26.355 0.6000000238
11322  -21.430  -76.681  -25.500 0.4000000060
11328  -34.041  -76.249  -25.625 0.3000000119
11335  -13.418  -76.695  -27.156 0.5000000000
11337  -18.046  -76.871  -26.051 0.6999999881
11338  -18.555  -76.224  -26.382 0.6999999881
11339  -20.564  -76.386  -26.682 0.6000000238
11355  -20.365  -76.405  -27.585 0.6999999881
11365  -13.724  -76.141  -28.643 0.5000000000
11367  -18.184  -76.180  -28.120 0.6999999881
11369  -21.132  -77.237  -28.630 0.6000000238
11373  -36.373  -76.556  -29.530 0.3000000119
11379  -20.634  -76.254  -29.856 0.6999999881
11380  -21.195  -77.049  -29.537 0.6000000238
11398  -24.466  -76.724  -32.257 0.6000000238
11406  -24.579  -75.843  -32.859 0.5000000000
11407  -26.770  -76.414  -32.872 0.6000000238
11408  -27.621  -76.293  -32.968 0.6000000238
11409  -28.328  -76.194  -33.185 0.6000000238
11422  -29.292  -75.922  -34.261 0.5000000000
11430  -29.749  -76.328  -34.737 0.5000000000
11440  -22.204  -76.129  -35.364 0.5000000000
11443  -29.577  -76.337  -35.168 0.5000000000
11446  -22.664  -76.788  -35.784 0.5000000000
11447  -23.574  -76.376  -35.940 0.5000000000
11449  -25.182  -76.347  -36.450 0.6000000238
11452  -28.675  -76.287  -35.837 0.6000000238
11453  -29.390  -76.994  -35.805 0.5000000000
12317  -20.169  -74.862  -20.281 0.6000000238
12318  -21.063  -74.729  -20.464 0.5000000000
12344  -31.691  -74.960  -21.803 0.3000000119
12353  -15.486  -75.837  -22.375 0.6999999881
12355  -19.869  -75.680  -22.620 0.6000000238
12361  -29.957  -75.944  -22.049 0.3000000119
12372  -15.790  -75.107  -22.795 0.6999999881
12374  -19.693  -75.577  -23.769 0.5000000000
12379  -33.483  -75.644  -23.181 0.3000000119
12391  -19.592  -75.677  -24.749 0.6000000238
12392  -20.895  -75.866  -23.819 0.5000000000
12407  -12.206  -76.412  -26.300 0.5000000000
12409  -15.063  -75.426  -25.672 0.6000000238
12410  -18.859  -76.068  -25.797 0.6999999881
12411  -19.424  -75.778  -25.706 0.6000000238
12426  -14.805  -75.797  -26.878 0.6000000238
12428  -19.426  -75.775  -26.552 0.6000000238
12447  -14.956  -75.458  -28.901 0.6000000238
12448  -18.913  -75.787  -26.920 0.6999999881
12485  -13.624  -75.306  -29.999 0.5000000000
12488  -18.896  -75.315  -29.323 0.6999999881
12489  -19.378  -75.327  -29.686 0.6999999881
12496  -18.077  -75.374  -30.649 0.6000000238
12501  -36.735  -75.370  -30.787 0.4000000060
12504  -20.468  -74.989  -30.888 0.6999999881
12507  -22.922  -75.685  -31.828 0.6000000238
12524  -24.909  -74.830  -33.393 0.5000000000
12525  -25.756  -74.905  -33.656 0.5000000000
12535  -28.540  -75.032  -34.787 0.6000000238
12539  -21.671  -75.617  -34.959 0.5000000000
12542  -26.287  -74.123  -35.794 0.5000000000
12546  -29.031  -75.545  -35.055 0.6000000238
12547  -24.533  -75.565  -36.127 0.6000000238
12549  -27.204  -75.585  -36.261 0.6000000238
12550  -27.973  -75.895  -36.122 0.6000000238
13454  -20.236  -73.951  -19.839 0.6000000238
13455  -20.901  -73.891  -19.869 0.6000000238
13466  -18.449  -74.741  -20.461 0.6000000238
13467  -19.908  -74.426  -19.982 0.5000000000
13469  -21.386  -74.182  -20.147 0.5000000000
13478  -17.627  -75.017  -20.802 0.6000000238
13506  -34.031  -74.284  -23.330 0.3000000119
13512  -16.021  -74.155  -24.263 0.6999999881
13566  -15.376  -74.733  -29.573 0.6000000238
13580  -13.501  -74.508  -30.278 0.5000000000
13582  -14.808  -74.540  -30.298 0.6000000238
13590  -36.727  -74.965  -29.825 0.3000000119
13592  -14.188  -74.146  -30.535 0.5000000000
13593  -18.699  -74.583  -30.807 0.6000000238
13595  -19.825  -74.598  -30.761 0.6999999881
13600  -18.033  -74.672  -31.599 0.6000000238
13609  -16.789  -74.293  -33.411 0.4000000060
13610  -17.809  -73.907  -32.596 0.4000000060
13630  -22.217  -73.699  -34.650 0.5000000000
13631  -25.991  -73.582  -34.546 0.5000000000
13632  -26.897  -73.828  -34.562 0.5000000000
13638  -21.264  -74.092  -34.767 0.4000000060
13641  -24.706  -73.684  -35.326 0.5000000000
13642  -25.585  -73.514  -35.270 0.5000000000
13643  -27.099  -73.975  -35.265 0.5000000000
14589  -19.979  -73.506  -19.950 0.6000000238
14632  -17.215  -73.109  -23.176 0.6000000238
14644  -16.377  -73.427  -24.731 0.6999999881
14662  -16.218  -73.400  -25.685 0.6000000238
14678  -16.175  -73.496  -26.641 0.5000000000
14736  -13.609  -73.687  -30.417 0.4000000060
14737  -14.303  -73.308  -30.704 0.5000000000
14744  -19.131  -73.259  -31.719 0.5000000000
14747  -21.838  -73.429  -32.153 0.6999999881
14755  -21.489  -72.634  -32.503 0.5000000000
14762  -17.860  -73.555  -33.679 0.5000000000
14763  -18.701  -73.156  -33.333 0.5000000000
14765  -23.915  -72.840  -33.798 0.5000000000
14766  -24.599  -73.219  -33.837 0.5000000000
14770  -17.632  -73.690  -33.910 0.5000000000
14772  -20.116  -73.298  -34.183 0.5000000000
14773  -21.083  -73.014  -34.086 0.5000000000
14774  -21.987  -72.916  -34.249 0.5000000000
14777  -24.577  -73.082  -34.266 0.5000000000
14783  -24.079  -73.376  -34.894 0.5000000000
15674  -20.196  -72.768  -20.287 0.6000000238
15716  -17.555  -72.354  -23.609 0.5000000000
15771  -17.193  -72.417  -26.703 0.6000000238
15787  -17.286  -72.483  -27.673 0.6000000238
15802  -16.914  -72.980  -29.320 0.6000000238
15803  -17.443  -72.497  -28.695 0.6000000238
15815  -13.261  -73.261  -30.136 0.4000000060
15817  -16.771  -72.488  -30.173 0.6000000238
15825  -14.474  -72.473  -30.797 0.5000000000
15827  -16.173  -72.144  -30.732 0.6000000238
15840  -20.335  -72.414  -32.845 0.5000000000
15841  -21.105  -72.286  -32.878 0.5000000000
15847  -21.485  -72.285  -33.188 0.5000000000
15848  -22.194  -72.411  -33.332 0.5000000000
15849  -22.959  -72.667  -33.524 0.6000000238
15855  -20.459  -72.731  -33.576 0.5000000000
15856  -21.125  -72.495  -33.482 0.5000000000
15858  -22.554  -72.634  -33.805 0.5000000000
16740  -20.482  -71.933  -20.624 0.6000000238
16742  -22.029  -72.027  -20.684 0.5000000000
16759  -19.186  -71.875  -21.472 0.5000000000
16760  -19.874  -71.404  -21.192 0.6000000238
16762  -21.517  -71.224  -21.212 0.5000000000
16786  -19.005  -71.324  -21.988 0.5000000000
16788  -21.958  -70.912  -21.826 0.5000000000
16789  -22.271  -71.436  -22.126 0.5000000000
16828  -17.675  -71.746  -24.877 0.6000000238
16849  -17.539  -71.956  -25.535 0.5000000000
16851  -21.724  -71.506  -26.021 0.5000000000
16868  -17.544  -71.887  -26.288 0.5000000000
16899  -18.231  -71.303  -28.615 0.5000000000
16911  -18.319  -71.005  -29.632 0.5000000000
16920  -14.521  -71.457  -30.644 0.6000000238
16922  -16.981  -70.990  -30.305 0.6000000238
17782  -15.290  -69.974  -16.846 0.6000000238
17789  -15.651  -70.019  -17.512 0.6000000238
17805  -15.899  -70.227  -18.983 0.5000000000
17824  -16.162  -70.123  -19.710 0.5000000000
17847  -16.006  -70.058  -20.631 0.5000000000
17868  -16.126  -69.762  -21.461 0.6000000238
17869  -20.287  -70.606  -21.509 0.6000000238
17870  -21.010  -70.451  -21.486 0.6000000238
17888  -15.229  -70.025  -22.181 0.5000000000
17889  -19.005  -70.525  -22.467 0.5000000000
17892  -21.712  -70.170  -22.256 0.5000000000
17905  -19.482  -69.614  -22.617 0.6000000238
17918  -22.257  -69.991  -23.990 0.5000000000
17952  -18.149  -70.472  -26.433 0.5000000000
17996  -12.852  -70.021  -30.359 0.6000000238
17997  -17.897  -70.787  -30.073 0.6000000238
18006  -13.848  -70.657  -30.405 0.6000000238
18008  -15.301  -70.376  -30.631 0.6000000238
18010  -17.288  -70.372  -30.256 0.5000000000
18011  -18.072  -70.200  -30.191 0.4000000060
18921  -13.460  -69.384  -14.666 0.6000000238
18932  -13.805  -69.562  -15.445 0.6000000238
18933  -14.812  -69.462  -15.500 0.6000000238
18934  -15.696  -69.243  -15.738 0.6000000238
18935  -16.275  -68.877  -16.129 0.6000000238
18947  -15.841  -69.504  -16.433 0.6000000238
18960  -16.244  -69.509  -17.543 0.6000000238
18979  -16.340  -69.790  -18.838 0.5000000000
19014  -16.436  -69.381  -21.115 0.5000000000
19025  -16.025  -69.752  -22.182 0.5000000000
19042  -16.316  -69.225  -22.900 0.6000000238
19043  -20.007  -68.968  -22.707 0.6000000238
19055  -16.023  -68.997  -23.817 0.5000000000
19068  -15.381  -68.855  -24.701 0.5000000000
19070  -18.981  -68.840  -24.632 0.6000000238
19071  -21.802  -69.205  -23.553 0.6000000238
19084  -13.926  -68.939  -25.931 0.6999999881
19086  -19.003  -68.914  -25.502 0.6000000238
19113  -12.572  -68.840  -28.512 0.6999999881
19115  -19.857  -69.153  -28.361 0.6000000238
19131  -12.355  -69.163  -29.450 0.6999999881
19132  -20.354  -69.206  -29.734 0.6000000238
19145  -13.392  -69.324  -30.453 0.6000000238
19146  -14.591  -69.530  -30.321 0.6000000238
19147  -15.986  -69.788  -29.993 0.6000000238
19148  -17.275  -69.790  -30.081 0.6999999881
19151  -20.016  -69.328  -29.378 0.6000000238
20053  -14.152  -68.261  -12.577 0.6000000238
20065  -15.694  -68.154  -13.653 0.6999999881
20071  -16.559  -67.989  -15.048 0.6000000238
20078  -16.512  -68.217  -15.798 0.6000000238
20084  -16.497  -68.429  -16.621 0.6000000238
20118  -16.521  -68.469  -19.172 0.6000000238
20160  -16.527  -68.588  -21.641 0.6999999881
20173  -16.398  -68.601  -22.586 0.6999999881
20187  -15.718  -68.216  -24.217 0.6999999881
20189  -19.988  -68.471  -23.380 0.6000000238
20190  -20.596  -68.793  -22.992 0.6000000238
20191  -21.171  -68.711  -23.509 0.6000000238
20209  -20.180  -68.093  -24.307 0.6000000238
20226  -19.756  -68.364  -25.972 0.6000000238
20229  -22.377  -67.974  -25.803 0.6000000238
20242  -21.033  -68.174  -27.942 0.6000000238
20255  -13.428  -67.810  -28.269 0.6000000238
20275  -16.111  -68.719  -28.877 0.6000000238
20276  -17.418  -68.758  -29.170 0.6999999881
20279  -21.572  -68.095  -30.312 0.6000000238
20288  -13.866  -68.884  -29.847 0.5000000000
20292  -18.966  -69.308  -29.776 0.6000000238
21186  -14.662  -67.048  -10.662 0.6000000238
21209  -12.944  -67.692  -11.155 0.5000000000
21211  -16.129  -66.607  -12.133 0.6000000238
21223  -16.338  -66.761  -13.006 0.8000000119
21255  -15.881  -66.915  -16.361 0.6999999881
21280  -14.559  -66.733  -17.658 0.6000000238
21313  -16.263  -67.946  -19.723 0.6000000238
21325  -14.758  -67.016  -20.176 0.6999999881
21327  -16.397  -68.103  -20.392 0.6999999881
21335  -13.460  -66.725  -21.902 0.8000000119
21338  -16.321  -67.902  -21.217 0.6999999881
21350  -14.383  -67.319  -23.342 0.6000000238
21363  -12.913  -66.895  -24.612 0.6000000238
21366  -16.082  -68.032  -23.257 0.6999999881
21378  -13.648  -67.417  -24.915 0.6000000238
21381  -20.760  -67.837  -25.033 0.6000000238
21396  -13.795  -67.711  -25.320 0.6000000238
21397  -17.112  -67.066  -25.894 0.5000000000
21398  -21.029  -67.606  -25.921 0.6000000238
21405  -13.297  -67.158  -26.759 0.6000000238
21407  -14.481  -66.751  -26.868 0.5000000000
21413  -23.049  -67.064  -28.106 0.6000000238
21423  -13.436  -67.414  -27.490 0.6000000238
21425  -14.935  -67.540  -27.388 0.6000000238
21427  -17.446  -67.798  -27.805 0.6000000238
21429  -22.158  -67.679  -29.774 0.6000000238
21445  -19.320  -67.948  -29.623 0.6000000238
21447  -21.563  -67.457  -30.218 0.6000000238
22370  -14.677  -66.342  -8.938 0.6000000238
22396  -16.240  -65.762  -10.972 0.6999999881
22407  -15.396  -66.869  -11.076 0.6000000238
22408  -16.364  -65.905  -11.762 0.6999999881
22414  -16.401  -66.085  -12.587 0.6999999881
22420  -11.363  -66.108  -13.886 0.6000000238
22421  -16.372  -66.372  -13.390 0.8000000119
22427  -10.029  -66.555  -14.978 0.6000000238
22429  -12.178  -66.321  -14.352 0.6000000238
22432  -16.259  -66.715  -14.977 0.8000000119
22433  -16.403  -66.745  -14.251 0.8000000119
22449  -10.546  -66.958  -15.809 0.6999999881
22450  -13.553  -66.685  -15.695 0.6000000238
22453  -16.346  -67.143  -15.616 0.6999999881
22472  -10.456  -66.916  -16.247 0.6999999881
22474  -11.793  -66.979  -16.807 0.6999999881
22476  -14.969  -66.643  -16.407 0.6000000238
22496  -12.342  -66.621  -17.517 0.8000000119
22516  -12.421  -66.276  -18.430 0.6999999881
22518  -13.650  -66.671  -18.982 0.8000000119
22534  -13.814  -66.801  -19.903 0.8000000119
22562  -12.639  -66.067  -21.095 0.8000000119
22563  -12.916  -66.322  -21.548 0.8000000119
22575  -12.836  -66.105  -23.267 0.6999999881
22576  -13.361  -66.820  -22.825 0.6999999881
22597  -12.934  -65.941  -25.132 0.6000000238
22614  -13.083  -66.043  -25.690 0.6000000238
22615  -13.617  -65.624  -26.045 0.6000000238
22617  -16.480  -66.317  -25.571 0.6000000238
22618  -17.491  -66.613  -25.623 0.6000000238
22634  -17.855  -67.038  -26.262 0.6000000238
22642  -18.953  -66.637  -28.268 0.5000000000
22645  -21.793  -66.260  -28.995 0.6000000238
22646  -23.620  -66.061  -29.741 0.6000000238
22648  -25.721  -66.108  -29.899 0.5000000000
22649  -26.156  -65.865  -29.208 0.4000000060
22656  -20.832  -67.037  -29.899 0.6000000238
23572  -13.641  -65.511  -7.520 0.6000000238
23589  -14.553  -65.952  -8.414 0.6000000238
23590  -14.939  -65.515  -8.450 0.6000000238
23591  -15.370  -65.244  -8.803 0.6999999881
23611  -15.561  -65.577  -9.291 0.6999999881
23629  -15.895  -65.522  -10.103 0.6999999881
23640  -10.325  -64.963  -12.874 0.6000000238
23645  -16.150  -65.136  -12.400 0.6999999881
23651  -9.765  -65.549  -13.553 0.6000000238
23654  -13.794  -65.421  -13.532 0.6000000238
23656  -15.929  -65.448  -13.198 0.6999999881
23667  -9.376  -65.491  -14.781 0.6000000238
23668  -9.557  -66.002  -14.354 0.6000000238
23669  -13.337  -66.070  -14.286 0.6000000238
23672  -16.224  -66.011  -13.741 0.8000000119
23695  -9.694  -65.910  -15.494 0.6000000238
23712  -10.244  -66.326  -16.135 0.6999999881
23736  -12.172  -65.928  -18.580 0.6999999881
23768  -12.329  -65.379  -19.988 0.8000000119
23807  -12.217  -64.918  -21.891 0.8000000119
23838  -12.841  -65.000  -25.102 0.6000000238
23839  -13.487  -64.703  -25.241 0.6999999881
23856  -14.167  -64.907  -25.753 0.6999999881
23857  -15.284  -65.372  -25.633 0.6000000238
23859  -18.609  -65.599  -25.274 0.5000000000
23874  -19.044  -65.890  -26.307 0.5000000000
23875  -19.876  -65.388  -26.681 0.5000000000
23877  -25.788  -65.470  -28.390 0.4000000060
23885  -20.225  -65.719  -27.992 0.5000000000
23886  -21.070  -65.596  -28.234 0.5000000000
24838  -13.229  -65.043  -7.040 0.6000000238
24857  -14.860  -64.889  -8.351 0.6999999881
24895  -15.919  -64.878  -10.271 0.6999999881
24900  -12.820  -64.174  -11.711 0.6000000238
24902  -15.352  -64.398  -10.942 0.6000000238
24908  -9.300  -64.195  -12.804 0.5000000000
24911  -12.000  -64.328  -12.216 0.6000000238
24912  -13.169  -64.609  -11.913 0.6999999881
24915  -16.283  -64.952  -11.836 0.6999999881
24921  -9.087  -63.583  -14.258 0.5000000000
24945  -9.231  -64.661  -14.229 0.5000000000
24968  -9.638  -64.508  -15.369 0.5000000000
24994  -11.953  -65.069  -17.610 0.6000000238
25032  -12.387  -64.661  -20.376 0.6000000238
25047  -12.468  -64.306  -21.080 0.6999999881
25062  -12.577  -64.582  -22.417 0.8000000119
25077  -13.614  -64.398  -23.646 0.6999999881
25078  -14.764  -64.325  -23.532 0.6999999881
25080  -16.911  -63.366  -23.357 0.6999999881
25132  -22.520  -63.917  -27.167 0.5000000000
25133  -23.335  -63.980  -27.379 0.5000000000
25146  -23.967  -64.637  -28.375 0.6000000238
26076  -10.562  -63.561  -7.706 0.6999999881
26078  -13.217  -64.329  -7.544 0.6999999881
26096  -11.920  -63.289  -8.175 0.6999999881
26097  -12.896  -63.561  -8.194 0.6999999881
26146  -13.346  -63.587  -11.410 0.6000000238
26148  -14.414  -63.480  -10.377 0.8000000119
26173  -8.884  -63.322  -13.509 0.5000000000
26205  -8.967  -62.627  -14.529 0.5000000000
26207  -9.737  -63.474  -15.367 0.5000000000
26208  -10.531  -63.497  -15.586 0.5000000000
26268  -13.523  -63.988  -19.205 0.6000000238
26288  -12.661  -64.059  -20.227 0.6999999881
26289  -13.203  -63.632  -19.998 0.6000000238
26313  -16.078  -62.862  -20.011 0.5000000000
26325  -12.826  -63.797  -21.336 0.6999999881
26326  -13.993  -63.179  -21.550 0.6999999881
26327  -14.827  -62.814  -21.649 0.6999999881
26339  -13.197  -63.806  -21.913 0.6999999881
26342  -15.827  -62.442  -22.509 0.6000000238
26357  -17.707  -61.410  -23.514 0.5000000000
26366  -18.305  -61.825  -23.852 0.5000000000
26377  -22.419  -62.769  -25.666 0.5000000000
26391  -21.255  -63.440  -26.052 0.5000000000
27395  -12.587  -62.755  -8.687 0.6999999881
27416  -13.252  -62.259  -9.238 0.8000000119
27437  -13.162  -62.882  -11.945 0.6000000238
27449  -10.097  -62.933  -12.801 0.5000000000
27450  -11.127  -62.859  -12.625 0.6000000238
27476  -8.648  -62.158  -14.407 0.5000000000
27492  -9.011  -62.185  -14.882 0.5000000000
27568  -16.234  -61.823  -21.423 0.5000000000
27581  -15.655  -62.241  -21.938 0.6000000238
27584  -18.082  -61.104  -22.573 0.5000000000
27599  -17.039  -61.490  -22.884 0.5000000000
28618  -7.658  -62.126  -8.819 0.5000000000
28637  -7.342  -61.629  -9.698 0.5000000000
28672  -9.316  -60.701  -10.492 0.5000000000
28673  -10.378  -60.943  -10.461 0.6000000238
28674  -11.331  -61.006  -10.452 0.6000000238
28676  -14.077  -61.535  -10.447 0.8000000119
28677  -14.433  -61.854  -10.627 0.8000000119
28681  -14.547  -61.799  -11.096 0.6999999881
28697  -8.557  -62.016  -14.085 0.5000000000
28698  -9.011  -61.731  -13.778 0.5000000000
28699  -9.807  -61.315  -13.525 0.6000000238
28702  -13.910  -61.205  -12.925 0.5000000000
28723  -8.706  -61.860  -14.486 0.5000000000
29854  -6.407  -59.635  -11.185 0.5000000000
29866  -14.514  -61.073  -11.642 0.6999999881
29871  -14.112  -60.133  -12.698 0.6000000238
29877  -9.371  -60.438  -14.211 0.5000000000
30893  -11.567  -59.191  -8.135 0.4000000060
30935  -5.865  -59.415  -10.744 0.4000000060
30936  -6.300  -59.065  -10.949 0.5000000000
30946  -8.034  -58.884  -11.099 0.6000000238
30961  -14.072  -59.515  -11.982 0.5000000000
30966  -13.797  -58.976  -12.717 0.6000000238
30967  -14.071  -59.542  -12.445 0.6000000238
30970  -9.856  -59.752  -14.090 0.5000000000
30971  -10.220  -59.241  -13.922 0.5000000000
30994  -10.099  -59.446  -14.048 0.5000000000
31011  -10.100  -59.675  -14.762 0.5000000000
32035  -12.001  -59.103  -7.446 0.3000000119
32092  -13.334  -58.487  -8.205 0.4000000060
32093  -15.271  -58.185  -8.994 0.4000000060
32094  -15.665  -58.089  -8.542 0.4000000060
32104  -7.368  -58.523  -10.513 0.4000000060
32113  -7.785  -57.994  -10.739 0.6000000238
32127  -13.714  -58.691  -11.882 0.6000000238
32135  -13.577  -58.221  -12.386 0.5000000000
32149  -13.073  -57.881  -13.040 0.5000000000
32171  -11.753  -58.227  -14.370 0.4000000060
32195  -11.350  -58.894  -14.975 0.5000000000
32197  -13.117  -58.521  -15.573 0.4000000060
33205  -12.394  -58.481  -6.921 0.5000000000
33222  -15.357  -57.950  -7.874 0.5000000000
33255  -17.041  -57.621  -9.018 0.4000000060
33266  -15.640  -57.863  -9.467 0.4000000060
33276  -7.424  -56.736  -11.158 0.5000000000
33277  -8.617  -56.796  -11.095 0.4000000060
33279  -12.154  -56.926  -10.714 0.4000000060
33280  -16.111  -57.463  -10.041 0.4000000060
33292  -12.894  -57.480  -11.164 0.4000000060
33306  -13.168  -57.133  -12.480 0.5000000000
33352  -12.730  -57.646  -14.713 0.4000000060
33353  -14.093  -57.739  -15.494 0.4000000060
34327  -13.472  -57.208  -6.789 0.5000000000
34328  -14.236  -56.816  -6.828 0.5000000000
34350  -16.455  -56.797  -7.695 0.5000000000
34375  -13.686  -56.367  -9.015 0.4000000060
34399  -7.633  -55.945  -11.068 0.5000000000
34442  -12.111  -56.988  -13.992 0.4000000060
34443  -12.654  -56.686  -13.363 0.4000000060
34460  -12.878  -56.596  -14.083 0.4000000060
35448  -15.594  -55.959  -6.954 0.3000000119
35488  -8.616  -54.094  -9.287 0.5000000000
35489  -9.041  -54.267  -8.747 0.5000000000
35491  -11.823  -55.095  -8.477 0.4000000060
35503  -8.297  -54.658  -10.022 0.5000000000
35512  -8.411  -55.026  -10.286 0.5000000000
35513  -9.176  -54.233  -10.075 0.4000000060
35515  -11.448  -54.221  -10.478 0.4000000060
35517  -15.952  -55.747  -10.648 0.4000000060
35558  -13.160  -55.614  -13.032 0.4000000060
36556  -9.900  -53.839  -8.597 0.5000000000
36571  -9.139  -53.623  -9.331 0.5000000000
36584  -10.554  -53.481  -9.893 0.4000000060
36625  -13.818  -54.042  -12.532 0.4000000060
37639  -9.901  -53.189  -9.162 0.5000000000
37641  -11.171  -52.962  -8.860 0.5000000000
37642  -11.899  -53.352  -8.585 0.4000000060
37661  -11.277  -52.681  -9.568 0.5000000000
37662  -11.205  -52.639  -9.276 0.5000000000
37680  -10.026  -53.271  -9.484 0.5000000000
37682  -12.190  -53.000  -10.370 0.4000000060
37719  -13.595  -53.245  -11.942 0.4000000060
38820  -12.027  -52.571  -9.833 0.5000000000
130723  -13.857  -66.671  -18.168 0.6999999881
130759  -34.206  -79.609  -29.951 0.4000000060
130809  -15.411  -67.273  -11.927 0.6000000238
132016  -21.119  -74.843  -34.683 0.4000000060
132406  -16.444  -69.316  -18.254 0.6000000238
132819  -17.439  -78.091  -23.837 0.6999999881
133853  -15.155  -77.307  -21.854 0.6999999881
134032  -16.491  -69.639  -19.463 0.5000000000
134828  -32.048  -78.941  -35.306 0.5000000000
134909  -13.411  -60.943  -10.788 0.8000000119
135808  -18.097  -76.679  -26.797 0.6999999881
136035  -16.511  -67.321  -14.962 0.8000000119
136365  -20.649  -65.310  -27.259 0.5000000000
136844  -15.171  -66.652  -10.324 0.6000000238
136900  -20.052  -75.935  -26.179 0.5000000000
136907  -19.438  -74.986  -30.316 0.6999999881
137259  -12.790  -66.478  -18.989 0.6999999881
137295  -18.896  -72.950  -32.602 0.5000000000
137367  -16.496  -78.829  -25.830 0.6999999881
137701  -25.889  -77.922  -35.982 0.6000000238
137887  -16.056  -66.342  -11.327 0.6000000238
137922  -13.559  -70.941  -30.019 0.6000000238
137926  -27.396  -80.258  -33.916 0.6000000238
138078  -26.590  -84.820  -30.955 0.4000000060
139197  -18.872  -70.328  -29.647 0.5000000000
139550  -31.524  -81.853  -30.631 0.6000000238
139562  -14.943  -72.970  -30.999 0.5000000000
139652  -34.178  -81.927  -26.457 0.3000000119
139751  -19.069  -70.177  -29.012 0.6000000238
140204  -10.616  -64.958  -16.274 0.5000000000
140510  -29.867  -80.454  -35.099 0.5000000000
140992  -31.655  -85.233  -21.900 0.3000000119
141018  -29.447  -77.687  -36.671 0.5000000000
141166  -13.751  -69.702  -26.387 0.6000000238
141306  -33.226  -78.119  -24.201 0.3000000119
141409  -21.820  -78.395  -36.415 0.5000000000
141653  -32.770  -80.877  -30.927 0.4000000060
141885  -15.524  -74.654  -25.677 0.6999999881
142053  -15.114  -71.112  -30.680 0.6000000238
142176  -36.462  -75.304  -29.129 0.3000000119
142425  -12.372  -56.990  -14.205 0.4000000060
142451  -10.457  -56.729  -6.380 0.4000000060
142525  -19.487  -69.668  -29.568 0.6000000238
142650  -20.703  -76.333  -25.831 0.5000000000
142753  -19.339  -73.541  -34.262 0.5000000000
143218  -18.950  -75.411  -28.509 0.6999999881
143317  -20.895  -76.991  -27.914 0.6000000238
143529  -9.610  -63.631  -12.653 0.5000000000
143623  -18.473  -69.638  -25.984 0.6000000238
143745  -18.998  -73.909  -31.142 0.6000000238
144435  -34.040  -80.859  -28.594 0.4000000060
144542  -9.767  -58.917  -8.351 0.4000000060
144663  -25.264  -78.345  -29.766 0.5000000000
144686  -29.430  -78.337  -23.285 0.3000000119
145163  -12.874  -59.524  -13.478 0.5000000000
145352  -16.623  -57.021  -10.432 0.3000000119
145530  -33.444  -76.282  -23.469 0.4000000060
145601  -9.231  -60.957  -13.898 0.5000000000
145737  -25.742  -76.872  -36.467 0.6000000238
145937  -15.355  -70.219  -18.194 0.6000000238
145946  -12.726  -65.740  -13.644 0.6000000238
145955  -27.455  -80.587  -35.083 0.6000000238
146100  -11.585  -79.580  -24.154 0.6000000238
146794  -18.433  -76.577  -24.283 0.6999999881
147162  -18.503  -76.919  -21.680 0.6000000238
147186  -20.109  -69.542  -22.272 0.6000000238
147392  -24.557  -79.093  -37.189 0.6000000238
147561  -15.923  -65.189  -24.547 0.6000000238
147785  -35.005  -78.170  -31.310 0.5000000000
148367  -12.518  -69.343  -30.138 0.6000000238
148513  -16.175  -78.726  -28.002 0.6999999881
149032  -36.737  -75.858  -30.514 0.5000000000
149033  -17.008  -75.200  -21.254 0.6000000238
149376  -13.796  -61.981  -9.748 0.8000000119
149452  -16.438  -56.346  -10.600 0.4000000060
149516  -23.464  -63.605  -26.688 0.5000000000
149565  -13.363  -68.159  -26.388 0.6999999881
149682  -18.238  -73.451  -21.333 0.6000000238
149797  -26.351  -80.442  -32.584 0.5000000000
149828  -11.597  -66.976  -15.830 0.6999999881
150195  -31.873  -84.789  -27.926 0.3000000119
150581  -10.630  -52.877  -9.346 0.5000000000
150645  -28.949  -75.382  -34.702 0.6000000238
150648  -33.355  -82.949  -25.697 0.3000000119
150683  -12.296  -64.852  -12.365 0.6000000238
150734  -10.227  -53.249  -8.822 0.5000000000
150847  -11.003  -63.015  -8.119 0.6000000238
150852  -24.311  -83.105  -33.971 0.4000000060
150911  -12.094  -54.314  -5.370 0.3000000119
151291  -19.381  -71.353  -21.592 0.6000000238
151455  -36.361  -76.815  -30.570 0.5000000000
151822  -33.682  -82.570  -27.612 0.3000000119
152176  -17.498  -72.201  -24.366 0.5000000000
152468  -14.050  -76.469  -25.540 0.6000000238
152479  -14.800  -76.881  -22.333 0.6999999881
152537  -30.207  -76.945  -22.985 0.3000000119
152636  -23.978  -80.185  -36.149 0.6000000238
152861  -22.491  -66.910  -29.735 0.6000000238
153016  -16.546  -68.592  -18.485 0.6000000238
153117  -16.120  -66.301  -14.408 0.8000000119
153198  -20.159  -72.540  -33.200 0.5000000000
153450  -23.640  -73.030  -34.397 0.5000000000
154059  -11.889  -66.739  -15.034 0.6000000238
154401  -23.125  -73.062  -32.638 0.5000000000
154881  -14.240  -51.988  -10.025 0.3000000119
155010  -10.257  -60.727  -13.589 0.6000000238
155447  -32.481  -78.117  -23.853 0.4000000060
155751  -6.507  -61.397  -9.916 0.5000000000
156133  -25.638  -77.709  -36.343 0.6000000238
156361  -16.032  -67.208  -16.948 0.6999999881
156390  -11.616  -59.323  -7.924 0.3000000119
156475  -13.962  -65.932  -7.949 0.6000000238
156646  -29.999  -83.389  -21.561 0.3000000119
156814  -29.342  -81.987  -32.004 0.5000000000
156979  -15.976  -78.206  -29.830 0.6000000238
157129  -20.981  -75.380  -21.702 0.5000000000
157241  -30.789  -82.006  -31.289 0.5000000000
157682  -14.938  -66.023  -14.800 0.5000000000
