#!ascii label  , from subject sub001 vox2ras=TkReg
653
10130  -43.536  -77.522  -15.110 0.0000000000
17812  -40.040  -70.229  -18.932 0.0000000000
18884  -43.953  -69.346  -11.714 0.0000000000
131361  -39.367  -75.322  -16.118 0.0000000000
21214  -39.131  -67.450  -11.400 0.0000000000
14491  -49.507  -73.630  -13.728 0.0000000000
21161  -50.489  -68.153  -8.427 0.0000000000
23512  -55.365  -64.928  -4.050 0.0000000000
22380  -44.576  -66.525  -9.450 0.0000000000
20036  -41.600  -68.638  -11.348 0.0000000000
23597  -42.112  -65.115  -8.823 0.0000000000
18891  -51.099  -69.910  -11.647 0.0000000000
17687  -52.115  -69.927  -8.169 0.0000000000
26053  -57.815  -62.704  -4.729 0.0000000000
23606  -54.031  -64.017  -7.991 0.0000000000
7435  -40.028  -80.555  -17.940 0.0000000000
15662  -40.177  -73.016  -17.529 0.0000000000
11231  -40.551  -76.565  -20.245 0.0000000000
14597  -42.511  -73.962  -20.579 0.0000000000
14504  -44.046  -73.573  -13.581 0.0000000000
11145  -40.847  -76.295  -14.730 0.0000000000
16701  -38.500  -71.022  -13.844 0.0000000000
18936  -37.934  -69.341  -15.666 0.0000000000
17762  -47.577  -71.071  -12.551 0.0000000000
20020  -47.660  -68.488  -10.525 0.0000000000
23579  -47.651  -65.845  -7.653 0.0000000000
131047  -53.104  -69.152  -4.496 0.0000000000
21137  -53.460  -67.258  -6.051 0.0000000000
24830  -50.935  -65.116  -6.886 0.0000000000
27388  -48.835  -62.491  -7.950 0.0000000000
9171  -38.704  -78.674  -19.299 0.0000000000
22466  -43.888  -66.236  -15.654 0.0000000000
142008  -42.907  -68.632  -18.246 0.0000000000
16732  -46.487  -71.311  -20.630 0.0000000000
132893  -45.029  -64.772  -8.285 0.0000000000
23621  -43.298  -65.883  -9.024 0.0000000000
9137  -41.926  -79.340  -16.424 0.0000000000
16727  -39.738  -71.572  -18.132 0.0000000000
15671  -41.228  -72.918  -19.221 0.0000000000
15679  -41.352  -72.394  -20.036 0.0000000000
15690  -42.464  -72.514  -21.261 0.0000000000
17855  -41.833  -70.450  -20.345 0.0000000000
147948  -44.436  -70.832  -12.563 0.0000000000
147772  -43.074  -71.115  -12.592 0.0000000000
21215  -40.071  -67.779  -11.037 0.0000000000
18899  -40.321  -69.701  -12.270 0.0000000000
18912  -38.551  -69.215  -13.192 0.0000000000
17775  -38.031  -70.412  -14.587 0.0000000000
20066  -38.207  -68.367  -13.456 0.0000000000
15626  -46.811  -73.457  -13.563 0.0000000000
15628  -49.368  -72.523  -13.555 0.0000000000
20007  -51.270  -68.586  -9.959 0.0000000000
20044  -49.217  -69.147  -11.032 0.0000000000
21200  -49.168  -68.074  -9.902 0.0000000000
22383  -47.156  -66.840  -9.054 0.0000000000
22363  -48.303  -66.698  -7.863 0.0000000000
21082  -54.023  -67.230  -3.998 0.0000000000
19958  -53.929  -68.527  -5.079 0.0000000000
21140  -54.485  -66.298  -5.816 0.0000000000
24887  -53.366  -65.106  -9.477 0.0000000000
23603  -53.361  -65.207  -8.142 0.0000000000
26091  -51.045  -63.978  -8.280 0.0000000000
24849  -49.569  -64.127  -7.224 0.0000000000
11168  -39.496  -76.176  -15.872 0.0000000000
151070  -39.635  -77.571  -16.526 0.0000000000
138036  -39.197  -76.768  -17.348 0.0000000000
10210  -41.091  -77.726  -21.618 0.0000000000
23707  -45.121  -65.833  -15.230 0.0000000000
21269  -43.033  -67.258  -16.669 0.0000000000
18990  -45.454  -70.370  -18.103 0.0000000000
21195  -44.503  -67.624  -10.375 0.0000000000
18883  -43.058  -69.328  -11.685 0.0000000000
21193  -42.698  -67.486  -10.458 0.0000000000
21192  -41.728  -67.416  -10.457 0.0000000000
22399  -40.264  -66.549  -10.192 0.0000000000
16685  -50.841  -71.961  -13.411 0.0000000000
20025  -52.573  -69.060  -10.639 0.0000000000
20000  -51.890  -68.796  -9.263 0.0000000000
24798  -56.364  -63.939  -4.488 0.0000000000
23565  -55.333  -65.049  -5.825 0.0000000000
152956  -55.929  -63.891  -6.480 0.0000000000
24891  -54.844  -63.288  -9.473 0.0000000000
27425  -54.134  -63.166  -10.124 0.0000000000
14562  -39.760  -73.597  -16.910 0.0000000000
12289  -39.623  -75.761  -18.283 0.0000000000
13451  -40.497  -74.419  -18.307 0.0000000000
12307  -41.966  -75.116  -19.982 0.0000000000
12349  -43.096  -75.827  -21.279 0.0000000000
13485  -43.992  -75.024  -21.441 0.0000000000
14624  -44.298  -73.525  -22.164 0.0000000000
15708  -45.909  -72.954  -22.462 0.0000000000
13431  -44.011  -75.059  -14.097 0.0000000000
11171  -42.597  -77.405  -15.152 0.0000000000
13429  -41.107  -75.040  -13.879 0.0000000000
14525  -39.834  -73.939  -13.897 0.0000000000
17756  -41.542  -70.686  -12.445 0.0000000000
16703  -39.907  -71.942  -13.062 0.0000000000
14523  -38.741  -73.062  -14.890 0.0000000000
16720  -38.471  -71.689  -15.378 0.0000000000
16723  -38.744  -70.975  -16.731 0.0000000000
18968  -39.127  -69.320  -17.652 0.0000000000
13417  -45.430  -74.676  -14.108 0.0000000000
16708  -45.399  -71.881  -13.043 0.0000000000
17760  -45.695  -70.620  -12.408 0.0000000000
17740  -49.421  -70.570  -12.341 0.0000000000
18888  -47.627  -69.686  -11.555 0.0000000000
20041  -46.233  -68.934  -11.117 0.0000000000
21171  -45.844  -67.214  -9.751 0.0000000000
22360  -45.802  -65.942  -8.843 0.0000000000
24846  -46.273  -64.708  -8.013 0.0000000000
17657  -52.588  -69.730  -6.061 0.0000000000
19993  -53.055  -68.778  -6.701 0.0000000000
21152  -51.767  -67.459  -6.621 0.0000000000
22344  -54.248  -65.843  -6.442 0.0000000000
23563  -52.367  -65.951  -6.498 0.0000000000
22326  -50.219  -66.788  -6.632 0.0000000000
23560  -49.114  -65.679  -6.598 0.0000000000
24848  -48.223  -63.882  -7.232 0.0000000000
142016  -40.736  -78.905  -16.580 0.0000000000
8289  -39.056  -79.910  -18.639 0.0000000000
10190  -39.769  -77.022  -19.828 0.0000000000
9180  -39.548  -78.770  -21.018 0.0000000000
144907  -38.433  -66.949  -13.956 0.0000000000
21264  -38.865  -67.964  -16.109 0.0000000000
20108  -40.139  -68.361  -17.769 0.0000000000
21288  -41.677  -67.770  -17.253 0.0000000000
20141  -41.576  -69.025  -19.200 0.0000000000
19019  -43.276  -69.937  -20.120 0.0000000000
17879  -44.256  -70.938  -21.243 0.0000000000
24845  -45.112  -63.933  -7.913 0.0000000000
24868  -44.316  -64.400  -8.109 0.0000000000
8260  -42.297  -79.870  -16.274 0.0000000000
9124  -42.514  -78.728  -15.936 0.0000000000
16728  -40.123  -71.224  -18.894 0.0000000000
15670  -40.626  -72.085  -19.143 0.0000000000
16730  -40.617  -71.333  -19.485 0.0000000000
16747  -41.594  -71.554  -20.474 0.0000000000
16746  -41.035  -70.967  -19.957 0.0000000000
18903  -44.383  -70.056  -12.168 0.0000000000
17758  -43.676  -70.592  -12.423 0.0000000000
18902  -43.451  -69.913  -12.075 0.0000000000
20034  -39.548  -68.228  -11.626 0.0000000000
20055  -39.200  -68.614  -12.150 0.0000000000
20033  -38.752  -67.911  -12.124 0.0000000000
140804  -38.383  -67.943  -12.783 0.0000000000
12185  -48.323  -74.338  -12.912 0.0000000000
13420  -48.693  -73.593  -13.661 0.0000000000
14508  -48.706  -74.147  -13.805 0.0000000000
132711  -49.271  -73.599  -13.818 0.0000000000
21176  -50.369  -68.250  -9.367 0.0000000000
20006  -50.201  -68.298  -9.869 0.0000000000
21175  -49.481  -67.924  -9.316 0.0000000000
21159  -48.831  -67.424  -8.657 0.0000000000
22364  -49.079  -67.238  -7.899 0.0000000000
135748  -55.270  -64.717  -3.871 0.0000000000
23509  -53.896  -65.293  -3.313 0.0000000000
139185  -54.183  -65.735  -3.482 0.0000000000
22261  -54.030  -66.542  -3.657 0.0000000000
22263  -54.665  -65.973  -4.151 0.0000000000
21103  -54.530  -66.702  -4.786 0.0000000000
22284  -54.855  -65.883  -4.970 0.0000000000
26132  -52.434  -63.448  -9.645 0.0000000000
26117  -52.529  -64.452  -9.386 0.0000000000
26115  -50.870  -63.164  -8.348 0.0000000000
27411  -51.163  -62.795  -8.885 0.0000000000
12260  -39.539  -75.412  -15.463 0.0000000000
11189  -39.400  -76.850  -16.617 0.0000000000
12267  -39.225  -75.972  -16.797 0.0000000000
21270  -44.539  -67.873  -16.750 0.0000000000
18969  -44.811  -69.538  -17.736 0.0000000000
18970  -45.840  -70.190  -17.363 0.0000000000
21194  -43.611  -67.548  -10.440 0.0000000000
21169  -44.094  -67.067  -9.899 0.0000000000
23620  -42.434  -65.763  -9.106 0.0000000000
22378  -42.810  -66.388  -9.511 0.0000000000
22377  -41.886  -66.257  -9.575 0.0000000000
22400  -41.302  -66.762  -10.044 0.0000000000
22376  -40.903  -66.053  -9.682 0.0000000000
20009  -52.264  -68.935  -9.949 0.0000000000
20010  -52.057  -68.994  -9.131 0.0000000000
26035  -56.476  -63.803  -3.934 0.0000000000
135546  -57.016  -63.572  -4.531 0.0000000000
24816  -56.522  -63.708  -5.268 0.0000000000
24832  -56.625  -63.297  -6.059 0.0000000000
26134  -54.836  -64.275  -10.264 0.0000000000
138051  -39.583  -81.628  -19.054 0.0000000000
136330  -39.665  -72.626  -17.022 0.0000000000
13443  -40.368  -73.636  -17.812 0.0000000000
14583  -42.092  -74.042  -19.852 0.0000000000
13461  -41.793  -74.541  -19.585 0.0000000000
13462  -42.318  -74.673  -20.170 0.0000000000
13473  -42.826  -74.790  -20.650 0.0000000000
12350  -43.853  -75.773  -21.567 0.0000000000
15691  -43.169  -72.581  -21.648 0.0000000000
146332  -43.539  -73.230  -21.843 0.0000000000
15706  -43.887  -72.650  -22.047 0.0000000000
136425  -45.328  -73.783  -22.432 0.0000000000
16798  -44.313  -71.958  -22.105 0.0000000000
153461  -43.582  -74.209  -13.689 0.0000000000
145959  -43.346  -75.591  -14.199 0.0000000000
13428  -40.138  -74.706  -14.151 0.0000000000
14501  -40.440  -73.412  -13.410 0.0000000000
20037  -42.601  -68.692  -11.327 0.0000000000
18901  -42.154  -70.207  -12.193 0.0000000000
18900  -41.306  -69.956  -12.172 0.0000000000
17771  -39.953  -71.116  -12.820 0.0000000000
16702  -39.162  -71.536  -13.343 0.0000000000
15619  -39.325  -72.360  -13.553 0.0000000000
15618  -38.647  -71.950  -13.952 0.0000000000
15650  -38.742  -72.438  -15.500 0.0000000000
17774  -37.797  -69.718  -14.990 0.0000000000
17783  -38.262  -70.541  -16.092 0.0000000000
145498  -38.103  -69.899  -16.150 0.0000000000
140462  -38.958  -70.191  -17.564 0.0000000000
18949  -38.340  -69.388  -16.508 0.0000000000
16710  -47.408  -72.658  -13.323 0.0000000000
16709  -46.344  -72.288  -13.189 0.0000000000
16681  -46.005  -71.376  -12.759 0.0000000000
17761  -46.561  -70.814  -12.454 0.0000000000
17741  -50.687  -70.601  -12.311 0.0000000000
155389  -49.601  -71.253  -12.761 0.0000000000
18890  -49.877  -69.810  -11.699 0.0000000000
20021  -48.671  -68.521  -10.478 0.0000000000
20043  -48.143  -69.109  -11.020 0.0000000000
20042  -47.157  -69.041  -11.042 0.0000000000
18887  -46.659  -69.580  -11.550 0.0000000000
20019  -46.715  -68.407  -10.611 0.0000000000
20018  -45.810  -68.306  -10.709 0.0000000000
21197  -46.277  -67.805  -10.187 0.0000000000
22362  -47.480  -66.408  -8.379 0.0000000000
22361  -46.705  -66.194  -8.670 0.0000000000
23602  -47.054  -65.810  -8.123 0.0000000000
23601  -46.430  -65.478  -8.301 0.0000000000
23578  -47.045  -65.092  -7.656 0.0000000000
18777  -53.007  -69.563  -5.272 0.0000000000
138449  -53.924  -67.467  -5.885 0.0000000000
19976  -53.706  -68.527  -5.704 0.0000000000
19975  -53.581  -67.862  -6.092 0.0000000000
21153  -52.374  -68.110  -6.886 0.0000000000
21136  -52.609  -67.339  -6.261 0.0000000000
140506  -54.386  -64.434  -7.065 0.0000000000
22345  -54.515  -65.343  -6.310 0.0000000000
23584  -53.868  -64.727  -7.044 0.0000000000
24852  -52.372  -65.093  -7.935 0.0000000000
23581  -52.899  -65.454  -7.090 0.0000000000
23562  -51.399  -65.805  -6.492 0.0000000000
134037  -50.902  -66.265  -6.374 0.0000000000
23561  -50.440  -65.674  -6.473 0.0000000000
22325  -49.781  -66.104  -6.463 0.0000000000
24829  -50.060  -64.888  -6.726 0.0000000000
26089  -49.396  -63.196  -7.776 0.0000000000
145812  -48.865  -63.737  -7.309 0.0000000000
26088  -48.500  -63.178  -7.618 0.0000000000
26087  -47.631  -63.210  -7.579 0.0000000000
11170  -41.370  -77.128  -15.105 0.0000000000
9123  -41.382  -78.469  -16.038 0.0000000000
10148  -40.764  -77.588  -15.616 0.0000000000
9162  -38.826  -78.007  -17.927 0.0000000000
9149  -39.244  -78.588  -17.542 0.0000000000
9163  -38.784  -78.879  -18.416 0.0000000000
8297  -38.924  -80.140  -19.511 0.0000000000
132350  -38.893  -79.370  -20.101 0.0000000000
12305  -40.391  -75.621  -19.151 0.0000000000
11230  -39.648  -76.403  -19.027 0.0000000000
144255  -40.260  -76.283  -19.680 0.0000000000
135071  -40.979  -78.694  -22.615 0.0000000000
9181  -40.240  -78.010  -21.235 0.0000000000
22422  -38.496  -66.496  -13.135 0.0000000000
23661  -38.792  -65.762  -13.383 0.0000000000
21246  -39.810  -67.082  -15.952 0.0000000000
21286  -39.890  -68.047  -16.961 0.0000000000
21266  -40.367  -67.380  -16.472 0.0000000000
20111  -43.227  -68.326  -17.664 0.0000000000
21289  -42.630  -67.765  -17.226 0.0000000000
20110  -42.142  -68.280  -17.930 0.0000000000
20126  -41.386  -68.634  -18.564 0.0000000000
20127  -42.223  -68.728  -18.729 0.0000000000
19004  -41.823  -69.576  -19.791 0.0000000000
19005  -42.778  -69.486  -19.658 0.0000000000
133547  -45.283  -70.768  -19.484 0.0000000000
17857  -44.753  -70.758  -20.494 0.0000000000
17858  -45.436  -71.218  -21.254 0.0000000000
23600  -45.022  -65.491  -8.687 0.0000000000
22379  -43.710  -66.452  -9.477 0.0000000000
147553  -43.673  -65.408  -8.660 0.0000000000
24867  -43.586  -64.816  -8.298 0.0000000000
24866  -42.816  -64.545  -8.277 0.0000000000
26072  -57.089  -62.603  -5.985 0.0000000000
27390  -57.067  -62.197  -6.913 0.0000000000
8274  -41.006  -80.331  -17.247 0.0000000000
15661  -40.021  -72.357  -17.818 0.0000000000
15666  -40.600  -72.835  -18.319 0.0000000000
148549  -40.215  -72.021  -18.468 0.0000000000
14596  -41.816  -73.250  -20.105 0.0000000000
143691  -42.221  -73.126  -20.898 0.0000000000
15680  -41.873  -72.442  -20.706 0.0000000000
16748  -42.181  -71.818  -21.064 0.0000000000
143444  -42.389  -71.030  -20.989 0.0000000000
150535  -44.057  -71.919  -13.045 0.0000000000
16706  -43.225  -71.932  -12.969 0.0000000000
16678  -42.512  -71.506  -12.744 0.0000000000
16677  -41.789  -71.395  -12.692 0.0000000000
20035  -40.543  -68.485  -11.407 0.0000000000
18881  -40.972  -69.237  -11.755 0.0000000000
20056  -39.965  -68.956  -11.930 0.0000000000
18898  -39.301  -69.330  -12.527 0.0000000000
18913  -38.937  -69.896  -13.006 0.0000000000
17769  -38.349  -69.987  -13.694 0.0000000000
18924  -37.903  -69.509  -14.382 0.0000000000
20073  -37.940  -68.662  -14.368 0.0000000000
15604  -48.433  -72.923  -13.563 0.0000000000
16683  -48.062  -72.020  -13.133 0.0000000000
20023  -50.969  -68.749  -10.403 0.0000000000
18875  -50.401  -69.203  -11.033 0.0000000000
20022  -49.761  -68.590  -10.438 0.0000000000
21199  -48.157  -67.982  -9.978 0.0000000000
21173  -47.634  -67.481  -9.466 0.0000000000
21174  -48.565  -67.669  -9.349 0.0000000000
22384  -47.982  -67.139  -8.756 0.0000000000
21080  -53.172  -67.416  -3.922 0.0000000000
19915  -53.434  -68.041  -3.883 0.0000000000
18756  -54.078  -69.155  -4.919 0.0000000000
19939  -53.947  -68.458  -4.866 0.0000000000
21119  -54.121  -67.721  -5.334 0.0000000000
22329  -54.429  -66.447  -5.971 0.0000000000
23624  -54.102  -64.711  -9.307 0.0000000000
23604  -53.650  -65.071  -8.413 0.0000000000
24871  -53.670  -65.207  -9.215 0.0000000000
24869  -51.882  -64.571  -8.680 0.0000000000
24851  -51.423  -64.684  -7.636 0.0000000000
24850  -50.537  -64.338  -7.397 0.0000000000
26090  -50.288  -63.573  -7.841 0.0000000000
27389  -49.720  -62.295  -7.994 0.0000000000
11169  -40.274  -76.706  -15.331 0.0000000000
10147  -39.849  -77.147  -15.959 0.0000000000
10172  -39.236  -77.619  -17.203 0.0000000000
10181  -38.916  -77.459  -18.276 0.0000000000
10199  -40.550  -77.197  -20.812 0.0000000000
22467  -45.237  -66.550  -15.774 0.0000000000
22488  -44.400  -66.869  -16.165 0.0000000000
22487  -43.460  -66.732  -16.190 0.0000000000
138443  -43.785  -67.322  -16.562 0.0000000000
21290  -43.572  -67.864  -17.047 0.0000000000
20128  -43.790  -68.983  -18.041 0.0000000000
19006  -43.755  -69.705  -19.348 0.0000000000
17833  -44.760  -70.247  -18.953 0.0000000000
17813  -45.643  -70.753  -18.701 0.0000000000
20039  -44.440  -68.751  -11.284 0.0000000000
20038  -43.535  -68.706  -11.312 0.0000000000
20015  -43.115  -68.078  -10.916 0.0000000000
20014  -42.162  -68.065  -10.874 0.0000000000
22402  -43.208  -66.971  -9.973 0.0000000000
22401  -42.284  -66.883  -10.008 0.0000000000
21216  -41.141  -67.971  -10.900 0.0000000000
21190  -39.639  -67.020  -10.747 0.0000000000
16712  -50.640  -72.495  -13.508 0.0000000000
17742  -51.786  -70.700  -12.226 0.0000000000
18893  -52.362  -69.902  -11.335 0.0000000000
18876  -51.655  -69.313  -10.976 0.0000000000
20024  -52.119  -68.942  -10.475 0.0000000000
21177  -51.309  -68.568  -9.380 0.0000000000
21162  -51.386  -68.481  -8.264 0.0000000000
24779  -55.785  -64.281  -3.967 0.0000000000
23513  -56.294  -64.156  -4.186 0.0000000000
23546  -55.222  -65.367  -5.372 0.0000000000
23547  -55.747  -64.533  -5.180 0.0000000000
24831  -55.368  -64.613  -6.316 0.0000000000
23607  -54.776  -63.906  -7.677 0.0000000000
26092  -56.399  -63.136  -7.163 0.0000000000
24872  -55.024  -63.341  -8.579 0.0000000000
23626  -54.420  -63.560  -8.926 0.0000000000
24889  -54.712  -64.426  -9.912 0.0000000000
26133  -53.493  -64.138  -9.904 0.0000000000
154919  -53.200  -63.082  -9.932 0.0000000000
13440  -39.429  -74.501  -16.423 0.0000000000
130772  -39.362  -75.136  -16.809 0.0000000000
143297  -39.797  -74.506  -17.365 0.0000000000
12290  -40.223  -75.143  -18.504 0.0000000000
12291  -40.790  -74.922  -18.867 0.0000000000
11232  -41.032  -75.931  -20.091 0.0000000000
11244  -42.613  -76.139  -21.226 0.0000000000
14611  -43.753  -74.050  -21.736 0.0000000000
14612  -44.645  -74.570  -22.115 0.0000000000
13497  -45.443  -74.751  -22.873 0.0000000000
13498  -45.995  -74.163  -23.000 0.0000000000
14625  -46.066  -73.709  -22.722 0.0000000000
151940  -43.597  -76.289  -14.538 0.0000000000
10150  -43.037  -78.141  -15.535 0.0000000000
11147  -43.157  -76.832  -14.780 0.0000000000
12246  -42.658  -76.094  -14.355 0.0000000000
12245  -41.524  -75.808  -14.285 0.0000000000
13414  -41.839  -74.442  -13.633 0.0000000000
12244  -40.462  -75.477  -14.437 0.0000000000
12243  -39.686  -75.090  -14.815 0.0000000000
13427  -39.483  -74.288  -14.625 0.0000000000
151032  -42.730  -69.852  -12.011 0.0000000000
17757  -42.331  -70.894  -12.479 0.0000000000
17755  -40.646  -70.463  -12.514 0.0000000000
16676  -40.955  -71.199  -12.669 0.0000000000
14500  -39.562  -73.150  -13.718 0.0000000000
14524  -39.213  -73.515  -14.397 0.0000000000
14539  -39.087  -73.773  -15.152 0.0000000000
15651  -39.036  -73.151  -15.668 0.0000000000
14552  -39.407  -73.144  -16.366 0.0000000000
15656  -39.141  -72.515  -16.275 0.0000000000
138624  -38.174  -70.925  -15.347 0.0000000000
153208  -38.457  -71.199  -15.949 0.0000000000
16725  -39.197  -71.843  -16.882 0.0000000000
17795  -39.276  -71.191  -17.542 0.0000000000
17811  -39.544  -70.673  -18.292 0.0000000000
18986  -39.546  -69.740  -18.323 0.0000000000
12247  -44.374  -75.927  -14.456 0.0000000000
13416  -44.547  -74.485  -13.967 0.0000000000
14505  -44.992  -73.986  -13.932 0.0000000000
14506  -45.846  -73.936  -13.949 0.0000000000
15625  -45.652  -72.832  -13.454 0.0000000000
15624  -44.739  -72.307  -13.229 0.0000000000
16707  -44.594  -71.544  -12.881 0.0000000000
17759  -44.999  -70.502  -12.389 0.0000000000
18904  -45.309  -69.998  -12.078 0.0000000000
16684  -49.938  -71.829  -13.229 0.0000000000
17763  -48.841  -71.370  -12.793 0.0000000000
17739  -48.172  -70.435  -12.119 0.0000000000
18889  -48.701  -69.782  -11.603 0.0000000000
17738  -47.099  -70.275  -12.014 0.0000000000
17737  -46.166  -70.113  -12.018 0.0000000000
18886  -45.756  -69.475  -11.598 0.0000000000
18885  -44.860  -69.401  -11.679 0.0000000000
20017  -44.921  -68.203  -10.813 0.0000000000
21196  -45.388  -67.710  -10.286 0.0000000000
21170  -44.965  -67.155  -9.815 0.0000000000
21172  -46.729  -67.338  -9.613 0.0000000000
22382  -46.278  -66.686  -9.221 0.0000000000
23623  -45.016  -66.068  -9.092 0.0000000000
135713  -45.706  -65.139  -8.402 0.0000000000
155111  -45.653  -64.469  -8.135 0.0000000000
139350  -53.798  -69.129  -5.323 0.0000000000
17670  -53.196  -69.128  -6.403 0.0000000000
20002  -52.227  -68.910  -7.825 0.0000000000
19992  -52.451  -68.660  -7.420 0.0000000000
19991  -51.994  -68.671  -8.030 0.0000000000
21151  -50.863  -67.753  -7.168 0.0000000000
22330  -54.777  -65.615  -5.814 0.0000000000
21138  -54.178  -66.867  -6.039 0.0000000000
23582  -53.657  -65.350  -7.276 0.0000000000
23564  -53.356  -66.066  -6.554 0.0000000000
142285  -52.883  -66.606  -6.201 0.0000000000
22327  -51.867  -66.552  -6.309 0.0000000000
21135  -51.119  -66.937  -6.581 0.0000000000
21150  -49.840  -67.421  -7.560 0.0000000000
140188  -49.156  -66.634  -6.969 0.0000000000
22342  -48.382  -65.874  -7.047 0.0000000000
24828  -49.279  -64.887  -6.621 0.0000000000
23559  -48.572  -65.065  -6.772 0.0000000000
132786  -47.883  -65.113  -7.204 0.0000000000
24847  -47.505  -64.256  -7.365 0.0000000000
26086  -46.840  -63.582  -7.636 0.0000000000
10149  -41.965  -77.968  -15.532 0.0000000000
8258  -41.131  -79.706  -17.026 0.0000000000
152877  -40.455  -79.967  -17.533 0.0000000000
9136  -39.743  -78.333  -16.788 0.0000000000
9150  -40.044  -79.244  -17.163 0.0000000000
7452  -39.426  -80.806  -18.930 0.0000000000
140042  -39.261  -76.134  -17.591 0.0000000000
10182  -39.105  -77.218  -18.932 0.0000000000
10189  -38.981  -77.842  -19.563 0.0000000000
10198  -39.589  -77.854  -20.457 0.0000000000
156844  -38.994  -78.486  -20.091 0.0000000000
26083  -42.968  -63.163  -7.672 0.0000000000
23618  -40.494  -65.233  -9.343 0.0000000000
23632  -39.873  -65.783  -9.895 0.0000000000
22410  -38.829  -66.637  -11.162 0.0000000000
21213  -38.553  -67.025  -11.949 0.0000000000
137899  -38.422  -66.955  -12.650 0.0000000000
21231  -38.130  -67.762  -14.115 0.0000000000
153189  -38.180  -68.060  -14.817 0.0000000000
22438  -38.896  -66.524  -14.521 0.0000000000
22460  -38.555  -67.312  -14.867 0.0000000000
20092  -38.407  -68.603  -16.152 0.0000000000
20106  -38.775  -68.950  -16.966 0.0000000000
20107  -39.407  -68.646  -17.411 0.0000000000
18987  -40.287  -69.386  -18.877 0.0000000000
22486  -42.610  -66.727  -16.184 0.0000000000
21268  -42.169  -67.307  -16.650 0.0000000000
21267  -41.281  -67.331  -16.620 0.0000000000
21287  -40.742  -67.827  -17.176 0.0000000000
20125  -40.530  -68.711  -18.458 0.0000000000
19003  -41.001  -69.447  -19.404 0.0000000000
17831  -41.075  -70.101  -19.803 0.0000000000
149862  -42.483  -69.904  -20.165 0.0000000000
17878  -43.308  -70.825  -21.217 0.0000000000
147563  -43.733  -70.417  -20.673 0.0000000000
16771  -43.852  -71.396  -21.626 0.0000000000
16799  -45.283  -72.006  -22.288 0.0000000000
8273  -39.483  -79.560  -17.881 0.0000000000
9125  -42.718  -79.370  -15.959 0.0000000000
9170  -38.731  -78.019  -18.700 0.0000000000
9192  -40.010  -79.346  -21.786 0.0000000000
10163  -40.261  -78.004  -16.195 0.0000000000
10171  -39.046  -77.325  -17.766 0.0000000000
11146  -42.012  -76.622  -14.674 0.0000000000
11204  -39.201  -76.719  -18.174 0.0000000000
11255  -43.041  -76.399  -21.755 0.0000000000
12261  -39.896  -75.889  -15.021 0.0000000000
12276  -39.434  -75.420  -17.461 0.0000000000
12326  -41.790  -75.568  -20.190 0.0000000000
12328  -43.295  -75.286  -21.067 0.0000000000
13401  -49.224  -73.859  -13.322 0.0000000000
13413  -40.750  -74.220  -13.643 0.0000000000
13437  -39.353  -74.611  -15.484 0.0000000000
13450  -39.823  -75.018  -18.002 0.0000000000
13486  -44.454  -75.302  -21.861 0.0000000000
14509  -49.905  -73.454  -13.882 0.0000000000
14510  -50.311  -73.052  -13.612 0.0000000000
14582  -41.610  -73.806  -19.313 0.0000000000
14610  -42.911  -73.422  -21.369 0.0000000000
15623  -43.981  -72.622  -13.291 0.0000000000
15629  -50.134  -73.042  -13.842 0.0000000000
15644  -38.555  -72.257  -14.713 0.0000000000
15645  -38.889  -72.763  -14.169 0.0000000000
15655  -38.778  -71.790  -16.133 0.0000000000
15707  -44.822  -72.783  -22.333 0.0000000000
16679  -43.832  -71.313  -12.745 0.0000000000
16680  -45.179  -71.106  -12.674 0.0000000000
16682  -46.959  -71.688  -12.863 0.0000000000
16711  -50.345  -72.434  -13.645 0.0000000000
16731  -41.000  -71.785  -19.807 0.0000000000
16770  -42.930  -71.683  -21.459 0.0000000000
16772  -44.763  -71.409  -21.844 0.0000000000
17634  -53.840  -69.491  -5.109 0.0000000000
17645  -52.960  -69.956  -5.193 0.0000000000
17669  -52.712  -69.560  -6.425 0.0000000000
17705  -52.070  -69.456  -9.213 0.0000000000
17754  -39.684  -70.198  -12.692 0.0000000000
17764  -50.335  -71.302  -12.801 0.0000000000
17765  -51.363  -71.417  -12.828 0.0000000000
17777  -37.929  -70.159  -15.487 0.0000000000
17814  -46.318  -70.983  -18.269 0.0000000000
17830  -40.540  -70.608  -19.443 0.0000000000
17832  -44.228  -70.244  -19.865 0.0000000000
17856  -42.815  -70.351  -20.654 0.0000000000
18754  -52.649  -69.294  -4.984 0.0000000000
18755  -53.728  -69.518  -4.953 0.0000000000
18757  -54.088  -68.932  -5.057 0.0000000000
18778  -53.783  -69.111  -5.152 0.0000000000
18779  -54.012  -68.777  -5.062 0.0000000000
18798  -53.911  -69.064  -5.938 0.0000000000
18799  -53.659  -68.873  -5.414 0.0000000000
18824  -52.780  -69.075  -7.026 0.0000000000
18844  -52.160  -69.318  -8.083 0.0000000000
18877  -52.674  -69.284  -11.073 0.0000000000
18878  -52.539  -69.325  -11.018 0.0000000000
18882  -42.068  -69.429  -11.760 0.0000000000
18892  -52.077  -69.958  -11.410 0.0000000000
18897  -38.671  -68.569  -12.687 0.0000000000
18967  -38.682  -69.574  -17.128 0.0000000000
18988  -43.149  -69.110  -18.859 0.0000000000
19916  -53.839  -68.197  -4.498 0.0000000000
19917  -53.954  -67.934  -4.470 0.0000000000
19937  -54.090  -69.055  -4.674 0.0000000000
19938  -53.628  -68.789  -4.782 0.0000000000
19940  -54.350  -67.768  -4.809 0.0000000000
19977  -53.894  -68.120  -5.446 0.0000000000
19994  -53.501  -68.886  -6.238 0.0000000000
20001  -51.929  -68.817  -8.738 0.0000000000
20008  -52.067  -68.847  -10.082 0.0000000000
20016  -44.025  -68.119  -10.896 0.0000000000
20040  -45.338  -68.827  -11.212 0.0000000000
20072  -37.818  -69.167  -14.918 0.0000000000
20079  -38.032  -68.616  -15.244 0.0000000000
20093  -39.100  -68.312  -16.674 0.0000000000
20109  -41.087  -68.230  -17.884 0.0000000000
20124  -39.730  -68.948  -18.201 0.0000000000
20140  -40.907  -68.982  -18.995 0.0000000000
20142  -42.289  -69.117  -19.309 0.0000000000
21081  -53.905  -67.430  -3.986 0.0000000000
21083  -54.270  -66.915  -4.171 0.0000000000
21084  -54.491  -66.547  -4.376 0.0000000000
21102  -54.245  -67.412  -4.597 0.0000000000
21120  -54.466  -66.805  -5.390 0.0000000000
21139  -54.221  -67.176  -5.658 0.0000000000
21154  -52.905  -67.965  -6.491 0.0000000000
21160  -49.645  -67.736  -8.653 0.0000000000
21191  -40.681  -67.278  -10.520 0.0000000000
21198  -47.192  -67.909  -10.072 0.0000000000
21224  -38.451  -67.453  -12.534 0.0000000000
21229  -38.325  -67.400  -13.251 0.0000000000
21244  -38.479  -67.972  -15.503 0.0000000000
21245  -39.064  -67.428  -15.708 0.0000000000
21265  -39.520  -67.690  -16.331 0.0000000000
22262  -54.304  -66.283  -3.788 0.0000000000
22264  -54.848  -65.765  -4.431 0.0000000000
22305  -54.672  -65.944  -5.554 0.0000000000
22328  -53.686  -66.604  -6.230 0.0000000000
22343  -54.016  -66.089  -6.633 0.0000000000
22346  -54.915  -65.261  -6.101 0.0000000000
22381  -45.418  -66.590  -9.373 0.0000000000
22398  -39.274  -66.225  -10.501 0.0000000000
23510  -54.549  -65.118  -3.510 0.0000000000
23511  -54.690  -65.386  -3.728 0.0000000000
23530  -55.543  -64.900  -4.586 0.0000000000
23566  -55.767  -64.404  -5.830 0.0000000000
23580  -51.887  -65.318  -6.964 0.0000000000
23583  -53.627  -65.238  -7.233 0.0000000000
23585  -54.877  -64.593  -6.676 0.0000000000
23598  -42.909  -65.244  -8.607 0.0000000000
23599  -44.314  -65.148  -8.478 0.0000000000
23605  -53.729  -64.538  -8.242 0.0000000000
23619  -41.539  -65.545  -9.252 0.0000000000
23622  -44.238  -65.852  -8.995 0.0000000000
23625  -54.138  -64.028  -9.294 0.0000000000
23680  -38.695  -66.301  -13.837 0.0000000000
24780  -56.052  -64.186  -4.098 0.0000000000
24853  -55.544  -63.628  -7.567 0.0000000000
24870  -52.832  -65.274  -9.013 0.0000000000
24888  -54.058  -64.662  -9.732 0.0000000000
24890  -54.976  -64.092  -10.150 0.0000000000
26036  -56.774  -63.744  -4.135 0.0000000000
26052  -57.296  -63.330  -4.408 0.0000000000
26064  -57.476  -63.177  -4.822 0.0000000000
26135  -55.123  -63.987  -10.302 0.0000000000
130640  -39.296  -73.820  -15.981 0.0000000000
131808  -48.202  -64.542  -7.077 0.0000000000
133321  -45.948  -71.184  -20.061 0.0000000000
135654  -38.437  -70.076  -16.759 0.0000000000
135800  -40.596  -78.587  -21.901 0.0000000000
136552  -38.092  -69.140  -13.812 0.0000000000
139264  -56.826  -63.726  -4.263 0.0000000000
139792  -44.005  -76.784  -14.768 0.0000000000
139826  -49.730  -65.438  -6.519 0.0000000000
139951  -44.867  -73.198  -13.585 0.0000000000
139988  -45.487  -74.414  -22.608 0.0000000000
140246  -46.752  -64.293  -7.656 0.0000000000
141362  -53.042  -69.751  -5.005 0.0000000000
141666  -57.189  -62.994  -5.308 0.0000000000
143969  -54.536  -65.786  -6.009 0.0000000000
144240  -38.717  -79.408  -19.167 0.0000000000
146128  -53.285  -69.205  -5.399 0.0000000000
146222  -48.762  -64.361  -6.941 0.0000000000
147771  -42.902  -70.427  -12.290 0.0000000000
148545  -44.919  -68.526  -17.044 0.0000000000
148663  -40.564  -69.897  -19.355 0.0000000000
150127  -53.754  -66.725  -3.647 0.0000000000
152752  -48.588  -74.164  -13.343 0.0000000000
153774  -42.458  -64.843  -8.540 0.0000000000
153838  -40.518  -71.668  -12.844 0.0000000000
154007  -51.715  -68.143  -7.290 0.0000000000
154218  -55.053  -64.276  -10.255 0.0000000000
155090  -50.315  -66.198  -6.398 0.0000000000
155619  -55.320  -64.150  -6.954 0.0000000000
156670  -41.037  -72.298  -19.569 0.0000000000
156905  -53.431  -69.105  -5.932 0.0000000000
157273  -39.582  -71.923  -17.491 0.0000000000
