#!ascii label  , from subject sub001 vox2ras=TkReg
336
81659  -29.787  -12.148  -16.922 0.0000000000
83565  -27.111  -9.816  -21.470 0.0000000000
132061  -25.613  2.830  -23.326 0.0000000000
93494  -27.300  0.258  -21.262 0.0000000000
89293  -28.992  -3.229  -19.887 0.0000000000
86195  -30.842  -6.870  -16.500 0.0000000000
97449  -25.039  4.553  -23.843 0.0000000000
91372  -28.011  -1.313  -20.763 0.0000000000
88321  -26.781  -4.780  -21.250 0.0000000000
82599  -28.545  -10.746  -19.680 0.0000000000
84434  -29.566  -8.149  -18.683 0.0000000000
83523  -30.286  -9.288  -16.863 0.0000000000
75682  -27.610  -17.282  -16.941 0.0000000000
79711  -27.661  -13.794  -19.355 0.0000000000
102439  -23.485  9.891  -23.818 0.0000000000
100909  -24.735  8.195  -25.400 0.0000000000
100046  -26.148  7.172  -24.510 0.0000000000
99206  -26.786  6.514  -23.348 0.0000000000
97436  -27.685  4.592  -21.742 0.0000000000
94549  -26.527  1.465  -21.856 0.0000000000
96498  -28.343  3.483  -20.612 0.0000000000
94532  -28.898  1.279  -20.105 0.0000000000
92405  -29.527  -0.451  -18.830 0.0000000000
91346  -30.304  -1.866  -17.496 0.0000000000
86261  -28.187  -6.717  -20.894 0.0000000000
157575  -29.943  -5.342  -18.061 0.0000000000
89323  -26.162  -3.622  -22.119 0.0000000000
133023  -25.062  -5.227  -21.663 0.0000000000
81673  -29.117  -11.544  -18.091 0.0000000000
130719  -29.387  -9.895  -18.122 0.0000000000
133342  -30.418  -11.011  -16.252 0.0000000000
72521  -29.140  -20.990  -13.929 0.0000000000
130894  -29.392  -19.852  -14.697 0.0000000000
73549  -29.044  -19.239  -15.208 0.0000000000
79740  -27.164  -13.051  -20.906 0.0000000000
78740  -26.349  -14.671  -20.299 0.0000000000
100071  -25.495  7.854  -25.497 0.0000000000
150320  -25.447  3.435  -23.542 0.0000000000
98366  -26.347  5.252  -23.445 0.0000000000
97443  -26.530  4.624  -23.012 0.0000000000
99185  -27.368  6.141  -22.542 0.0000000000
96519  -26.688  3.732  -22.740 0.0000000000
93493  -26.465  0.702  -21.755 0.0000000000
95572  -27.699  2.367  -21.340 0.0000000000
94551  -28.001  1.589  -21.074 0.0000000000
95555  -28.877  2.056  -20.092 0.0000000000
94540  -28.455  1.043  -20.547 0.0000000000
90363  -28.471  -2.787  -20.322 0.0000000000
148717  -28.913  -0.653  -19.836 0.0000000000
91365  -29.255  -1.676  -19.183 0.0000000000
91345  -29.929  -1.534  -18.074 0.0000000000
142530  -29.701  -2.648  -18.620 0.0000000000
84467  -26.301  -8.654  -21.717 0.0000000000
145523  -27.125  -7.195  -21.464 0.0000000000
84470  -27.618  -8.341  -21.183 0.0000000000
85332  -30.206  -7.662  -17.570 0.0000000000
86236  -29.587  -6.757  -18.776 0.0000000000
151330  -30.247  -6.299  -17.532 0.0000000000
140418  -30.385  -4.804  -17.238 0.0000000000
87245  -31.000  -5.803  -16.052 0.0000000000
75684  -29.382  -17.014  -16.379 0.0000000000
76655  -28.130  -16.605  -17.094 0.0000000000
76657  -29.620  -16.142  -16.759 0.0000000000
77657  -29.231  -15.342  -17.129 0.0000000000
91391  -26.119  -2.035  -22.314 0.0000000000
138013  -27.330  -1.213  -21.128 0.0000000000
90372  -26.681  -2.530  -21.773 0.0000000000
89325  -27.286  -3.801  -21.384 0.0000000000
88303  -27.757  -4.134  -20.766 0.0000000000
82628  -27.915  -10.362  -21.093 0.0000000000
134599  -28.419  -9.141  -20.401 0.0000000000
83537  -28.947  -9.890  -19.164 0.0000000000
83522  -29.892  -9.144  -17.723 0.0000000000
84395  -30.690  -8.697  -16.444 0.0000000000
74614  -29.448  -18.451  -15.458 0.0000000000
82626  -26.672  -11.065  -21.984 0.0000000000
81705  -28.048  -11.607  -20.403 0.0000000000
80770  -28.531  -12.508  -18.949 0.0000000000
80752  -28.839  -12.804  -18.121 0.0000000000
103266  -23.425  10.726  -24.350 0.0000000000
140107  -24.062  8.305  -23.400 0.0000000000
100897  -24.035  8.789  -24.756 0.0000000000
101666  -25.395  9.143  -25.902 0.0000000000
101653  -25.961  8.477  -25.522 0.0000000000
100899  -26.602  8.502  -24.696 0.0000000000
99204  -25.399  5.867  -24.256 0.0000000000
137081  -26.264  6.685  -23.992 0.0000000000
138510  -27.290  7.924  -23.443 0.0000000000
100870  -27.895  8.089  -22.660 0.0000000000
99186  -28.073  6.757  -22.132 0.0000000000
99171  -28.569  6.037  -21.017 0.0000000000
95581  -25.854  2.295  -22.748 0.0000000000
96509  -27.037  2.866  -21.921 0.0000000000
150398  -28.002  4.115  -21.213 0.0000000000
98349  -28.791  5.343  -20.558 0.0000000000
97416  -28.876  3.875  -20.021 0.0000000000
95544  -29.549  2.538  -18.681 0.0000000000
92413  -28.737  -0.150  -20.189 0.0000000000
93482  -29.214  0.822  -19.570 0.0000000000
132469  -26.109  -5.934  -21.336 0.0000000000
131311  -27.452  -5.321  -20.906 0.0000000000
87291  -28.759  -4.855  -20.182 0.0000000000
85364  -28.948  -7.612  -19.683 0.0000000000
87292  -29.153  -5.439  -19.529 0.0000000000
88279  -29.725  -4.213  -18.694 0.0000000000
147648  -30.105  -3.830  -18.033 0.0000000000
89253  -30.658  -2.731  -16.630 0.0000000000
150654  -27.979  -14.825  -18.109 0.0000000000
79692  -29.353  -13.789  -17.203 0.0000000000
79674  -30.410  -13.347  -16.261 0.0000000000
82567  -29.802  -11.323  -16.817 0.0000000000
81660  -30.299  -11.903  -16.401 0.0000000000
81639  -30.787  -11.757  -15.928 0.0000000000
72522  -29.844  -21.039  -13.701 0.0000000000
72539  -29.605  -20.437  -14.171 0.0000000000
72523  -30.197  -20.488  -13.846 0.0000000000
96518  -26.061  3.452  -23.442 0.0000000000
142751  -26.246  4.068  -23.429 0.0000000000
92424  -26.546  -0.102  -21.711 0.0000000000
94550  -27.286  1.129  -21.398 0.0000000000
94539  -27.913  0.795  -20.893 0.0000000000
93487  -27.937  0.165  -20.820 0.0000000000
90354  -28.948  -2.311  -19.668 0.0000000000
90355  -29.446  -2.930  -19.266 0.0000000000
153346  -29.382  -2.312  -19.061 0.0000000000
84468  -26.874  -8.958  -21.483 0.0000000000
143734  -27.192  -8.318  -21.548 0.0000000000
84469  -27.331  -9.082  -21.190 0.0000000000
86214  -30.482  -6.938  -17.199 0.0000000000
144898  -30.562  -6.146  -16.795 0.0000000000
156647  -30.873  -6.357  -16.314 0.0000000000
150343  -31.246  -6.604  -15.964 0.0000000000
76638  -30.170  -16.647  -16.156 0.0000000000
89343  -26.108  -2.952  -22.428 0.0000000000
146718  -26.262  -4.273  -21.805 0.0000000000
136719  -26.771  -4.079  -21.709 0.0000000000
88322  -27.318  -4.512  -21.147 0.0000000000
140328  -28.534  -9.962  -20.306 0.0000000000
82582  -29.803  -9.904  -17.202 0.0000000000
84417  -30.306  -8.498  -17.235 0.0000000000
84396  -31.224  -8.953  -15.983 0.0000000000
83503  -30.843  -9.491  -16.215 0.0000000000
71540  -28.720  -21.611  -13.623 0.0000000000
70547  -28.398  -22.373  -13.433 0.0000000000
149081  -30.205  -18.277  -15.117 0.0000000000
81716  -27.413  -11.612  -21.436 0.0000000000
79727  -27.368  -13.499  -20.315 0.0000000000
150844  -27.586  -12.898  -20.520 0.0000000000
79728  -27.977  -12.967  -19.726 0.0000000000
79712  -28.308  -13.278  -18.685 0.0000000000
149054  -24.024  10.669  -23.770 0.0000000000
102452  -23.555  10.548  -24.764 0.0000000000
102438  -23.313  9.989  -24.293 0.0000000000
100069  -24.459  7.965  -25.034 0.0000000000
150605  -24.157  8.400  -24.558 0.0000000000
101651  -23.713  9.492  -24.685 0.0000000000
101665  -24.501  8.880  -25.375 0.0000000000
147215  -25.248  8.467  -25.660 0.0000000000
100062  -25.459  7.210  -25.067 0.0000000000
100898  -26.135  7.719  -25.139 0.0000000000
101654  -26.501  9.162  -24.972 0.0000000000
98377  -25.764  5.230  -23.955 0.0000000000
99184  -26.722  5.827  -23.192 0.0000000000
99205  -26.116  5.950  -23.897 0.0000000000
100047  -26.748  7.241  -23.692 0.0000000000
100884  -27.717  8.703  -23.316 0.0000000000
100028  -27.472  7.179  -22.839 0.0000000000
98358  -27.601  5.293  -22.067 0.0000000000
99170  -28.061  6.007  -21.748 0.0000000000
150421  -28.497  6.562  -21.549 0.0000000000
134722  -25.758  0.853  -22.251 0.0000000000
94559  -25.855  1.610  -22.428 0.0000000000
95570  -26.441  2.163  -22.204 0.0000000000
96510  -27.794  3.176  -21.262 0.0000000000
97427  -28.546  4.462  -20.602 0.0000000000
97428  -29.100  4.780  -20.026 0.0000000000
95556  -29.145  2.635  -19.439 0.0000000000
96480  -29.440  3.355  -18.916 0.0000000000
94533  -29.315  1.714  -19.397 0.0000000000
92419  -28.258  -0.366  -20.586 0.0000000000
137727  -28.538  -0.926  -20.232 0.0000000000
136196  -29.258  -0.900  -19.353 0.0000000000
141366  -29.205  -0.053  -19.623 0.0000000000
93470  -29.469  0.372  -18.884 0.0000000000
135169  -29.473  1.109  -18.916 0.0000000000
136680  -30.631  -1.505  -16.817 0.0000000000
86272  -25.624  -6.395  -21.558 0.0000000000
86275  -27.630  -6.937  -21.243 0.0000000000
139034  -27.484  -6.170  -20.972 0.0000000000
87322  -28.036  -5.922  -21.032 0.0000000000
87310  -28.088  -5.007  -20.842 0.0000000000
149302  -28.609  -5.856  -20.386 0.0000000000
84451  -29.196  -8.306  -19.291 0.0000000000
84450  -28.669  -8.366  -19.990 0.0000000000
139020  -29.831  -5.988  -18.168 0.0000000000
147258  -29.457  -5.932  -18.921 0.0000000000
87275  -29.609  -5.163  -18.658 0.0000000000
87258  -30.081  -4.721  -17.953 0.0000000000
88237  -30.643  -4.308  -16.642 0.0000000000
89254  -30.835  -3.457  -16.290 0.0000000000
78694  -30.300  -14.741  -16.558 0.0000000000
78693  -29.678  -14.637  -16.985 0.0000000000
79673  -30.045  -13.989  -16.727 0.0000000000
78677  -30.528  -14.210  -16.173 0.0000000000
150297  -25.795  -3.752  -22.118 0.0000000000
88320  -25.632  -4.591  -21.778 0.0000000000
133701  -26.193  -5.115  -21.429 0.0000000000
81691  -29.080  -10.761  -18.639 0.0000000000
82581  -29.447  -10.790  -17.511 0.0000000000
145276  -29.872  -10.604  -16.790 0.0000000000
82568  -30.380  -10.083  -16.531 0.0000000000
82569  -31.001  -10.323  -15.940 0.0000000000
82546  -31.171  -11.201  -15.717 0.0000000000
146725  -29.412  -21.519  -13.540 0.0000000000
73527  -30.134  -19.856  -14.260 0.0000000000
79739  -26.643  -13.172  -20.926 0.0000000000
79726  -26.776  -13.797  -20.592 0.0000000000
78741  -27.000  -14.252  -19.981 0.0000000000
101632  -23.834  9.185  -23.642 0.0000000000
100061  -24.794  7.229  -25.034 0.0000000000
100070  -24.971  7.597  -25.381 0.0000000000
99216  -25.668  6.528  -24.492 0.0000000000
97450  -25.557  4.718  -23.929 0.0000000000
97451  -26.064  4.629  -23.686 0.0000000000
98367  -26.883  5.310  -22.679 0.0000000000
97444  -27.173  4.558  -22.366 0.0000000000
95571  -27.150  1.925  -21.561 0.0000000000
148756  -28.295  2.437  -20.724 0.0000000000
158056  -28.544  1.630  -20.544 0.0000000000
91373  -28.484  -1.847  -20.288 0.0000000000
91364  -28.857  -1.372  -19.746 0.0000000000
91356  -29.597  -1.219  -18.714 0.0000000000
92393  -29.929  -0.792  -18.144 0.0000000000
90345  -29.583  -1.950  -18.591 0.0000000000
90332  -29.905  -2.277  -18.027 0.0000000000
85380  -26.339  -7.825  -21.810 0.0000000000
85381  -26.920  -7.704  -21.681 0.0000000000
85382  -27.418  -7.683  -21.463 0.0000000000
85372  -27.904  -7.597  -21.078 0.0000000000
85331  -29.774  -7.556  -18.330 0.0000000000
85351  -29.444  -7.569  -19.052 0.0000000000
86213  -30.027  -6.868  -17.931 0.0000000000
87259  -30.249  -5.510  -17.499 0.0000000000
87244  -30.623  -5.248  -16.695 0.0000000000
87230  -31.056  -4.891  -16.015 0.0000000000
154868  -31.509  -4.643  -15.509 0.0000000000
87231  -31.520  -5.269  -15.519 0.0000000000
75683  -28.500  -17.216  -16.586 0.0000000000
76656  -28.903  -16.585  -16.807 0.0000000000
77672  -28.738  -16.013  -17.232 0.0000000000
78710  -28.309  -15.340  -17.599 0.0000000000
139626  -30.056  -15.374  -16.755 0.0000000000
92435  -26.189  -0.935  -22.164 0.0000000000
92425  -26.946  -0.663  -21.430 0.0000000000
92418  -27.648  -0.494  -20.947 0.0000000000
91380  -26.771  -1.579  -21.686 0.0000000000
91381  -27.389  -2.014  -21.245 0.0000000000
89324  -26.671  -3.378  -21.802 0.0000000000
90373  -27.311  -2.950  -21.292 0.0000000000
90362  -27.921  -2.391  -20.751 0.0000000000
89303  -27.793  -3.312  -20.754 0.0000000000
89304  -28.367  -3.637  -20.347 0.0000000000
83559  -27.615  -9.892  -21.272 0.0000000000
84461  -27.813  -9.112  -20.848 0.0000000000
83560  -28.109  -9.739  -20.850 0.0000000000
83552  -28.923  -9.117  -19.669 0.0000000000
83538  -29.393  -8.969  -18.666 0.0000000000
84416  -29.862  -8.337  -18.038 0.0000000000
85310  -30.636  -7.755  -16.648 0.0000000000
86196  -31.315  -7.405  -16.059 0.0000000000
85311  -31.261  -8.226  -16.043 0.0000000000
83483  -31.600  -9.634  -15.677 0.0000000000
74634  -27.826  -17.916  -16.183 0.0000000000
74613  -28.505  -18.585  -15.646 0.0000000000
75664  -28.987  -17.831  -16.052 0.0000000000
75665  -29.936  -17.556  -15.728 0.0000000000
82633  -26.866  -10.435  -21.720 0.0000000000
82627  -27.314  -10.767  -21.765 0.0000000000
81717  -27.748  -11.017  -21.120 0.0000000000
80780  -27.503  -12.357  -20.933 0.0000000000
80781  -28.253  -12.232  -19.697 0.0000000000
146672  -28.709  -11.656  -19.141 0.0000000000
81672  -28.905  -12.151  -18.373 0.0000000000
80753  -29.287  -12.335  -17.599 0.0000000000
101615  -24.260  8.676  -22.569 0.0000000000
100882  -23.851  8.814  -24.109 0.0000000000
101641  -23.511  9.464  -24.193 0.0000000000
102461  -24.526  10.600  -25.587 0.0000000000
101667  -26.171  9.377  -25.963 0.0000000000
101642  -27.340  9.190  -24.163 0.0000000000
100883  -26.689  7.821  -24.266 0.0000000000
150903  -27.137  8.441  -23.963 0.0000000000
100871  -28.404  8.872  -22.585 0.0000000000
100029  -28.189  7.458  -22.284 0.0000000000
96508  -26.314  2.852  -22.801 0.0000000000
140383  -27.398  3.837  -21.853 0.0000000000
98359  -28.179  5.138  -21.260 0.0000000000
96490  -28.678  2.953  -20.006 0.0000000000
96491  -29.090  3.402  -19.530 0.0000000000
96481  -29.875  3.260  -18.180 0.0000000000
93488  -28.385  0.376  -20.526 0.0000000000
93481  -28.844  0.559  -20.130 0.0000000000
87320  -25.596  -5.524  -21.587 0.0000000000
86273  -26.477  -6.873  -21.504 0.0000000000
87321  -26.726  -5.816  -20.942 0.0000000000
88304  -28.343  -4.344  -20.425 0.0000000000
88286  -28.891  -4.036  -19.985 0.0000000000
84462  -28.131  -8.364  -20.655 0.0000000000
85363  -28.429  -7.582  -20.413 0.0000000000
137308  -28.791  -6.841  -20.089 0.0000000000
156898  -29.249  -7.018  -19.449 0.0000000000
86254  -29.166  -6.309  -19.540 0.0000000000
88287  -29.282  -4.559  -19.428 0.0000000000
89294  -29.409  -3.707  -19.373 0.0000000000
89286  -29.773  -3.382  -18.693 0.0000000000
89268  -30.030  -3.037  -18.020 0.0000000000
137254  -30.334  -4.223  -17.426 0.0000000000
89269  -30.390  -3.455  -17.196 0.0000000000
90333  -30.317  -2.588  -17.418 0.0000000000
78728  -27.411  -14.741  -19.087 0.0000000000
78729  -28.075  -14.093  -18.340 0.0000000000
78711  -28.688  -14.479  -17.469 0.0000000000
79691  -28.709  -13.567  -17.782 0.0000000000
80737  -29.760  -13.049  -16.942 0.0000000000
72538  -28.920  -20.430  -14.469 0.0000000000
74615  -30.692  -17.624  -15.196 0.0000000000
80738  -30.207  -12.601  -16.496 0.0000000000
82613  -28.166  -10.725  -20.556 0.0000000000
86274  -27.081  -6.599  -21.153 0.0000000000
90318  -30.574  -2.139  -16.929 0.0000000000
143345  -29.214  -13.096  -17.516 0.0000000000
153017  -26.134  1.171  -22.103 0.0000000000
156291  -29.477  -11.623  -17.381 0.0000000000
157054  -27.879  -12.422  -20.277 0.0000000000
157379  -26.758  -8.261  -21.738 0.0000000000
157497  -27.896  -6.448  -21.105 0.0000000000
