#!ascii label  , from subject sub001 vox2ras=TkReg
909
70547  -28.398  -22.373  -13.433 0.4285714328
71560  -28.274  -20.995  -14.187 0.2857142985
71540  -28.720  -21.611  -13.623 0.4285714328
72521  -29.140  -20.990  -13.929 0.4285714328
72523  -30.197  -20.488  -13.846 0.4285714328
72538  -28.920  -20.430  -14.469 0.2857142985
130894  -29.392  -19.852  -14.697 0.4285714328
73527  -30.134  -19.856  -14.260 0.4285714328
74613  -28.505  -18.585  -15.646 0.4285714328
74614  -29.448  -18.451  -15.458 0.4285714328
75664  -28.987  -17.831  -16.052 0.4285714328
75684  -29.382  -17.014  -16.379 0.4285714328
76655  -28.130  -16.605  -17.094 0.5714285970
76656  -28.903  -16.585  -16.807 0.5714285970
76638  -30.170  -16.647  -16.156 0.4285714328
76639  -30.349  -15.968  -16.418 0.2857142985
77672  -28.738  -16.013  -17.232 0.7142857313
77657  -29.231  -15.342  -17.129 0.7142857313
78693  -29.678  -14.637  -16.985 0.7142857313
78677  -30.528  -14.210  -16.173 0.4285714328
78694  -30.300  -14.741  -16.558 0.5714285970
80737  -29.760  -13.049  -16.942 0.5714285970
79692  -29.353  -13.789  -17.203 0.5714285970
80753  -29.287  -12.335  -17.599 0.5714285970
81659  -29.787  -12.148  -16.922 0.5714285970
79691  -28.709  -13.567  -17.782 0.5714285970
81660  -30.299  -11.903  -16.401 0.4285714328
82567  -29.802  -11.323  -16.817 0.5714285970
82568  -30.380  -10.083  -16.531 0.5714285970
81672  -28.905  -12.151  -18.373 0.7142857313
145276  -29.872  -10.604  -16.790 0.7142857313
82582  -29.803  -9.904  -17.202 0.7142857313
83523  -30.286  -9.288  -16.863 0.5714285970
81673  -29.117  -11.544  -18.091 0.5714285970
150844  -27.586  -12.898  -20.520 0.5714285970
81691  -29.080  -10.761  -18.639 0.8571428657
84395  -30.690  -8.697  -16.444 0.5714285970
82599  -28.545  -10.746  -19.680 0.7142857313
81705  -28.048  -11.607  -20.403 0.5714285970
84416  -29.862  -8.337  -18.038 0.7142857313
130719  -29.387  -9.895  -18.122 0.7142857313
83522  -29.892  -9.144  -17.723 0.7142857313
85332  -30.206  -7.662  -17.570 0.5714285970
83538  -29.393  -8.969  -18.666 0.7142857313
86214  -30.482  -6.938  -17.199 0.5714285970
83537  -28.947  -9.890  -19.164 0.5714285970
85331  -29.774  -7.556  -18.330 0.7142857313
151330  -30.247  -6.299  -17.532 0.7142857313
85364  -28.948  -7.612  -19.683 0.7142857313
85351  -29.444  -7.569  -19.052 0.7142857313
86236  -29.587  -6.757  -18.776 0.7142857313
157575  -29.943  -5.342  -18.061 0.7142857313
87259  -30.249  -5.510  -17.499 0.5714285970
156898  -29.249  -7.018  -19.449 0.7142857313
134599  -28.419  -9.141  -20.401 0.5714285970
87258  -30.081  -4.721  -17.953 0.5714285970
147648  -30.105  -3.830  -18.033 0.5714285970
86254  -29.166  -6.309  -19.540 0.8571428657
88279  -29.725  -4.213  -18.694 0.7142857313
87292  -29.153  -5.439  -19.529 0.8571428657
90355  -29.446  -2.930  -19.266 0.8571428657
142530  -29.701  -2.648  -18.620 0.5714285970
89294  -29.409  -3.707  -19.373 0.8571428657
88286  -28.891  -4.036  -19.985 0.8571428657
88287  -29.282  -4.559  -19.428 0.8571428657
91373  -28.484  -1.847  -20.288 0.8571428657
148717  -28.913  -0.653  -19.836 0.8571428657
92413  -28.737  -0.150  -20.189 0.8571428657
89293  -28.992  -3.229  -19.887 0.8571428657
137727  -28.538  -0.926  -20.232 0.8571428657
91372  -28.011  -1.313  -20.763 1.0000000000
90363  -28.471  -2.787  -20.322 0.8571428657
92419  -28.258  -0.366  -20.586 1.0000000000
93487  -27.937  0.165  -20.820 1.0000000000
93493  -26.465  0.702  -21.755 0.7142857313
92418  -27.648  -0.494  -20.947 1.0000000000
94539  -27.913  0.795  -20.893 1.0000000000
140383  -27.398  3.837  -21.853 1.0000000000
96508  -26.314  2.852  -22.801 0.8571428657
97443  -26.530  4.624  -23.012 0.8571428657
100046  -26.148  7.172  -24.510 0.8571428657
99205  -26.116  5.950  -23.897 0.8571428657
99184  -26.722  5.827  -23.192 1.0000000000
101653  -25.961  8.477  -25.522 0.8571428657
100898  -26.135  7.719  -25.139 0.8571428657
147215  -25.248  8.467  -25.660 0.7142857313
100061  -24.794  7.229  -25.034 0.5714285970
101665  -24.501  8.880  -25.375 0.7142857313
101666  -25.395  9.143  -25.902 0.5714285970
100882  -23.851  8.814  -24.109 0.5714285970
100069  -24.459  7.965  -25.034 0.5714285970
101632  -23.834  9.185  -23.642 0.4285714328
103266  -23.425  10.726  -24.350 0.4285714328
102452  -23.555  10.548  -24.764 0.4285714328
101616  -25.175  9.381  -22.340 0.2857142985
101617  -25.866  9.739  -21.665 0.2857142985
101612  -26.179  9.715  -20.894 0.2857142985
153416  -28.243  -20.330  -14.619 0.2857142985
84417  -30.306  -8.498  -17.235 0.5714285970
89268  -30.030  -3.037  -18.020 0.5714285970
87275  -29.609  -5.163  -18.658 0.7142857313
91365  -29.255  -1.676  -19.183 0.8571428657
91364  -28.857  -1.372  -19.746 0.8571428657
95571  -27.150  1.925  -21.561 0.8571428657
101603  -27.096  9.812  -19.264 0.1428571492
72537  -27.607  -20.597  -14.688 0.2857142985
73525  -27.840  -19.960  -15.042 0.2857142985
73526  -28.642  -19.854  -14.925 0.2857142985
73549  -29.044  -19.239  -15.208 0.4285714328
149081  -30.205  -18.277  -15.117 0.4285714328
74612  -27.608  -18.863  -15.922 0.2857142985
75683  -28.500  -17.216  -16.586 0.4285714328
75665  -29.936  -17.556  -15.728 0.4285714328
75682  -27.610  -17.282  -16.941 0.5714285970
139626  -30.056  -15.374  -16.755 0.4285714328
78710  -28.309  -15.340  -17.599 0.2857142985
79673  -30.045  -13.989  -16.727 0.4285714328
82546  -31.171  -11.201  -15.717 0.4285714328
79712  -28.308  -13.278  -18.685 0.7142857313
80770  -28.531  -12.508  -18.949 0.7142857313
133342  -30.418  -11.011  -16.252 0.5714285970
80781  -28.253  -12.232  -19.697 0.5714285970
146672  -28.709  -11.656  -19.141 0.5714285970
144898  -30.562  -6.146  -16.795 0.5714285970
85310  -30.636  -7.755  -16.648 0.5714285970
84434  -29.566  -8.149  -18.683 0.7142857313
83552  -28.923  -9.117  -19.669 0.8571428657
147258  -29.457  -5.932  -18.921 0.7142857313
153346  -29.382  -2.312  -19.061 0.5714285970
89304  -28.367  -3.637  -20.347 1.0000000000
93488  -28.385  0.376  -20.526 1.0000000000
91381  -27.389  -2.014  -21.245 1.0000000000
92424  -26.546  -0.102  -21.711 0.8571428657
94549  -26.527  1.465  -21.856 0.7142857313
95572  -27.699  2.367  -21.340 1.0000000000
95570  -26.441  2.163  -22.204 0.7142857313
96509  -27.037  2.866  -21.921 1.0000000000
96519  -26.688  3.732  -22.740 0.8571428657
137081  -26.264  6.685  -23.992 0.8571428657
98367  -26.883  5.310  -22.679 1.0000000000
100071  -25.495  7.854  -25.497 0.7142857313
102439  -23.485  9.891  -23.818 0.7142857313
100897  -24.035  8.789  -24.756 0.7142857313
101651  -23.713  9.492  -24.685 0.7142857313
140107  -24.062  8.305  -23.400 0.4285714328
102425  -25.064  10.052  -23.185 0.2857142985
149054  -24.024  10.669  -23.770 0.4285714328
102461  -24.526  10.600  -25.587 0.4285714328
102426  -25.987  10.709  -22.375 0.2857142985
150654  -27.979  -14.825  -18.109 0.4285714328
78729  -28.075  -14.093  -18.340 0.4285714328
101641  -23.511  9.464  -24.193 0.7142857313
101633  -24.163  9.315  -23.186 0.2857142985
102411  -25.802  10.014  -22.256 0.2857142985
146725  -29.412  -21.519  -13.540 0.4285714328
71559  -27.349  -21.307  -14.349 0.2857142985
71539  -27.868  -21.784  -13.799 0.2857142985
72522  -29.844  -21.039  -13.701 0.4285714328
72539  -29.605  -20.437  -14.171 0.4285714328
74634  -27.826  -17.916  -16.183 0.4285714328
133917  -27.780  -16.030  -17.665 0.2857142985
76657  -29.620  -16.142  -16.759 0.4285714328
78711  -28.688  -14.479  -17.469 0.5714285970
80752  -28.839  -12.804  -18.121 0.5714285970
81639  -30.787  -11.757  -15.928 0.4285714328
82581  -29.447  -10.790  -17.511 0.7142857313
82569  -31.001  -10.323  -15.940 0.5714285970
79728  -27.977  -12.967  -19.726 0.7142857313
86213  -30.027  -6.868  -17.931 0.7142857313
140328  -28.534  -9.962  -20.306 0.7142857313
84451  -29.196  -8.306  -19.291 0.8571428657
139020  -29.831  -5.988  -18.168 0.7142857313
84450  -28.669  -8.366  -19.990 0.8571428657
89286  -29.773  -3.382  -18.693 0.8571428657
90354  -28.948  -2.311  -19.668 0.8571428657
87291  -28.759  -4.855  -20.182 0.8571428657
93494  -27.300  0.258  -21.262 1.0000000000
100062  -25.459  7.210  -25.067 0.8571428657
100070  -24.971  7.597  -25.381 0.7142857313
100909  -24.735  8.195  -25.400 0.5714285970
150605  -24.157  8.400  -24.558 0.5714285970
101615  -24.260  8.676  -22.569 0.4285714328
102438  -23.313  9.989  -24.293 0.4285714328
101611  -25.462  9.292  -21.265 0.2857142985
102399  -27.126  10.338  -19.817 0.1428571492
73548  -28.168  -19.340  -15.375 0.2857142985
77671  -27.537  -15.465  -18.374 0.2857142985
105871  -22.796  15.018  -24.849 0.2857142985
104929  -23.054  15.146  -23.439 0.1428571492
104082  -22.930  13.116  -25.030 0.2857142985
105885  -22.861  14.656  -25.662 0.2857142985
105846  -23.137  15.858  -23.047 0.1428571492
103256  -25.098  11.382  -23.208 0.1428571492
138350  -23.734  11.631  -24.080 0.2857142985
104074  -24.348  12.744  -23.591 0.1428571492
104103  -24.001  13.293  -26.690 0.2857142985
104965  -22.817  13.990  -25.359 0.2857142985
103317  -26.312  11.552  -28.283 0.2857142985
103315  -25.679  11.182  -27.994 0.2857142985
105847  -23.830  15.118  -22.407 0.1428571492
103278  -23.066  11.833  -24.820 0.2857142985
102473  -25.850  9.999  -27.281 0.2857142985
103304  -23.653  12.436  -26.051 0.2857142985
139773  -23.024  12.806  -25.457 0.2857142985
103279  -27.535  10.756  -25.308 0.1428571492
103306  -25.887  10.547  -27.822 0.2857142985
103305  -24.806  11.791  -27.013 0.2857142985
104930  -24.310  13.948  -23.032 0.1428571492
103291  -24.719  11.124  -26.266 0.2857142985
103281  -29.275  11.667  -24.512 0.1428571492
103280  -28.424  11.318  -24.764 0.1428571492
102474  -26.072  10.217  -27.426 0.4285714328
102462  -25.353  9.818  -26.601 0.2857142985
100884  -27.717  8.703  -23.316 0.2857142985
101654  -26.501  9.162  -24.972 0.4285714328
102463  -25.800  9.571  -26.747 0.2857142985
100872  -29.041  9.025  -21.923 0.1428571492
150253  -27.863  9.970  -24.051 0.2857142985
101667  -26.171  9.377  -25.963 0.4285714328
150903  -27.137  8.441  -23.963 0.5714285970
100019  -29.308  7.586  -21.403 0.1428571492
100855  -28.723  8.084  -22.015 0.1428571492
99159  -29.190  6.032  -20.558 0.2857142985
99171  -28.569  6.037  -21.017 0.7142857313
100883  -26.689  7.821  -24.266 0.7142857313
97444  -27.173  4.558  -22.366 0.8571428657
99186  -28.073  6.757  -22.132 0.8571428657
138510  -27.290  7.924  -23.443 0.5714285970
98350  -29.342  5.438  -20.178 0.2857142985
100028  -27.472  7.179  -22.839 0.7142857313
99204  -25.399  5.867  -24.256 0.5714285970
99206  -26.786  6.514  -23.348 0.8571428657
98339  -29.733  5.196  -19.649 0.1428571492
98359  -28.179  5.138  -21.260 0.7142857313
97417  -29.486  4.231  -19.385 0.1428571492
150297  -25.795  -3.752  -22.118 0.5714285970
91380  -26.771  -1.579  -21.686 0.8571428657
92425  -26.946  -0.663  -21.430 0.8571428657
91391  -26.119  -2.035  -22.314 0.4285714328
148756  -28.295  2.437  -20.724 0.8571428657
96491  -29.090  3.402  -19.530 0.2857142985
96498  -28.343  3.483  -20.612 0.8571428657
97436  -27.685  4.592  -21.742 0.8571428657
99185  -27.368  6.141  -22.542 0.8571428657
96481  -29.875  3.260  -18.180 0.4285714328
97416  -28.876  3.875  -20.021 0.7142857313
97427  -28.546  4.462  -20.602 0.7142857313
90372  -26.681  -2.530  -21.773 0.5714285970
89343  -26.108  -2.952  -22.428 0.5714285970
138013  -27.330  -1.213  -21.128 0.8571428657
94551  -28.001  1.589  -21.074 0.8571428657
96510  -27.794  3.176  -21.262 0.8571428657
95556  -29.145  2.635  -19.439 0.4285714328
95555  -28.877  2.056  -20.092 0.8571428657
95544  -29.549  2.538  -18.681 0.4285714328
143734  -27.192  -8.318  -21.548 0.7142857313
85380  -26.339  -7.825  -21.810 0.4285714328
84470  -27.618  -8.341  -21.183 0.7142857313
87322  -28.036  -5.922  -21.032 0.8571428657
87321  -26.726  -5.816  -20.942 0.5714285970
133701  -26.193  -5.115  -21.429 0.5714285970
133023  -25.062  -5.227  -21.663 0.4285714328
87310  -28.088  -5.007  -20.842 0.8571428657
88321  -26.781  -4.780  -21.250 0.5714285970
89323  -26.162  -3.622  -22.119 0.5714285970
89325  -27.286  -3.801  -21.384 0.7142857313
136719  -26.771  -4.079  -21.709 0.5714285970
141366  -29.205  -0.053  -19.623 0.7142857313
94532  -28.898  1.279  -20.105 0.7142857313
158056  -28.544  1.630  -20.544 0.8571428657
94508  -29.727  0.920  -18.063 0.2857142985
135169  -29.473  1.109  -18.916 0.4285714328
82628  -27.915  -10.362  -21.093 0.4285714328
83565  -27.111  -9.816  -21.470 0.4285714328
84467  -26.301  -8.654  -21.717 0.4285714328
149302  -28.609  -5.856  -20.386 0.7142857313
86261  -28.187  -6.717  -20.894 0.7142857313
88303  -27.757  -4.134  -20.766 0.8571428657
91356  -29.597  -1.219  -18.714 0.7142857313
93457  -29.730  -0.005  -18.105 0.2857142985
92405  -29.527  -0.451  -18.830 0.5714285970
136196  -29.258  -0.900  -19.353 0.5714285970
81717  -27.748  -11.017  -21.120 0.4285714328
82626  -26.672  -11.065  -21.984 0.5714285970
84461  -27.813  -9.112  -20.848 0.5714285970
84469  -27.331  -9.082  -21.190 0.5714285970
137308  -28.791  -6.841  -20.089 0.7142857313
90332  -29.905  -2.277  -18.027 0.4285714328
91345  -29.929  -1.534  -18.074 0.4285714328
92393  -29.929  -0.792  -18.144 0.4285714328
79727  -27.368  -13.499  -20.315 0.5714285970
85311  -31.261  -8.226  -16.043 0.4285714328
86195  -30.842  -6.870  -16.500 0.4285714328
88237  -30.643  -4.308  -16.642 0.4285714328
140418  -30.385  -4.804  -17.238 0.4285714328
89253  -30.658  -2.731  -16.630 0.4285714328
75667  -31.243  -17.011  -15.288 0.1428571492
87244  -30.623  -5.248  -16.695 0.4285714328
77638  -30.669  -15.331  -16.153 0.1428571492
78678  -31.065  -14.604  -15.725 0.1428571492
139644  -30.710  -12.575  -15.962 0.2857142985
84365  -32.711  -8.798  -14.541 0.2857142985
86181  -32.067  -6.603  -14.719 0.2857142985
85291  -32.360  -7.585  -14.937 0.2857142985
83483  -31.600  -9.634  -15.677 0.4285714328
145666  -32.043  -5.859  -14.680 0.2857142985
86180  -31.770  -7.053  -15.485 0.2857142985
84381  -31.826  -8.708  -15.666 0.2857142985
87232  -31.883  -5.411  -15.017 0.2857142985
87245  -31.000  -5.803  -16.052 0.4285714328
76620  -31.710  -16.347  -15.216 0.1428571492
77639  -31.401  -15.512  -15.547 0.1428571492
79660  -31.709  -13.833  -15.340 0.2857142985
82548  -32.231  -11.088  -14.928 0.2857142985
83467  -32.603  -9.719  -14.584 0.2857142985
83484  -32.141  -10.128  -15.095 0.2857142985
82547  -31.658  -10.626  -15.457 0.2857142985
142281  -32.245  -9.235  -15.184 0.2857142985
77622  -32.077  -15.619  -14.947 0.1428571492
79643  -33.046  -13.284  -14.356 0.2857142985
143343  -32.460  -14.941  -14.684 0.2857142985
80701  -32.552  -12.670  -14.688 0.2857142985
79642  -32.399  -13.523  -14.798 0.2857142985
81640  -32.102  -12.004  -15.064 0.2857142985
74615  -30.692  -17.624  -15.196 0.1428571492
156213  -30.448  -18.676  -14.740 0.2857142985
75643  -31.950  -17.129  -14.806 0.1428571492
141999  -29.835  -22.846  -13.124 0.2857142985
145676  -28.960  -22.983  -13.146 0.2857142985
69590  -28.054  -23.161  -13.251 0.2857142985
73528  -30.905  -19.129  -14.347 0.2857142985
138469  -28.648  -23.756  -12.960 0.2857142985
68639  -28.409  -24.585  -12.734 0.1428571492
78679  -31.841  -14.807  -15.207 0.1428571492
78665  -32.876  -14.207  -14.371 0.2857142985
81613  -32.702  -11.853  -14.575 0.2857142985
142532  -33.042  -9.417  -14.077 0.2857142985
156895  -32.587  -8.176  -14.733 0.2857142985
84396  -31.224  -8.953  -15.983 0.4285714328
86196  -31.315  -7.405  -16.059 0.4285714328
144092  -31.614  -6.080  -15.327 0.2857142985
88239  -31.915  -4.835  -15.080 0.2857142985
145523  -27.125  -7.195  -21.464 0.7142857313
87230  -31.056  -4.891  -16.015 0.4285714328
137254  -30.334  -4.223  -17.426 0.4285714328
90345  -29.583  -1.950  -18.591 0.4285714328
143267  -30.336  -1.116  -17.462 0.2857142985
93458  -30.153  0.400  -17.415 0.2857142985
93470  -29.469  0.372  -18.884 0.5714285970
98366  -26.347  5.252  -23.445 0.7142857313
99216  -25.668  6.528  -24.492 0.5714285970
94520  -29.758  1.726  -18.503 0.2857142985
98349  -28.791  5.343  -20.558 0.5714285970
100871  -28.404  8.872  -22.585 0.4285714328
104931  -25.114  13.902  -22.102 0.1428571492
103292  -26.846  10.741  -26.507 0.2857142985
71541  -30.098  -21.845  -13.287 0.1428571492
70569  -26.981  -21.990  -13.963 0.2857142985
73509  -30.882  -20.167  -13.757 0.1428571492
74591  -30.826  -18.277  -14.748 0.1428571492
74590  -29.906  -19.066  -14.811 0.2857142985
151704  -32.630  -15.618  -14.462 0.1428571492
138709  -33.039  -15.114  -14.161 0.1428571492
156367  -30.803  -13.182  -15.872 0.2857142985
137957  -31.929  -12.863  -15.183 0.2857142985
134187  -31.719  -11.409  -15.338 0.2857142985
82627  -27.314  -10.767  -21.765 0.5714285970
83564  -26.519  -9.587  -21.498 0.2857142985
87212  -32.463  -5.121  -14.512 0.2857142985
89239  -31.757  -4.141  -15.140 0.2857142985
85382  -27.418  -7.683  -21.463 0.7142857313
85372  -27.904  -7.597  -21.078 0.5714285970
86272  -25.624  -6.395  -21.558 0.4285714328
86273  -26.477  -6.873  -21.504 0.5714285970
154868  -31.509  -4.643  -15.509 0.4285714328
89322  -25.144  -3.919  -21.977 0.2857142985
88320  -25.632  -4.591  -21.778 0.5714285970
88238  -31.211  -4.043  -15.795 0.2857142985
131311  -27.452  -5.321  -20.906 0.7142857313
89342  -25.728  -3.167  -22.532 0.2857142985
90294  -31.210  -2.763  -15.826 0.1428571492
136680  -30.631  -1.505  -16.817 0.4285714328
91346  -30.304  -1.866  -17.496 0.4285714328
149474  -30.703  -0.686  -16.723 0.1428571492
94533  -29.315  1.714  -19.397 0.5714285970
96490  -28.678  2.953  -20.006 0.7142857313
98358  -27.601  5.293  -22.067 0.8571428657
97403  -30.039  4.007  -18.675 0.2857142985
97418  -30.167  4.922  -18.931 0.1428571492
96480  -29.440  3.355  -18.916 0.4285714328
98351  -29.932  5.885  -20.153 0.1428571492
99172  -29.146  6.736  -21.147 0.1428571492
100856  -29.455  8.454  -21.451 0.1428571492
147712  -25.367  12.766  -22.718 0.1428571492
100870  -27.895  8.089  -22.660 0.5714285970
101634  -28.972  9.567  -22.576 0.1428571492
102464  -26.127  9.789  -26.885 0.2857142985
102440  -27.263  9.816  -25.024 0.2857142985
101643  -28.254  9.557  -23.326 0.2857142985
102427  -28.981  10.070  -23.104 0.1428571492
103267  -28.896  11.109  -23.989 0.1428571492
103307  -26.396  11.011  -27.695 0.2857142985
104105  -27.216  11.941  -27.667 0.2857142985
103308  -27.565  11.726  -26.644 0.1428571492
104106  -28.448  12.576  -26.894 0.1428571492
72524  -31.422  -20.897  -13.386 0.1428571492
75644  -32.658  -17.356  -14.325 0.1428571492
85273  -32.923  -7.909  -14.202 0.2857142985
94509  -30.185  1.133  -17.269 0.2857142985
104107  -29.537  12.756  -26.030 0.1428571492
104993  -27.290  13.015  -28.795 0.2857142985
70546  -27.513  -22.557  -13.597 0.2857142985
144512  -29.226  -22.154  -13.277 0.2857142985
133833  -30.581  -21.017  -13.526 0.1428571492
75666  -30.607  -17.010  -15.648 0.1428571492
76640  -30.934  -16.267  -15.845 0.1428571492
155401  -30.612  -14.740  -16.145 0.2857142985
79674  -30.410  -13.347  -16.261 0.4285714328
79658  -30.936  -13.717  -15.797 0.2857142985
83503  -30.843  -9.491  -16.215 0.4285714328
84462  -28.131  -8.364  -20.655 0.5714285970
83560  -28.109  -9.739  -20.850 0.4285714328
89269  -30.390  -3.455  -17.196 0.4285714328
85363  -28.429  -7.582  -20.413 0.7142857313
88304  -28.343  -4.344  -20.425 0.7142857313
93481  -28.844  0.559  -20.130 0.7142857313
89303  -27.793  -3.312  -20.754 0.8571428657
90362  -27.921  -2.391  -20.751 0.8571428657
94540  -28.455  1.043  -20.547 0.8571428657
94550  -27.286  1.129  -21.398 0.8571428657
100899  -26.602  8.502  -24.696 0.7142857313
101652  -24.535  9.623  -25.422 0.2857142985
103290  -23.524  11.624  -25.427 0.2857142985
79711  -27.661  -13.794  -19.355 0.5714285970
156647  -30.873  -6.357  -16.314 0.4285714328
90373  -27.311  -2.950  -21.292 0.5714285970
104949  -23.014  14.356  -24.544 0.2857142985
142505  -22.731  15.453  -24.139 0.1428571492
104073  -23.420  12.875  -24.442 0.2857142985
104091  -22.893  13.671  -25.982 0.2857142985
104950  -23.700  13.881  -23.876 0.1428571492
103316  -25.950  11.177  -28.327 0.2857142985
104104  -25.007  12.647  -27.575 0.2857142985
150558  -25.532  10.498  -27.414 0.2857142985
145453  -26.732  10.112  -25.930 0.2857142985
103293  -27.955  11.544  -25.598 0.1428571492
103294  -28.763  11.903  -25.084 0.1428571492
102453  -28.093  10.612  -24.412 0.1428571492
104092  -28.648  12.229  -25.807 0.1428571492
101642  -27.340  9.190  -24.163 0.4285714328
150194  -29.516  9.581  -22.063 0.1428571492
100018  -28.662  7.198  -21.751 0.1428571492
102441  -28.555  10.383  -23.660 0.2857142985
100047  -26.748  7.241  -23.692 0.7142857313
150421  -28.497  6.562  -21.549 0.4285714328
100029  -28.189  7.458  -22.284 0.5714285970
99170  -28.061  6.007  -21.748 0.7142857313
97428  -29.100  4.780  -20.026 0.5714285970
150398  -28.002  4.115  -21.213 0.8571428657
89324  -26.671  -3.378  -21.802 0.5714285970
92435  -26.189  -0.935  -22.164 0.4285714328
84468  -26.874  -8.958  -21.483 0.5714285970
85381  -26.920  -7.704  -21.681 0.4285714328
86275  -27.630  -6.937  -21.243 0.7142857313
139034  -27.484  -6.170  -20.972 0.7142857313
132469  -26.109  -5.934  -21.336 0.4285714328
146718  -26.262  -4.273  -21.805 0.5714285970
87320  -25.596  -5.524  -21.587 0.4285714328
87319  -24.905  -5.966  -21.664 0.2857142985
88322  -27.318  -4.512  -21.147 0.7142857313
93482  -29.214  0.822  -19.570 0.5714285970
83559  -27.615  -9.892  -21.272 0.5714285970
82633  -26.866  -10.435  -21.720 0.5714285970
92394  -30.254  -0.361  -17.492 0.2857142985
85290  -32.004  -7.887  -15.741 0.2857142985
150343  -31.246  -6.604  -15.964 0.4285714328
89254  -30.835  -3.457  -16.290 0.4285714328
90333  -30.317  -2.588  -17.418 0.4285714328
79659  -31.281  -13.044  -15.610 0.2857142985
80722  -31.411  -12.119  -15.541 0.2857142985
84382  -32.351  -8.404  -15.206 0.2857142985
87231  -31.520  -5.269  -15.519 0.4285714328
76621  -32.489  -16.410  -14.552 0.1428571492
78664  -32.268  -14.259  -14.894 0.2857142985
152147  -32.572  -10.459  -14.618 0.2857142985
80702  -33.210  -12.492  -14.284 0.2857142985
69592  -30.295  -23.553  -12.943 0.1428571492
69591  -29.548  -23.638  -12.937 0.1428571492
70548  -30.772  -22.790  -12.966 0.1428571492
104063  -26.245  12.895  -21.866 0.1428571492
70549  -31.560  -22.343  -12.897 0.1428571492
154607  -31.480  -20.253  -13.555 0.1428571492
103257  -26.147  11.810  -22.239 0.1428571492
97450  -25.557  4.718  -23.929 0.5714285970
96518  -26.061  3.452  -23.442 0.4285714328
150320  -25.447  3.435  -23.542 0.4285714328
97451  -26.064  4.629  -23.686 0.5714285970
132061  -25.613  2.830  -23.326 0.4285714328
142751  -26.246  4.068  -23.429 0.5714285970
94559  -25.855  1.610  -22.428 0.4285714328
95581  -25.854  2.295  -22.748 0.4285714328
85252  -33.652  -6.499  -13.259 0.1428571492
86166  -32.543  -6.029  -14.121 0.1428571492
76672  -27.255  -16.731  -17.593 0.2857142985
86142  -34.872  -6.598  -11.890 0.1428571492
87190  -35.204  -5.914  -11.872 0.1428571492
86149  -34.182  -5.863  -13.033 0.1428571492
88197  -35.396  -4.878  -11.988 0.1428571492
75699  -26.838  -17.487  -17.481 0.2857142985
84351  -33.953  -8.706  -13.148 0.1428571492
144338  -34.238  -7.937  -12.765 0.1428571492
84366  -33.320  -8.720  -13.823 0.1428571492
85239  -34.551  -7.225  -12.323 0.1428571492
86135  -36.448  -6.267  -10.872 0.1428571492
88205  -39.114  -4.801  -13.097 0.1428571492
132043  -37.218  -5.296  -11.388 0.1428571492
88198  -37.889  -4.159  -12.137 0.1428571492
74651  -27.170  -17.902  -16.922 0.2857142985
74650  -26.534  -18.214  -17.298 0.2857142985
81601  -33.731  -11.520  -13.619 0.1428571492
136829  -33.790  -10.652  -13.456 0.1428571492
82524  -32.895  -11.088  -14.414 0.1428571492
83452  -33.680  -9.598  -13.500 0.1428571492
84339  -35.333  -8.658  -11.699 0.1428571492
83454  -35.023  -9.369  -12.185 0.1428571492
85231  -36.241  -7.133  -10.849 0.1428571492
84352  -34.597  -8.666  -12.449 0.1428571492
86128  -36.966  -6.644  -10.420 0.1428571492
86136  -38.358  -6.372  -11.336 0.1428571492
87191  -39.123  -5.436  -12.519 0.1428571492
87184  -38.567  -5.553  -11.795 0.1428571492
74632  -26.251  -18.894  -16.935 0.2857142985
73567  -26.813  -19.310  -16.324 0.2857142985
79628  -33.695  -13.094  -13.951 0.1428571492
139514  -34.181  -12.035  -13.209 0.1428571492
81602  -34.166  -11.307  -13.174 0.1428571492
82511  -34.459  -10.738  -12.911 0.1428571492
157048  -35.774  -9.368  -11.371 0.1428571492
83441  -34.751  -10.069  -12.580 0.1428571492
85233  -37.356  -7.726  -10.534 0.1428571492
85226  -37.701  -7.813  -10.763 0.1428571492
88218  -39.189  -5.008  -14.016 0.1428571492
87197  -39.275  -5.536  -13.431 0.1428571492
150336  -33.435  -13.793  -13.983 0.1428571492
141656  -34.254  -12.877  -13.442 0.1428571492
79611  -34.686  -13.447  -12.859 0.1428571492
81590  -35.601  -11.611  -12.121 0.1428571492
80681  -34.772  -12.506  -12.724 0.1428571492
82502  -37.230  -9.834  -10.679 0.1428571492
81589  -34.725  -11.577  -12.668 0.1428571492
83424  -37.493  -9.188  -10.133 0.1428571492
82500  -35.969  -10.759  -11.794 0.1428571492
84329  -36.926  -8.547  -10.201 0.1428571492
86143  -39.309  -6.867  -12.690 0.1428571492
146815  -38.255  -8.199  -11.028 0.1428571492
136721  -39.293  -6.187  -13.805 0.1428571492
140824  -39.335  -6.133  -12.992 0.1428571492
78636  -34.639  -14.390  -12.853 0.1428571492
79614  -36.980  -12.837  -11.333 0.1428571492
79613  -36.036  -13.171  -11.884 0.1428571492
81591  -36.552  -11.419  -11.561 0.1428571492
80682  -35.514  -12.454  -12.244 0.1428571492
82462  -38.666  -9.769  -10.584 0.1428571492
151693  -38.308  -10.399  -10.682 0.1428571492
82463  -38.975  -9.831  -10.887 0.1428571492
84330  -38.859  -8.655  -11.296 0.1428571492
83407  -38.233  -9.167  -10.323 0.1428571492
86137  -38.925  -6.994  -11.750 0.1428571492
84321  -37.775  -8.436  -10.529 0.1428571492
135375  -38.494  -13.972  -11.325 0.1428571492
78615  -36.167  -13.950  -11.915 0.1428571492
79612  -35.380  -13.908  -12.347 0.1428571492
80662  -39.031  -12.464  -11.574 0.1428571492
79596  -38.805  -13.181  -11.410 0.1428571492
82481  -38.892  -10.472  -11.107 0.1428571492
81568  -38.799  -11.475  -11.392 0.1428571492
84340  -39.244  -8.432  -12.105 0.1428571492
83443  -39.459  -9.867  -12.284 0.1428571492
156799  -37.631  -12.625  -11.133 0.1428571492
156205  -35.072  -12.041  -12.391 0.1428571492
82501  -36.875  -10.628  -11.243 0.1428571492
83468  -33.107  -10.282  -14.072 0.1428571492
87214  -39.169  -5.779  -14.282 0.1428571492
88217  -38.839  -4.555  -14.806 0.1428571492
87185  -39.050  -6.166  -12.071 0.1428571492
153412  -36.354  -6.731  -10.345 0.1428571492
87183  -37.744  -5.827  -11.264 0.1428571492
143751  -32.687  -6.979  -14.226 0.1428571492
86148  -33.319  -5.745  -13.587 0.1428571492
85241  -39.304  -7.634  -12.388 0.1428571492
86150  -39.315  -6.819  -13.658 0.1428571492
138873  -38.985  -5.328  -14.752 0.1428571492
88240  -38.490  -4.527  -15.805 0.1428571492
134722  -25.758  0.853  -22.251 0.4285714328
88204  -38.922  -4.235  -13.755 0.1428571492
88199  -38.655  -4.795  -12.290 0.1428571492
88187  -36.746  -4.685  -11.506 0.1428571492
130985  -38.666  -4.088  -12.839 0.1428571492
87195  -33.139  -4.936  -13.816 0.1428571492
88215  -32.230  -4.374  -14.706 0.1428571492
98377  -25.764  5.230  -23.955 0.4285714328
132718  -28.292  13.311  -28.476 0.1428571492
74633  -27.032  -18.524  -16.594 0.2857142985
104127  -26.502  12.862  -28.860 0.1428571492
151113  -33.077  -6.484  -13.757 0.1428571492
81614  -33.303  -11.730  -14.149 0.1428571492
79629  -34.038  -13.866  -13.461 0.1428571492
78651  -33.518  -14.555  -13.826 0.1428571492
80693  -33.749  -12.307  -13.814 0.1428571492
140856  -31.576  -3.403  -15.331 0.1428571492
154155  -31.202  -3.417  -15.788 0.1428571492
84367  -33.616  -7.941  -13.467 0.1428571492
85274  -33.300  -7.169  -13.664 0.1428571492
156286  -32.815  -5.444  -13.950 0.1428571492
134866  -34.300  -6.570  -12.696 0.1428571492
154423  -34.685  -6.076  -12.465 0.1428571492
86134  -35.721  -6.561  -11.151 0.1428571492
85240  -35.247  -7.210  -11.408 0.1428571492
85253  -33.863  -7.213  -12.979 0.1428571492
87181  -35.899  -5.723  -11.422 0.1428571492
87196  -34.077  -4.958  -13.224 0.1428571492
87182  -36.570  -5.516  -11.280 0.1428571492
83453  -34.314  -9.409  -12.797 0.1428571492
85254  -34.976  -7.921  -12.075 0.1428571492
87174  -37.050  -6.037  -10.802 0.1428571492
86129  -37.496  -6.645  -10.721 0.1428571492
84327  -35.703  -7.917  -11.271 0.1428571492
88189  -37.914  -5.034  -11.762 0.1428571492
82525  -33.362  -11.057  -13.954 0.1428571492
144746  -34.176  -10.086  -13.041 0.1428571492
145551  -35.493  -10.061  -12.013 0.1428571492
85232  -36.810  -7.109  -10.203 0.1428571492
139301  -36.521  -7.855  -10.548 0.1428571492
155730  -37.573  -7.241  -10.647 0.1428571492
82499  -35.201  -10.784  -12.436 0.1428571492
84328  -36.176  -8.599  -10.877 0.1428571492
83423  -36.747  -9.266  -10.733 0.1428571492
85234  -38.839  -7.861  -11.560 0.1428571492
80683  -36.296  -12.255  -11.673 0.1428571492
134770  -35.325  -13.091  -12.511 0.1428571492
83442  -36.326  -9.986  -11.331 0.1428571492
82480  -37.928  -9.921  -10.162 0.1428571492
82479  -37.758  -10.505  -10.713 0.1428571492
79595  -37.848  -13.257  -11.085 0.1428571492
80660  -37.327  -12.005  -11.261 0.1428571492
132703  -39.235  -10.361  -11.479 0.1428571492
83409  -38.924  -9.291  -11.059 0.1428571492
140133  -39.436  -8.991  -12.685 0.1428571492
81567  -38.120  -11.257  -11.063 0.1428571492
80661  -38.293  -12.339  -11.212 0.1428571492
67710  -26.164  -24.956  -13.326 0.1428571492
68638  -27.681  -24.011  -13.045 0.1428571492
68636  -25.755  -24.197  -13.855 0.1428571492
68637  -26.693  -24.091  -13.378 0.1428571492
69589  -27.139  -23.326  -13.445 0.1428571492
69588  -26.284  -23.452  -13.796 0.1428571492
70568  -26.240  -22.300  -14.370 0.1428571492
71558  -26.555  -21.596  -14.619 0.1428571492
71572  -26.185  -21.259  -15.256 0.1428571492
72556  -26.438  -20.671  -15.598 0.1428571492
72536  -26.868  -20.941  -14.961 0.1428571492
73546  -26.623  -20.073  -16.025 0.1428571492
71571  -25.489  -21.393  -15.466 0.1428571492
72555  -25.301  -20.856  -15.895 0.1428571492
73565  -25.084  -19.629  -16.825 0.1428571492
147477  -24.866  -19.086  -17.165 0.1428571492
74649  -25.762  -18.421  -17.521 0.1428571492
145058  -26.093  -17.796  -17.953 0.2857142985
76671  -26.439  -17.003  -18.173 0.1428571492
76688  -26.932  -16.222  -18.562 0.1428571492
75713  -25.600  -17.249  -18.522 0.2857142985
79740  -27.164  -13.051  -20.906 0.4285714328
81716  -27.413  -11.612  -21.436 0.4285714328
93502  -25.234  0.303  -22.427 0.2857142985
93503  -25.863  0.040  -22.047 0.2857142985
96517  -24.748  3.047  -23.266 0.2857142985
96523  -25.649  4.085  -23.711 0.2857142985
97449  -25.039  4.553  -23.843 0.4285714328
75697  -24.771  -17.286  -18.461 0.1428571492
72572  -24.610  -19.989  -16.434 0.1428571492
147885  -25.042  -18.573  -17.593 0.1428571492
75698  -25.292  -17.882  -18.013 0.1428571492
76686  -24.670  -16.677  -18.868 0.2857142985
134943  -26.034  -16.565  -18.934 0.2857142985
77688  -25.769  -16.080  -19.559 0.2857142985
151149  -26.388  -16.003  -19.390 0.2857142985
78728  -27.411  -14.741  -19.087 0.2857142985
78741  -27.000  -14.252  -19.981 0.4285714328
79726  -26.776  -13.797  -20.592 0.4285714328
79738  -26.160  -13.327  -20.800 0.2857142985
90383  -25.481  -2.431  -22.628 0.2857142985
134371  -24.908  -1.129  -22.529 0.2857142985
92434  -25.392  -0.612  -22.402 0.2857142985
133465  -24.768  -0.271  -22.559 0.2857142985
95579  -24.123  2.355  -22.836 0.2857142985
94556  -23.640  1.765  -22.477 0.2857142985
77704  -26.244  -15.454  -19.891 0.2857142985
91390  -25.511  -1.538  -22.523 0.2857142985
132283  -23.936  -1.937  -22.511 0.2857142985
131532  -24.130  0.040  -22.656 0.2857142985
93508  -23.931  0.897  -22.518 0.2857142985
94558  -25.144  1.184  -22.563 0.2857142985
94557  -24.411  1.518  -22.663 0.2857142985
95580  -25.083  2.123  -22.880 0.2857142985
92432  -23.710  -0.462  -22.652 0.2857142985
138504  -23.470  0.228  -22.509 0.2857142985
80780  -27.503  -12.357  -20.933 0.4285714328
72557  -27.145  -20.340  -15.378 0.1428571492
73547  -27.371  -19.652  -15.685 0.1428571492
70545  -26.672  -22.741  -13.824 0.1428571492
74631  -25.468  -19.070  -17.133 0.1428571492
73566  -25.944  -19.739  -16.627 0.1428571492
69613  -26.022  -22.938  -14.214 0.1428571492
71557  -25.800  -21.855  -14.927 0.1428571492
72574  -25.938  -20.468  -16.125 0.1428571492
72554  -24.480  -20.682  -16.010 0.1428571492
79739  -26.643  -13.172  -20.926 0.4285714328
78740  -26.349  -14.671  -20.299 0.4285714328
93500  -22.723  0.336  -22.146 0.2857142985
82625  -25.927  -11.109  -21.517 0.2857142985
81715  -26.468  -11.735  -21.665 0.2857142985
106782  -25.421  16.088  -28.648 0.1428571492
106794  -25.649  15.770  -29.312 0.1428571492
105915  -24.764  15.036  -28.759 0.1428571492
104126  -25.717  13.180  -28.685 0.1428571492
106783  -26.606  16.092  -28.171 0.1428571492
104992  -24.651  14.396  -28.463 0.1428571492
104981  -23.304  14.543  -26.501 0.1428571492
105873  -23.660  15.137  -25.317 0.1428571492
82632  -26.227  -10.332  -21.476 0.2857142985
105003  -26.753  13.203  -29.588 0.1428571492
105928  -26.336  15.157  -30.443 0.1428571492
104117  -26.110  11.890  -28.680 0.1428571492
105001  -25.281  14.190  -29.219 0.1428571492
105002  -26.034  13.510  -29.633 0.1428571492
104982  -23.974  14.305  -27.657 0.1428571492
104116  -25.809  11.978  -28.411 0.1428571492
136977  -24.069  15.201  -27.225 0.1428571492
131678  -24.929  14.942  -25.848 0.1428571492
105898  -23.794  15.022  -27.133 0.1428571492
105872  -22.946  15.130  -25.056 0.1428571492
143712  -25.028  13.340  -28.152 0.1428571492
80794  -26.932  -12.262  -21.359 0.2857142985
106781  -24.835  15.626  -28.625 0.1428571492
106770  -25.696  15.873  -27.919 0.1428571492
105916  -25.165  15.296  -29.104 0.1428571492
105907  -24.208  15.248  -28.062 0.1428571492
106771  -26.926  15.462  -27.100 0.1428571492
105921  -25.743  14.889  -29.830 0.1428571492
148338  -23.208  -1.802  -22.551 0.1428571492
91389  -24.435  -1.536  -22.574 0.1428571492
91388  -23.613  -1.224  -22.636 0.1428571492
130722  -23.154  1.102  -22.233 0.1428571492
93491  -20.562  1.248  -21.067 0.1428571492
94547  -21.452  2.042  -21.664 0.1428571492
90382  -24.747  -2.200  -22.588 0.1428571492
93499  -22.095  1.218  -22.091 0.1428571492
95567  -21.158  2.800  -21.418 0.1428571492
96505  -21.779  3.354  -21.524 0.1428571492
150754  -25.678  -7.265  -21.653 0.2857142985
136811  -24.896  -6.750  -21.519 0.1428571492
133855  -24.416  -4.050  -21.821 0.1428571492
89321  -24.551  -3.352  -22.105 0.1428571492
89340  -24.242  -2.600  -22.335 0.1428571492
91387  -22.845  -1.316  -22.415 0.1428571492
95578  -23.359  2.457  -22.463 0.1428571492
96516  -24.339  3.841  -22.838 0.1428571492
96506  -22.790  3.662  -21.811 0.1428571492
97435  -24.067  4.608  -22.311 0.2857142985
151058  -23.519  7.300  -21.636 0.2857142985
100027  -23.902  7.869  -22.513 0.2857142985
100836  -26.019  8.908  -19.471 0.1428571492
96507  -23.705  4.057  -22.039 0.2857142985
98375  -24.685  5.206  -23.656 0.2857142985
99215  -25.108  6.547  -24.699 0.2857142985
146221  -24.257  5.992  -23.274 0.2857142985
99169  -23.677  6.208  -22.258 0.2857142985
99214  -24.624  6.823  -24.439 0.2857142985
99183  -23.913  6.882  -22.853 0.2857142985
99168  -23.351  6.412  -21.231 0.2857142985
100854  -24.799  8.846  -21.673 0.1428571492
100009  -23.650  7.739  -20.609 0.2857142985
102412  -26.401  10.343  -21.511 0.1428571492
102413  -27.021  10.865  -21.079 0.1428571492
98348  -23.344  5.759  -20.336 0.1428571492
97433  -21.945  4.243  -21.164 0.2857142985
100017  -23.365  7.076  -20.772 0.2857142985
100853  -24.069  8.265  -21.378 0.1428571492
100843  -24.846  8.822  -20.684 0.1428571492
100842  -24.308  8.307  -20.300 0.1428571492
96503  -20.452  2.966  -20.816 0.2857142985
99999  -23.991  7.038  -19.627 0.1428571492
142981  -25.348  8.566  -19.077 0.1428571492
94515  -19.393  2.754  -18.478 0.1428571492
144227  -30.458  3.817  -18.093 0.1428571492
93445  -30.718  0.753  -16.696 0.1428571492
88319  -24.767  -4.622  -21.722 0.1428571492
90371  -23.620  -3.070  -21.871 0.1428571492
96466  -30.644  3.193  -17.590 0.1428571492
148949  -22.772  -2.859  -21.630 0.1428571492
91379  -22.280  -1.431  -21.612 0.1428571492
149947  -21.359  -0.669  -21.213 0.1428571492
92423  -22.442  -0.518  -21.830 0.1428571492
92422  -20.906  0.493  -21.247 0.1428571492
94548  -22.709  2.022  -21.941 0.1428571492
97432  -21.271  3.728  -20.945 0.2857142985
97434  -23.675  4.715  -21.578 0.1428571492
98365  -24.127  5.280  -22.746 0.2857142985
98357  -23.639  5.415  -21.647 0.1428571492
151067  -24.579  7.364  -19.302 0.1428571492
100008  -23.612  7.123  -20.166 0.2857142985
100000  -24.177  7.732  -19.780 0.1428571492
154399  -24.702  8.676  -20.019 0.1428571492
101601  -25.683  9.229  -20.311 0.1428571492
94521  -30.261  1.717  -17.742 0.1428571492
95545  -30.086  2.463  -17.976 0.1428571492
95532  -30.609  2.362  -17.427 0.1428571492
100060  -24.286  7.824  -24.347 0.2857142985
98376  -25.194  5.202  -24.077 0.2857142985
87318  -24.209  -5.435  -21.619 0.1428571492
89341  -25.108  -2.845  -22.593 0.1428571492
92380  -30.567  0.029  -16.943 0.1428571492
96515  -23.696  3.132  -22.533 0.1428571492
96522  -24.954  3.880  -23.523 0.1428571492
92431  -23.093  -0.519  -22.534 0.1428571492
93492  -21.818  0.373  -21.675 0.1428571492
150950  -22.740  -2.032  -22.144 0.1428571492
135090  -21.214  1.237  -21.550 0.1428571492
96504  -21.013  3.299  -21.030 0.1428571492
95568  -21.942  2.627  -21.769 0.1428571492
133486  -23.739  -3.851  -21.754 0.1428571492
97442  -24.544  4.524  -23.236 0.2857142985
100045  -24.139  7.350  -23.578 0.2857142985
99158  -23.371  6.493  -20.471 0.1428571492
99203  -24.848  5.955  -24.149 0.2857142985
155590  -24.363  6.565  -23.728 0.2857142985
98356  -23.326  5.846  -20.817 0.1428571492
140258  -23.108  4.439  -21.335 0.1428571492
100835  -25.106  8.895  -19.775 0.1428571492
76670  -23.544  -16.869  -17.780 0.1428571492
77687  -25.004  -16.109  -19.406 0.1428571492
77670  -22.996  -16.095  -17.589 0.1428571492
78709  -22.899  -15.258  -17.842 0.1428571492
78725  -22.894  -14.350  -18.153 0.1428571492
77686  -24.316  -15.509  -18.932 0.1428571492
137753  -23.622  -14.179  -18.731 0.1428571492
78727  -24.328  -14.595  -19.128 0.1428571492
154836  -26.077  -15.139  -20.200 0.1428571492
79723  -24.135  -13.637  -19.415 0.1428571492
137275  -25.068  -13.464  -19.915 0.1428571492
78755  -26.289  -13.978  -20.619 0.1428571492
80779  -25.588  -12.846  -20.403 0.1428571492
79725  -25.716  -13.831  -20.417 0.1428571492
79710  -23.054  -13.419  -18.639 0.1428571492
80769  -23.626  -12.670  -19.265 0.1428571492
80793  -26.307  -12.547  -21.127 0.1428571492
82624  -25.073  -11.014  -20.745 0.1428571492
84460  -25.650  -9.255  -21.372 0.1428571492
77702  -25.109  -15.132  -19.574 0.1428571492
77705  -26.748  -14.962  -19.778 0.1428571492
78726  -23.625  -14.936  -18.459 0.1428571492
84466  -25.650  -8.159  -21.594 0.1428571492
76685  -24.171  -16.303  -18.727 0.1428571492
149641  -24.105  -16.824  -18.318 0.1428571492
77703  -25.770  -15.489  -19.887 0.1428571492
78739  -25.852  -14.736  -20.274 0.1428571492
80792  -25.681  -11.868  -20.950 0.1428571492
147218  -23.503  -16.473  -18.052 0.1428571492
77685  -23.528  -15.802  -18.313 0.1428571492
78708  -22.126  -14.549  -17.298 0.1428571492
79724  -25.065  -14.244  -19.810 0.1428571492
80778  -24.633  -12.774  -19.775 0.1428571492
79690  -22.205  -13.625  -17.827 0.1428571492
75696  -23.282  -17.229  -17.133 0.1428571492
72573  -25.255  -20.262  -16.383 0.1428571492
76687  -25.247  -16.685  -19.058 0.2857142985
77689  -26.882  -15.553  -19.307 0.2857142985
80738  -30.207  -12.601  -16.496 0.5714285970
81566  -37.365  -11.182  -11.212 0.1428571492
82613  -28.166  -10.725  -20.556 0.5714285970
83408  -38.644  -9.266  -10.607 0.1428571492
83425  -39.181  -9.769  -11.383 0.1428571492
84322  -38.217  -8.689  -10.539 0.1428571492
84323  -38.571  -8.880  -10.721 0.1428571492
85225  -37.376  -7.129  -10.518 0.1428571492
85227  -38.110  -7.325  -11.067 0.1428571492
86274  -27.081  -6.599  -21.153 0.7142857313
88188  -37.353  -4.604  -11.654 0.1428571492
90318  -30.574  -2.139  -16.929 0.4285714328
90369  -22.251  -2.300  -21.370 0.1428571492
90370  -23.364  -2.359  -22.235 0.1428571492
92433  -24.275  -0.784  -22.611 0.1428571492
93501  -24.608  0.623  -22.578 0.2857142985
95569  -22.651  2.888  -22.170 0.1428571492
104118  -26.809  12.249  -28.426 0.2857142985
105010  -25.323  14.690  -29.357 0.1428571492
105011  -25.776  14.132  -30.057 0.1428571492
133192  -39.234  -11.159  -11.595 0.1428571492
139973  -26.970  -11.487  -21.866 0.2857142985
140275  -25.028  -1.816  -22.615 0.2857142985
143345  -29.214  -13.096  -17.516 0.5714285970
153017  -26.134  1.171  -22.103 0.4285714328
154025  -25.878  -20.932  -15.688 0.1428571492
154493  -38.582  -10.828  -11.106 0.1428571492
156291  -29.477  -11.623  -17.381 0.5714285970
157054  -27.879  -12.422  -20.277 0.5714285970
157379  -26.758  -8.261  -21.738 0.4285714328
157497  -27.896  -6.448  -21.105 0.7142857313
157823  -25.388  -3.350  -22.365 0.2857142985
