#!ascii label  , from subject sub001 vox2ras=TkReg
957
131449  43.571  12.536  31.116 0.0000000000
97774  47.753  5.225  23.511 0.0000000000
101927  55.615  9.856  20.156 0.0000000000
94289  50.666  1.919  10.310 0.0000000000
99406  44.861  7.843  31.105 0.0000000000
144325  57.671  10.584  28.262 0.0000000000
95188  48.166  2.860  15.535 0.0000000000
98641  46.333  6.512  20.250 0.0000000000
101847  52.081  10.415  28.445 0.0000000000
131186  46.962  10.113  27.400 0.0000000000
95981  47.330  3.191  28.444 0.0000000000
101900  50.140  10.577  21.987 0.0000000000
99537  48.439  7.400  15.362 0.0000000000
99480  52.902  7.896  20.882 0.0000000000
98700  50.515  7.831  12.117 0.0000000000
100362  46.212  8.853  21.229 0.0000000000
104092  48.003  13.218  29.110 0.0000000000
102574  45.149  11.962  29.467 0.0000000000
96835  45.968  5.328  30.347 0.0000000000
102622  54.419  11.824  24.493 0.0000000000
103387  51.510  12.322  24.860 0.0000000000
101915  51.787  10.343  21.231 0.0000000000
100379  50.135  9.028  19.096 0.0000000000
130818  51.840  8.690  17.499 0.0000000000
152730  49.860  8.220  25.248 0.0000000000
101111  52.718  9.316  25.141 0.0000000000
152077  50.150  6.833  21.963 0.0000000000
95234  49.716  3.236  11.374 0.0000000000
96986  48.096  5.052  14.587 0.0000000000
96997  48.604  4.151  10.122 0.0000000000
97877  47.530  6.431  10.227 0.0000000000
94279  47.812  1.646  12.266 0.0000000000
93276  48.239  0.433  15.387 0.0000000000
101821  42.004  10.284  31.077 0.0000000000
101052  43.534  9.659  30.098 0.0000000000
142288  58.577  10.885  23.570 0.0000000000
94139  48.005  1.459  21.448 0.0000000000
96057  47.653  3.234  19.604 0.0000000000
94184  50.438  1.290  18.209 0.0000000000
94249  52.154  2.083  14.568 0.0000000000
104045  53.681  13.551  30.956 0.0000000000
143021  50.733  14.013  30.782 0.0000000000
102598  49.347  11.157  27.656 0.0000000000
99450  47.966  6.961  26.068 0.0000000000
100295  45.441  8.361  29.077 0.0000000000
97751  45.587  5.664  27.518 0.0000000000
96010  46.534  3.457  24.899 0.0000000000
94101  49.308  1.130  24.767 0.0000000000
102561  39.533  11.364  29.754 0.0000000000
104849  49.972  13.942  24.234 0.0000000000
102656  48.020  11.242  22.636 0.0000000000
100372  48.051  9.050  20.089 0.0000000000
142908  47.591  6.505  17.785 0.0000000000
153379  44.870  5.317  15.246 0.0000000000
101844  55.059  10.357  28.630 0.0000000000
101109  55.923  9.117  24.042 0.0000000000
100371  55.426  8.380  19.976 0.0000000000
97836  49.020  5.447  17.848 0.0000000000
98663  51.556  6.522  16.876 0.0000000000
99525  53.560  8.047  15.561 0.0000000000
99545  49.734  8.711  12.972 0.0000000000
97865  45.237  5.829  12.923 0.0000000000
101143  45.822  9.546  21.554 0.0000000000
101904  45.921  11.069  22.043 0.0000000000
103339  45.375  12.552  30.385 0.0000000000
102557  44.203  11.997  31.062 0.0000000000
101896  54.751  10.928  21.689 0.0000000000
102651  53.707  11.210  22.627 0.0000000000
145148  53.153  10.116  20.401 0.0000000000
101165  51.983  9.287  19.192 0.0000000000
101164  53.902  9.330  18.947 0.0000000000
141047  48.622  6.599  24.097 0.0000000000
130974  49.857  7.768  24.047 0.0000000000
128988  49.018  6.022  22.564 0.0000000000
95253  50.669  3.054  9.704 0.0000000000
96121  48.983  3.647  11.054 0.0000000000
95255  49.372  3.034  9.639 0.0000000000
95247  48.225  2.953  10.550 0.0000000000
94291  48.916  1.904  10.837 0.0000000000
93307  48.639  0.933  12.968 0.0000000000
93317  50.624  0.955  12.370 0.0000000000
100287  41.779  8.880  31.435 0.0000000000
102614  58.019  11.666  25.992 0.0000000000
137183  58.633  10.437  26.005 0.0000000000
93205  49.488  0.564  21.615 0.0000000000
94171  49.388  1.225  19.420 0.0000000000
143204  50.842  0.703  19.598 0.0000000000
94231  52.400  1.784  15.500 0.0000000000
95201  53.606  2.490  13.639 0.0000000000
146416  52.918  3.309  11.951 0.0000000000
103364  47.068  12.218  28.038 0.0000000000
103362  48.907  12.043  27.871 0.0000000000
101860  47.697  10.638  27.470 0.0000000000
100304  48.531  8.575  26.910 0.0000000000
100305  47.660  8.333  26.818 0.0000000000
99420  44.574  8.235  30.357 0.0000000000
101065  44.278  9.292  29.610 0.0000000000
99428  45.206  8.433  29.778 0.0000000000
95969  46.404  3.883  29.294 0.0000000000
97736  45.372  5.715  29.038 0.0000000000
95983  45.946  4.088  28.024 0.0000000000
96870  45.965  4.655  26.806 0.0000000000
95067  46.531  2.986  26.615 0.0000000000
94091  47.480  1.758  25.206 0.0000000000
95073  47.882  2.037  26.668 0.0000000000
95072  51.566  2.210  27.017 0.0000000000
102635  50.797  11.427  23.509 0.0000000000
103388  50.677  12.615  24.586 0.0000000000
102636  49.878  11.469  23.439 0.0000000000
103393  48.466  12.263  23.449 0.0000000000
149058  48.737  11.100  22.651 0.0000000000
101141  48.086  9.980  21.100 0.0000000000
101140  48.853  10.059  21.124 0.0000000000
99508  49.316  8.020  17.836 0.0000000000
99509  48.507  7.668  18.281 0.0000000000
98666  47.966  6.800  17.171 0.0000000000
97843  46.348  5.724  16.405 0.0000000000
98677  46.929  6.330  15.771 0.0000000000
103335  52.765  12.259  29.646 0.0000000000
102556  54.616  11.495  30.207 0.0000000000
101846  53.012  10.507  28.610 0.0000000000
100348  52.176  8.534  22.889 0.0000000000
133642  53.776  9.203  25.034 0.0000000000
100335  54.181  8.794  23.107 0.0000000000
100334  55.482  8.624  22.270 0.0000000000
99479  54.308  8.139  20.443 0.0000000000
95165  48.075  2.770  17.298 0.0000000000
96951  48.340  4.753  18.992 0.0000000000
96970  48.128  4.458  16.606 0.0000000000
97856  48.619  6.286  12.910 0.0000000000
97841  49.510  5.953  15.604 0.0000000000
98682  51.446  6.913  14.909 0.0000000000
98671  53.550  7.693  16.147 0.0000000000
154192  51.984  7.925  13.136 0.0000000000
100418  51.543  8.904  12.973 0.0000000000
99557  50.598  9.051  11.696 0.0000000000
95238  46.223  3.263  12.497 0.0000000000
97871  45.656  5.869  12.059 0.0000000000
96111  44.726  3.865  13.062 0.0000000000
96112  43.856  3.823  13.535 0.0000000000
102553  57.416  11.578  30.045 0.0000000000
100375  45.818  7.945  21.112 0.0000000000
99492  46.528  7.477  20.546 0.0000000000
104035  48.610  14.013  31.710 0.0000000000
132278  46.752  13.340  30.600 0.0000000000
103355  45.992  12.550  29.279 0.0000000000
150329  45.761  11.000  28.231 0.0000000000
98580  46.122  7.525  31.135 0.0000000000
102623  53.076  11.714  24.466 0.0000000000
102652  52.526  11.071  22.719 0.0000000000
101899  51.137  10.645  21.996 0.0000000000
101155  49.451  9.636  20.389 0.0000000000
101154  51.143  9.565  19.874 0.0000000000
100390  50.895  8.867  18.375 0.0000000000
99528  50.082  7.949  15.813 0.0000000000
101078  51.057  9.566  27.413 0.0000000000
134953  52.224  9.562  27.083 0.0000000000
100326  50.961  8.789  24.677 0.0000000000
99473  50.687  8.010  23.066 0.0000000000
98632  50.936  7.165  21.306 0.0000000000
95219  49.467  2.656  13.508 0.0000000000
96103  47.845  3.430  14.800 0.0000000000
96122  48.491  3.552  12.627 0.0000000000
96992  47.940  4.953  11.909 0.0000000000
97870  48.182  6.055  10.691 0.0000000000
98716  47.989  7.510  9.868 0.0000000000
154639  47.846  5.215  9.872 0.0000000000
95248  47.542  3.378  11.025 0.0000000000
94280  47.196  2.015  12.678 0.0000000000
129973  48.649  0.515  14.542 0.0000000000
103322  42.970  11.808  31.100 0.0000000000
102558  43.594  11.298  30.803 0.0000000000
101053  42.711  9.717  30.850 0.0000000000
100273  43.012  8.266  30.953 0.0000000000
138248  43.787  7.587  31.675 0.0000000000
102615  56.453  11.961  25.675 0.0000000000
137495  57.168  11.508  23.955 0.0000000000
101894  57.397  10.636  21.769 0.0000000000
96035  47.237  3.235  22.386 0.0000000000
96911  48.169  4.577  21.552 0.0000000000
95135  47.489  2.571  20.892 0.0000000000
95154  48.225  2.212  18.669 0.0000000000
94218  49.365  1.896  16.738 0.0000000000
128787  52.286  1.375  17.350 0.0000000000
94232  51.370  1.719  15.914 0.0000000000
95204  50.647  2.111  14.536 0.0000000000
95217  51.423  2.701  12.721 0.0000000000
96120  52.022  3.202  10.516 0.0000000000
140598  52.187  2.448  10.469 0.0000000000
93316  51.511  1.029  12.150 0.0000000000
104032  52.004  14.193  32.049 0.0000000000
103349  51.353  12.179  28.875 0.0000000000
104072  49.293  13.801  29.900 0.0000000000
103350  50.392  12.746  28.702 0.0000000000
101858  50.780  10.104  27.788 0.0000000000
101097  50.241  9.195  27.148 0.0000000000
99448  49.160  7.781  25.611 0.0000000000
98604  48.075  6.335  24.597 0.0000000000
101850  44.575  10.632  29.264 0.0000000000
101849  45.283  10.435  28.595 0.0000000000
101083  45.976  9.438  27.786 0.0000000000
98583  45.430  6.822  29.336 0.0000000000
152261  45.586  7.616  28.106 0.0000000000
99436  46.374  7.759  27.175 0.0000000000
98597  46.331  6.270  26.627 0.0000000000
97763  46.713  5.223  25.557 0.0000000000
96881  46.790  4.170  24.315 0.0000000000
95102  46.964  2.160  23.830 0.0000000000
93182  48.719  0.976  23.245 0.0000000000
93180  50.469  0.744  23.313 0.0000000000
94063  50.042  1.885  27.322 0.0000000000
142971  51.192  1.356  24.558 0.0000000000
103323  41.953  11.986  30.519 0.0000000000
101822  40.765  10.382  30.623 0.0000000000
101056  38.563  9.450  30.454 0.0000000000
104847  51.353  14.683  24.679 0.0000000000
104856  48.963  14.454  23.413 0.0000000000
101903  46.846  10.911  22.080 0.0000000000
101158  46.918  8.974  20.965 0.0000000000
99491  47.244  7.918  20.206 0.0000000000
101168  48.858  9.192  19.854 0.0000000000
99501  47.587  7.686  19.481 0.0000000000
140066  46.916  6.049  18.812 0.0000000000
101843  56.513  10.352  28.521 0.0000000000
101075  53.565  9.971  27.402 0.0000000000
101092  55.035  9.581  26.493 0.0000000000
101072  57.359  9.764  26.812 0.0000000000
101108  57.434  9.719  24.211 0.0000000000
144685  57.644  9.323  21.797 0.0000000000
100369  55.996  8.891  19.640 0.0000000000
97801  48.834  5.164  21.253 0.0000000000
97812  49.909  5.678  20.252 0.0000000000
128514  51.222  6.396  19.733 0.0000000000
97842  48.764  5.320  16.324 0.0000000000
97827  50.644  6.192  17.753 0.0000000000
98646  52.098  6.601  19.045 0.0000000000
99498  53.735  7.467  18.487 0.0000000000
99496  54.960  8.118  18.245 0.0000000000
101172  54.530  8.794  18.224 0.0000000000
100395  52.874  8.586  16.466 0.0000000000
99527  50.939  8.531  15.314 0.0000000000
142370  49.048  8.160  14.067 0.0000000000
99559  48.225  8.207  10.654 0.0000000000
98702  47.188  7.592  12.552 0.0000000000
98686  46.626  6.525  14.643 0.0000000000
146140  44.874  5.549  14.551 0.0000000000
93264  47.138  0.462  16.240 0.0000000000
130161  44.380  12.693  31.269 0.0000000000
133737  44.860  12.637  31.187 0.0000000000
101912  55.907  10.426  20.812 0.0000000000
101913  54.461  10.510  20.895 0.0000000000
101928  54.171  10.011  20.157 0.0000000000
101152  53.234  9.728  19.835 0.0000000000
145045  54.370  9.571  19.433 0.0000000000
97765  48.203  5.983  23.817 0.0000000000
98612  48.846  6.375  23.376 0.0000000000
97773  48.405  5.672  23.048 0.0000000000
94301  50.484  2.754  9.682 0.0000000000
95254  49.925  2.999  9.342 0.0000000000
94302  50.044  2.517  9.781 0.0000000000
94303  49.475  2.584  9.900 0.0000000000
94290  49.700  1.793  10.529 0.0000000000
94276  50.154  1.267  11.476 0.0000000000
136488  57.912  11.538  29.012 0.0000000000
102596  58.026  11.101  27.616 0.0000000000
102605  58.512  10.876  26.582 0.0000000000
136985  58.172  10.341  27.352 0.0000000000
93204  50.543  0.490  21.565 0.0000000000
93219  50.723  0.539  20.501 0.0000000000
93218  51.540  0.602  20.122 0.0000000000
94247  54.280  2.225  14.207 0.0000000000
95200  54.689  2.800  13.078 0.0000000000
95215  54.184  3.170  12.380 0.0000000000
97822  46.286  5.731  19.457 0.0000000000
146279  46.957  10.899  27.577 0.0000000000
102600  47.399  11.487  27.695 0.0000000000
101081  47.790  9.710  27.210 0.0000000000
151629  47.166  9.558  27.239 0.0000000000
134729  45.281  8.050  30.238 0.0000000000
95968  47.219  3.478  29.172 0.0000000000
95982  45.965  4.028  28.745 0.0000000000
139895  46.573  3.558  28.396 0.0000000000
95994  46.376  3.461  27.406 0.0000000000
95993  47.006  2.957  27.703 0.0000000000
95066  47.613  2.518  27.423 0.0000000000
102654  50.496  10.953  22.773 0.0000000000
102655  49.558  10.985  22.710 0.0000000000
102637  49.031  11.540  23.276 0.0000000000
137642  49.096  10.601  21.910 0.0000000000
101917  49.786  10.150  21.209 0.0000000000
98675  48.371  7.130  16.498 0.0000000000
98665  48.705  7.412  17.329 0.0000000000
98676  47.738  6.754  16.156 0.0000000000
102588  52.465  10.895  28.847 0.0000000000
102572  53.160  11.164  29.294 0.0000000000
100361  52.464  8.294  21.953 0.0000000000
100347  53.261  8.567  22.495 0.0000000000
100360  53.719  8.291  21.463 0.0000000000
95189  48.053  2.907  16.428 0.0000000000
96087  47.892  3.560  16.925 0.0000000000
98693  49.415  6.698  13.218 0.0000000000
98692  50.411  7.045  13.514 0.0000000000
98691  51.345  7.319  13.835 0.0000000000
98699  51.383  7.878  12.596 0.0000000000
99543  51.578  8.461  12.663 0.0000000000
98707  50.062  8.593  11.516 0.0000000000
95221  46.326  2.493  13.095 0.0000000000
96125  45.647  4.036  12.313 0.0000000000
95222  45.425  3.172  13.008 0.0000000000
95223  44.576  3.137  13.510 0.0000000000
100363  45.361  8.743  21.413 0.0000000000
104037  47.062  14.072  32.014 0.0000000000
103318  46.225  13.337  31.182 0.0000000000
103338  46.059  13.043  30.347 0.0000000000
102592  46.407  12.197  28.435 0.0000000000
102593  45.763  11.791  28.609 0.0000000000
102617  53.418  12.098  25.277 0.0000000000
102632  54.057  11.520  23.517 0.0000000000
101897  53.397  10.836  21.821 0.0000000000
101898  52.201  10.720  21.935 0.0000000000
102653  51.480  10.981  22.771 0.0000000000
101930  51.406  9.895  20.606 0.0000000000
101174  51.963  8.925  18.343 0.0000000000
132164  50.850  8.558  17.695 0.0000000000
100397  50.291  8.281  17.341 0.0000000000
99517  50.653  8.281  16.305 0.0000000000
100314  50.494  8.798  26.288 0.0000000000
100313  51.174  9.127  26.194 0.0000000000
100319  50.595  8.689  25.476 0.0000000000
99463  49.965  7.535  23.385 0.0000000000
99462  50.316  8.065  23.772 0.0000000000
151986  50.210  7.358  22.692 0.0000000000
99482  50.803  7.603  22.155 0.0000000000
136828  49.837  2.821  12.559 0.0000000000
95220  48.687  2.923  13.632 0.0000000000
95235  49.111  3.086  12.526 0.0000000000
96123  48.416  4.267  11.259 0.0000000000
96998  48.215  5.041  10.196 0.0000000000
133452  47.935  6.095  9.670 0.0000000000
97006  48.180  4.890  10.017 0.0000000000
94292  48.261  2.105  11.201 0.0000000000
95236  47.625  2.420  11.629 0.0000000000
95237  46.960  2.884  12.170 0.0000000000
94261  48.014  1.144  12.832 0.0000000000
93306  49.218  0.593  13.730 0.0000000000
102559  42.411  11.098  30.949 0.0000000000
101820  42.681  10.551  31.000 0.0000000000
100286  42.443  8.905  31.073 0.0000000000
99407  42.877  7.732  31.767 0.0000000000
99421  43.763  7.968  30.978 0.0000000000
137789  58.395  11.198  23.737 0.0000000000
102630  57.574  11.318  23.115 0.0000000000
102649  56.740  11.247  22.403 0.0000000000
102648  57.914  10.978  22.511 0.0000000000
94123  47.298  2.168  22.374 0.0000000000
95125  47.325  2.793  21.782 0.0000000000
94156  47.771  1.882  20.745 0.0000000000
147502  49.474  1.496  18.469 0.0000000000
94172  48.687  1.698  19.091 0.0000000000
94201  49.056  1.841  17.667 0.0000000000
94200  49.893  1.602  17.543 0.0000000000
94182  52.554  1.185  18.120 0.0000000000
94197  52.969  1.309  17.546 0.0000000000
94250  51.463  1.933  15.001 0.0000000000
94233  50.660  1.832  15.466 0.0000000000
95218  50.503  2.544  13.373 0.0000000000
95203  51.578  2.307  13.871 0.0000000000
96118  53.794  3.283  11.210 0.0000000000
95232  51.988  3.174  11.566 0.0000000000
96132  52.783  3.018  10.437 0.0000000000
95252  51.759  3.006  10.158 0.0000000000
94287  52.868  2.570  10.609 0.0000000000
94274  52.375  1.874  10.907 0.0000000000
130603  51.007  14.084  31.986 0.0000000000
104785  51.345  14.211  33.265 0.0000000000
104047  51.690  13.951  30.863 0.0000000000
104069  52.311  13.382  30.054 0.0000000000
104070  51.356  13.649  29.906 0.0000000000
134935  48.094  13.610  30.970 0.0000000000
104049  48.818  13.875  30.883 0.0000000000
104073  48.421  13.581  29.983 0.0000000000
103351  49.363  12.723  28.443 0.0000000000
102591  49.886  11.901  28.046 0.0000000000
102590  50.835  11.578  28.362 0.0000000000
102597  50.328  10.934  27.914 0.0000000000
130869  50.352  9.657  27.478 0.0000000000
101079  49.568  9.513  27.335 0.0000000000
100316  48.315  8.006  26.648 0.0000000000
99443  49.103  8.260  26.495 0.0000000000
99444  48.484  7.587  26.219 0.0000000000
99449  48.479  7.227  25.653 0.0000000000
98600  48.029  6.673  25.380 0.0000000000
101819  43.133  10.499  30.777 0.0000000000
101834  43.812  10.613  29.959 0.0000000000
100296  45.041  8.936  29.392 0.0000000000
101064  44.933  9.721  29.065 0.0000000000
100299  45.441  8.994  28.726 0.0000000000
101069  45.544  9.633  28.368 0.0000000000
138233  45.711  8.978  28.096 0.0000000000
97730  46.085  6.491  30.730 0.0000000000
98581  45.681  7.248  30.272 0.0000000000
97731  45.582  6.053  29.909 0.0000000000
97741  45.417  5.585  28.181 0.0000000000
98585  45.397  6.458  28.491 0.0000000000
98592  45.518  6.290  27.740 0.0000000000
99437  45.820  7.684  27.693 0.0000000000
98591  45.960  6.900  27.269 0.0000000000
99446  46.737  7.143  26.747 0.0000000000
96876  46.314  4.470  26.061 0.0000000000
97757  46.339  5.366  26.313 0.0000000000
143469  46.527  4.331  25.210 0.0000000000
97767  46.997  5.045  24.762 0.0000000000
95103  46.719  2.826  23.697 0.0000000000
95094  46.699  2.644  24.548 0.0000000000
94090  48.694  1.370  25.341 0.0000000000
94103  47.695  1.505  24.531 0.0000000000
93175  48.966  0.984  23.959 0.0000000000
93181  49.481  0.747  23.260 0.0000000000
93174  49.857  0.877  24.086 0.0000000000
95063  50.460  2.257  28.093 0.0000000000
94073  51.290  1.878  26.155 0.0000000000
94099  51.897  1.759  24.995 0.0000000000
104055  41.856  13.179  30.043 0.0000000000
150323  40.219  11.717  29.812 0.0000000000
102576  40.955  11.746  30.021 0.0000000000
102560  40.449  11.102  30.161 0.0000000000
131865  40.288  9.761  30.805 0.0000000000
101823  39.773  10.450  30.277 0.0000000000
104113  50.522  13.446  24.652 0.0000000000
104848  50.659  14.365  24.439 0.0000000000
105625  50.948  15.122  24.097 0.0000000000
104854  50.212  14.777  23.902 0.0000000000
145629  49.604  14.429  23.760 0.0000000000
104115  49.260  13.720  23.924 0.0000000000
153549  48.386  11.568  23.075 0.0000000000
102657  47.301  11.454  22.540 0.0000000000
101902  47.683  10.822  22.097 0.0000000000
101157  47.567  9.446  20.865 0.0000000000
100373  47.399  8.692  20.448 0.0000000000
101167  49.583  9.226  19.669 0.0000000000
100380  49.307  8.832  19.185 0.0000000000
99519  48.044  7.019  18.014 0.0000000000
99500  48.157  8.057  19.032 0.0000000000
99510  47.843  7.370  18.760 0.0000000000
98648  47.398  7.072  19.232 0.0000000000
98656  47.438  6.624  18.583 0.0000000000
97830  46.399  5.619  18.445 0.0000000000
98657  47.098  6.027  18.034 0.0000000000
97845  45.449  5.298  15.932 0.0000000000
104030  54.011  13.864  31.870 0.0000000000
101831  54.576  10.622  29.213 0.0000000000
102570  55.091  10.848  29.834 0.0000000000
102569  56.145  10.863  29.788 0.0000000000
101830  55.718  10.599  29.241 0.0000000000
101105  52.194  9.446  26.188 0.0000000000
101094  52.937  9.697  26.834 0.0000000000
101104  53.249  9.557  25.939 0.0000000000
101110  54.903  9.176  24.938 0.0000000000
101103  54.298  9.439  25.798 0.0000000000
101102  55.483  9.391  25.643 0.0000000000
101091  56.430  9.595  26.253 0.0000000000
142372  56.024  9.346  24.861 0.0000000000
101101  56.904  9.658  25.333 0.0000000000
100345  56.014  8.567  21.300 0.0000000000
101133  56.943  8.826  21.798 0.0000000000
100344  57.032  8.859  20.834 0.0000000000
101139  57.274  9.310  20.782 0.0000000000
100370  55.924  8.666  19.756 0.0000000000
96927  47.782  3.817  20.249 0.0000000000
96926  48.370  4.573  20.714 0.0000000000
97829  48.919  5.376  18.714 0.0000000000
97821  48.804  5.211  19.454 0.0000000000
97820  49.646  5.595  19.374 0.0000000000
98639  50.510  6.160  20.330 0.0000000000
97819  50.459  6.077  18.746 0.0000000000
96979  47.706  4.209  14.775 0.0000000000
96978  48.135  4.702  15.601 0.0000000000
97849  48.711  5.526  15.216 0.0000000000
98674  50.472  6.330  15.810 0.0000000000
98664  50.552  6.223  16.760 0.0000000000
145226  51.201  6.297  18.278 0.0000000000
98654  52.193  6.552  18.115 0.0000000000
98645  53.018  7.160  18.296 0.0000000000
98662  52.497  6.912  17.009 0.0000000000
152237  53.826  7.942  16.133 0.0000000000
99516  54.064  7.873  16.757 0.0000000000
100386  54.945  8.360  18.245 0.0000000000
99515  54.255  8.121  17.088 0.0000000000
100388  54.050  8.571  17.428 0.0000000000
100403  53.480  8.222  15.749 0.0000000000
100419  50.660  9.133  12.486 0.0000000000
99534  51.804  8.748  14.182 0.0000000000
99544  50.072  8.511  13.836 0.0000000000
99535  50.564  8.487  14.667 0.0000000000
97882  47.924  7.102  9.907 0.0000000000
99563  47.992  7.791  10.130 0.0000000000
98717  47.540  7.162  10.373 0.0000000000
98704  46.058  6.503  12.196 0.0000000000
98703  46.495  7.124  12.343 0.0000000000
98694  47.262  7.253  13.800 0.0000000000
98695  46.383  6.865  13.485 0.0000000000
97858  45.644  6.144  14.293 0.0000000000
133828  44.989  5.734  13.754 0.0000000000
95224  43.838  3.119  13.982 0.0000000000
96994  43.437  4.343  13.697 0.0000000000
93294  47.529  0.818  14.450 0.0000000000
151921  47.731  0.431  15.828 0.0000000000
101144  44.896  9.467  21.551 0.0000000000
101921  45.392  10.316  21.746 0.0000000000
101920  46.350  10.275  21.738 0.0000000000
103319  45.584  13.079  31.236 0.0000000000
104051  45.182  13.253  31.506 0.0000000000
103320  44.728  12.135  30.466 0.0000000000
102650  55.128  11.307  22.524 0.0000000000
101914  53.028  10.450  20.990 0.0000000000
101929  52.397  10.018  20.541 0.0000000000
144790  52.832  9.403  19.288 0.0000000000
101173  53.213  9.070  18.356 0.0000000000
99454  49.544  7.711  24.696 0.0000000000
98611  49.299  7.123  23.898 0.0000000000
98622  49.577  6.773  22.871 0.0000000000
138498  49.531  6.306  22.121 0.0000000000
95245  50.437  3.367  10.366 0.0000000000
96134  49.558  3.385  10.115 0.0000000000
96135  49.035  3.633  9.980 0.0000000000
97005  48.767  3.777  10.069 0.0000000000
96143  48.893  3.307  9.912 0.0000000000
95246  48.865  2.683  10.206 0.0000000000
94278  48.417  1.444  12.005 0.0000000000
94277  49.207  1.328  11.782 0.0000000000
93318  49.657  0.868  12.637 0.0000000000
93305  50.178  0.588  13.323 0.0000000000
151301  41.372  10.327  30.843 0.0000000000
101054  42.050  9.530  31.234 0.0000000000
102607  56.609  11.969  26.767 0.0000000000
102606  58.004  11.637  26.893 0.0000000000
102613  58.693  11.047  25.450 0.0000000000
102619  58.841  10.992  24.448 0.0000000000
93206  48.692  0.939  21.528 0.0000000000
94155  48.490  1.292  20.670 0.0000000000
94154  49.245  0.946  20.240 0.0000000000
93231  50.035  0.770  19.904 0.0000000000
131804  53.337  1.676  15.764 0.0000000000
143159  53.410  1.951  14.847 0.0000000000
95202  52.606  2.408  13.725 0.0000000000
143271  52.281  2.722  12.784 0.0000000000
95216  53.256  2.951  12.684 0.0000000000
95231  53.681  3.379  11.745 0.0000000000
150211  50.200  14.165  31.750 0.0000000000
103353  47.575  12.730  28.444 0.0000000000
103352  48.450  12.730  28.383 0.0000000000
103363  47.945  12.132  27.899 0.0000000000
102599  48.345  11.307  27.626 0.0000000000
149833  48.759  10.278  27.381 0.0000000000
101080  48.682  9.267  27.187 0.0000000000
130914  47.991  9.006  26.952 0.0000000000
99445  47.673  7.458  26.541 0.0000000000
152609  43.782  8.924  30.030 0.0000000000
100284  44.422  8.664  29.894 0.0000000000
95957  46.122  4.418  29.935 0.0000000000
96842  45.612  5.017  29.556 0.0000000000
96851  45.843  4.336  29.254 0.0000000000
96852  45.583  4.749  28.651 0.0000000000
96864  45.642  4.873  27.619 0.0000000000
97758  45.847  5.493  26.962 0.0000000000
96863  45.974  4.141  27.309 0.0000000000
141446  46.170  3.798  26.676 0.0000000000
95075  46.671  2.780  25.883 0.0000000000
95084  46.940  2.302  25.373 0.0000000000
95074  47.025  2.398  26.239 0.0000000000
149695  48.017  1.633  25.744 0.0000000000
94076  48.828  1.613  26.167 0.0000000000
95062  51.357  2.325  27.880 0.0000000000
141994  52.817  2.549  26.281 0.0000000000
102625  51.097  11.877  24.245 0.0000000000
103391  50.212  12.082  24.061 0.0000000000
103389  49.761  12.948  24.337 0.0000000000
140916  48.887  12.947  23.880 0.0000000000
103392  49.338  12.201  23.807 0.0000000000
101901  48.350  10.823  22.182 0.0000000000
101156  48.461  9.572  20.543 0.0000000000
100392  48.927  8.334  18.676 0.0000000000
97837  46.443  5.653  17.471 0.0000000000
98667  47.192  6.229  16.978 0.0000000000
97850  46.081  5.912  15.355 0.0000000000
103317  53.259  12.933  30.244 0.0000000000
103316  54.155  12.488  30.509 0.0000000000
103334  53.711  11.782  29.916 0.0000000000
102571  54.157  11.016  29.603 0.0000000000
101845  53.947  10.427  28.600 0.0000000000
100324  52.290  9.070  24.339 0.0000000000
101123  53.352  9.086  24.195 0.0000000000
101122  54.538  9.001  24.089 0.0000000000
101121  55.716  8.800  23.075 0.0000000000
100346  54.569  8.511  21.952 0.0000000000
100359  55.088  8.387  20.890 0.0000000000
96069  47.710  3.331  18.737 0.0000000000
96940  47.849  4.001  19.300 0.0000000000
96952  47.933  4.122  18.421 0.0000000000
96961  48.048  4.265  17.541 0.0000000000
144958  48.545  5.009  17.279 0.0000000000
148723  48.189  5.441  13.677 0.0000000000
98684  49.413  6.264  14.524 0.0000000000
98683  50.417  6.545  14.767 0.0000000000
98673  51.498  6.703  15.930 0.0000000000
98672  52.564  7.199  15.985 0.0000000000
98681  52.452  7.418  15.001 0.0000000000
98690  52.292  7.693  13.996 0.0000000000
135733  53.232  8.093  14.782 0.0000000000
100409  53.137  8.283  14.834 0.0000000000
99550  51.770  8.717  12.910 0.0000000000
100423  51.138  9.002  12.146 0.0000000000
100420  49.881  9.174  11.919 0.0000000000
96999  46.457  4.643  11.327 0.0000000000
97878  46.411  5.755  11.209 0.0000000000
97000  45.625  5.085  11.956 0.0000000000
96126  44.964  4.587  12.730 0.0000000000
97872  44.972  5.230  12.803 0.0000000000
97866  44.533  5.233  13.516 0.0000000000
96993  44.251  4.591  13.340 0.0000000000
102587  57.647  11.005  28.983 0.0000000000
99493  45.873  7.083  20.829 0.0000000000
148063  47.380  13.527  30.998 0.0000000000
104074  47.503  13.378  30.035 0.0000000000
136980  46.699  13.098  29.610 0.0000000000
104093  47.282  13.114  29.104 0.0000000000
103354  46.803  12.730  28.699 0.0000000000
102601  46.493  11.505  27.951 0.0000000000
101861  46.360  10.620  27.746 0.0000000000
99419  45.607  7.758  30.625 0.0000000000
99404  46.677  7.867  31.913 0.0000000000
97718  46.756  6.816  31.461 0.0000000000
146033  46.464  5.714  30.938 0.0000000000
96834  46.605  4.798  30.683 0.0000000000
96833  47.384  4.479  31.061 0.0000000000
95956  47.031  3.923  30.143 0.0000000000
95980  48.026  3.163  28.880 0.0000000000
95053  48.830  2.727  28.561 0.0000000000
103386  52.384  12.098  25.131 0.0000000000
102624  52.019  11.692  24.402 0.0000000000
102633  52.791  11.424  23.548 0.0000000000
102634  51.746  11.362  23.560 0.0000000000
101916  50.770  10.233  21.268 0.0000000000
101931  50.449  9.810  20.535 0.0000000000
101166  51.001  9.228  19.107 0.0000000000
100391  49.918  8.598  18.337 0.0000000000
99518  49.723  7.754  16.907 0.0000000000
99529  49.095  7.527  16.235 0.0000000000
101857  51.614  9.976  27.976 0.0000000000
101856  52.418  10.050  28.071 0.0000000000
101095  51.546  9.382  26.940 0.0000000000
100318  51.615  9.144  25.187 0.0000000000
99453  50.264  8.307  24.530 0.0000000000
100325  51.511  8.920  24.354 0.0000000000
100337  51.849  8.743  23.696 0.0000000000
99472  51.481  8.178  22.465 0.0000000000
99481  51.673  7.797  21.561 0.0000000000
95205  49.117  2.510  14.428 0.0000000000
95206  48.420  2.854  14.605 0.0000000000
96109  48.101  3.409  13.838 0.0000000000
96987  47.820  4.610  13.583 0.0000000000
96110  47.878  4.126  12.996 0.0000000000
97857  48.109  5.619  12.460 0.0000000000
98701  49.265  7.498  11.911 0.0000000000
98708  48.870  8.033  10.852 0.0000000000
98709  48.112  7.254  10.052 0.0000000000
97876  48.025  7.020  9.573 0.0000000000
130642  47.906  5.873  9.774 0.0000000000
96136  48.284  3.847  10.087 0.0000000000
96137  47.543  4.481  10.474 0.0000000000
97007  47.225  5.357  10.463 0.0000000000
96124  46.709  3.772  11.626 0.0000000000
94263  46.796  1.691  13.494 0.0000000000
128779  48.029  0.608  14.506 0.0000000000
93292  48.436  0.667  13.879 0.0000000000
103321  43.607  11.892  31.133 0.0000000000
141200  43.078  11.190  31.123 0.0000000000
100285  43.171  8.886  30.477 0.0000000000
138142  43.745  8.412  30.378 0.0000000000
102616  54.740  12.119  25.455 0.0000000000
102621  56.064  11.849  24.641 0.0000000000
102631  55.793  11.568  23.511 0.0000000000
101895  56.221  10.896  21.593 0.0000000000
136149  47.671  4.659  23.023 0.0000000000
96898  47.848  4.594  22.358 0.0000000000
140218  47.560  3.772  21.842 0.0000000000
96047  47.516  3.315  21.013 0.0000000000
144202  47.555  3.092  20.337 0.0000000000
94173  48.162  1.838  20.035 0.0000000000
148885  48.121  2.119  19.409 0.0000000000
95146  47.790  2.681  19.097 0.0000000000
95155  47.868  2.742  18.232 0.0000000000
95174  48.627  2.252  17.092 0.0000000000
133618  48.620  2.394  16.251 0.0000000000
93238  51.912  0.969  18.678 0.0000000000
94183  51.255  1.195  18.039 0.0000000000
94199  50.758  1.450  17.425 0.0000000000
94215  51.922  1.573  16.582 0.0000000000
94217  50.309  1.660  16.768 0.0000000000
94234  50.002  1.807  16.022 0.0000000000
95187  49.291  2.087  15.894 0.0000000000
134111  48.834  2.420  15.315 0.0000000000
150858  49.901  2.337  14.232 0.0000000000
95233  50.742  3.096  11.778 0.0000000000
95244  51.288  3.410  10.649 0.0000000000
96133  51.033  3.262  9.981 0.0000000000
94300  51.437  2.672  10.070 0.0000000000
94288  51.622  1.837  10.597 0.0000000000
94275  51.091  1.259  11.312 0.0000000000
144909  51.817  1.367  11.319 0.0000000000
93315  52.503  1.276  11.821 0.0000000000
104031  53.060  14.236  31.902 0.0000000000
103336  51.846  12.733  29.425 0.0000000000
102589  51.706  11.146  28.673 0.0000000000
151305  49.068  14.077  31.453 0.0000000000
104048  49.684  14.073  30.921 0.0000000000
104091  48.852  13.412  29.070 0.0000000000
104090  49.654  13.407  29.078 0.0000000000
104071  50.340  13.707  29.683 0.0000000000
103337  51.088  13.144  29.206 0.0000000000
101848  51.253  10.614  28.223 0.0000000000
100315  49.993  8.765  26.674 0.0000000000
100303  49.376  8.834  27.063 0.0000000000
99455  48.735  7.087  24.840 0.0000000000
97766  47.598  5.587  24.319 0.0000000000
102575  44.363  11.453  29.883 0.0000000000
101833  44.176  9.990  29.520 0.0000000000
135870  45.094  11.274  28.913 0.0000000000
101862  45.841  10.186  28.002 0.0000000000
134352  46.326  9.936  27.628 0.0000000000
99427  45.477  7.853  29.702 0.0000000000
99430  45.478  7.503  28.675 0.0000000000
100298  45.621  8.249  28.233 0.0000000000
100307  46.074  8.562  27.576 0.0000000000
101082  46.628  9.312  27.363 0.0000000000
100306  46.786  8.491  27.052 0.0000000000
99435  46.998  7.852  26.776 0.0000000000
98596  47.198  6.707  26.301 0.0000000000
98602  46.874  6.033  25.924 0.0000000000
98601  47.497  6.464  25.784 0.0000000000
98605  47.393  5.917  25.188 0.0000000000
96887  47.287  4.415  23.565 0.0000000000
96018  46.888  3.603  23.600 0.0000000000
95112  46.950  3.093  23.004 0.0000000000
94113  47.423  1.739  23.137 0.0000000000
95093  47.101  1.953  24.570 0.0000000000
140190  48.166  1.233  22.803 0.0000000000
93191  48.941  0.773  22.429 0.0000000000
93190  49.937  0.546  22.451 0.0000000000
93189  50.775  0.599  22.472 0.0000000000
95065  48.434  2.335  27.642 0.0000000000
94064  49.062  1.892  27.061 0.0000000000
94075  49.773  1.625  26.483 0.0000000000
94074  50.660  1.816  26.728 0.0000000000
94088  50.457  1.563  25.880 0.0000000000
128159  50.303  1.230  24.924 0.0000000000
94100  50.604  1.035  24.129 0.0000000000
93179  51.387  0.784  22.960 0.0000000000
129647  41.429  10.982  30.595 0.0000000000
101824  38.877  10.176  30.159 0.0000000000
101055  39.479  9.565  30.666 0.0000000000
100277  39.543  8.230  31.358 0.0000000000
104863  48.776  15.011  22.853 0.0000000000
104116  48.481  13.724  23.611 0.0000000000
104857  48.003  14.422  23.073 0.0000000000
102658  46.456  11.720  22.482 0.0000000000
101142  46.720  9.545  21.370 0.0000000000
101919  47.360  10.206  21.545 0.0000000000
100374  46.693  8.306  20.787 0.0000000000
99502  47.082  7.158  19.906 0.0000000000
100382  47.802  8.389  19.749 0.0000000000
98649  46.965  6.494  19.402 0.0000000000
103315  55.066  12.274  30.866 0.0000000000
102554  56.500  11.352  30.261 0.0000000000
101829  56.938  10.633  29.137 0.0000000000
101852  57.375  9.946  27.639 0.0000000000
101076  52.701  9.845  27.533 0.0000000000
101855  53.291  10.156  28.032 0.0000000000
101854  54.293  10.141  27.998 0.0000000000
101093  53.889  9.752  26.642 0.0000000000
101074  54.665  9.912  27.274 0.0000000000
101853  55.634  10.088  27.886 0.0000000000
101090  58.042  9.861  25.972 0.0000000000
101100  58.211  9.993  25.005 0.0000000000
101119  58.279  10.283  23.267 0.0000000000
101120  57.292  9.374  22.868 0.0000000000
101131  57.908  9.999  22.388 0.0000000000
101138  57.589  9.736  21.569 0.0000000000
101149  56.642  9.621  20.347 0.0000000000
101150  56.106  9.220  19.835 0.0000000000
97784  48.493  5.292  22.184 0.0000000000
97783  49.220  5.722  21.771 0.0000000000
97800  49.519  5.576  20.991 0.0000000000
96939  48.333  4.645  19.844 0.0000000000
97813  49.044  5.253  20.286 0.0000000000
98640  50.021  5.965  20.806 0.0000000000
135715  50.394  6.476  21.069 0.0000000000
98638  51.119  6.694  20.504 0.0000000000
130979  51.814  7.410  20.652 0.0000000000
141858  47.797  3.698  15.835 0.0000000000
146683  49.104  5.489  17.104 0.0000000000
139077  49.635  5.857  16.543 0.0000000000
97835  49.730  5.842  17.414 0.0000000000
98647  51.262  6.296  18.960 0.0000000000
99490  51.928  6.989  19.827 0.0000000000
99489  52.840  7.437  19.990 0.0000000000
141065  53.967  7.678  19.184 0.0000000000
99488  54.760  8.087  19.620 0.0000000000
98661  53.308  7.334  17.282 0.0000000000
99497  54.586  7.778  18.236 0.0000000000
150145  55.414  8.410  19.465 0.0000000000
100378  55.400  8.526  19.095 0.0000000000
101162  55.655  9.004  19.251 0.0000000000
101163  54.987  9.187  18.899 0.0000000000
100389  53.028  8.736  17.388 0.0000000000
150997  52.528  8.499  14.704 0.0000000000
100405  51.694  8.575  15.465 0.0000000000
100396  51.523  8.522  16.631 0.0000000000
99536  49.516  7.864  15.061 0.0000000000
99558  49.095  8.275  11.152 0.0000000000
99552  48.988  8.652  11.536 0.0000000000
98710  46.904  7.234  11.244 0.0000000000
148305  47.989  8.248  11.581 0.0000000000
99553  48.106  7.966  12.668 0.0000000000
99546  48.169  7.687  14.028 0.0000000000
98685  47.493  6.967  15.020 0.0000000000
97867  43.709  4.864  13.852 0.0000000000
97859  44.192  5.316  14.123 0.0000000000
93304  51.083  0.715  13.124 0.0000000000
93220  49.834  0.535  20.777 0.0000000000
93221  49.101  0.723  20.947 0.0000000000
93230  51.511  0.753  19.354 0.0000000000
93239  51.022  0.951  18.796 0.0000000000
93277  47.477  0.607  15.275 0.0000000000
94062  50.822  2.067  27.423 0.0000000000
94077  47.413  1.976  25.857 0.0000000000
94087  51.799  1.983  25.659 0.0000000000
94089  49.566  1.379  25.608 0.0000000000
94102  48.437  1.222  24.581 0.0000000000
94112  48.029  1.236  23.741 0.0000000000
94122  47.734  1.620  22.219 0.0000000000
94140  47.500  2.005  21.549 0.0000000000
94170  50.199  1.043  19.044 0.0000000000
94185  48.746  1.852  18.343 0.0000000000
94198  51.531  1.409  17.327 0.0000000000
94214  52.918  1.491  16.649 0.0000000000
94216  51.099  1.576  16.700 0.0000000000
94248  52.812  2.103  14.498 0.0000000000
94299  52.543  2.879  10.384 0.0000000000
95054  47.868  2.820  28.105 0.0000000000
95071  52.589  2.608  27.018 0.0000000000
95083  52.090  2.306  26.258 0.0000000000
95111  47.008  2.411  23.084 0.0000000000
95164  48.405  2.247  17.876 0.0000000000
95186  49.767  2.099  15.135 0.0000000000
95251  53.102  2.919  10.471 0.0000000000
96002  46.406  3.488  25.816 0.0000000000
96027  47.359  3.898  22.834 0.0000000000
96079  47.814  3.426  17.845 0.0000000000
96104  47.691  3.942  14.063 0.0000000000
96119  53.065  3.328  11.085 0.0000000000
96141  50.149  3.183  9.609 0.0000000000
96142  49.419  3.217  9.759 0.0000000000
96880  47.278  4.899  24.093 0.0000000000
96912  47.849  3.981  21.069 0.0000000000
96960  48.431  4.871  18.144 0.0000000000
97008  46.366  5.183  11.260 0.0000000000
97785  48.022  5.115  22.817 0.0000000000
97811  50.498  6.009  19.594 0.0000000000
97828  49.719  5.769  18.335 0.0000000000
97864  48.483  6.949  11.375 0.0000000000
98598  45.777  6.127  27.183 0.0000000000
98633  49.789  6.140  21.453 0.0000000000
98655  51.616  6.417  17.643 0.0000000000
98696  45.692  6.426  13.178 0.0000000000
98711  46.593  6.557  11.210 0.0000000000
98715  48.116  7.872  10.281 0.0000000000
98721  48.005  7.455  9.950 0.0000000000
99487  55.047  8.070  18.908 0.0000000000
99499  52.898  7.209  19.147 0.0000000000
99506  54.575  7.947  17.545 0.0000000000
99507  54.060  7.602  17.675 0.0000000000
99514  54.702  8.135  17.706 0.0000000000
99524  53.863  8.012  16.244 0.0000000000
99526  53.314  7.818  15.164 0.0000000000
99532  52.780  8.283  14.226 0.0000000000
99533  53.006  7.962  14.294 0.0000000000
99542  52.266  8.285  13.525 0.0000000000
99551  51.009  8.604  11.895 0.0000000000
99554  47.426  7.751  11.373 0.0000000000
99564  47.783  7.726  10.403 0.0000000000
100320  49.865  8.414  25.988 0.0000000000
100336  52.818  8.841  23.461 0.0000000000
100338  50.953  8.580  23.870 0.0000000000
100349  51.410  8.435  23.206 0.0000000000
100357  56.610  9.012  20.123 0.0000000000
100358  56.167  8.685  20.371 0.0000000000
100381  48.492  8.660  19.410 0.0000000000
100387  54.567  8.347  17.656 0.0000000000
100394  53.754  8.339  16.598 0.0000000000
100404  52.692  8.531  15.534 0.0000000000
100410  52.600  8.470  14.211 0.0000000000
100411  51.042  8.916  13.532 0.0000000000
100417  52.201  8.591  13.600 0.0000000000
100424  50.501  9.200  11.797 0.0000000000
100428  50.010  9.044  11.552 0.0000000000
101046  41.240  9.620  31.110 0.0000000000
101048  39.792  8.950  31.159 0.0000000000
101073  56.069  9.720  27.110 0.0000000000
101077  51.914  9.692  27.575 0.0000000000
101096  50.763  9.143  26.817 0.0000000000
101107  58.568  10.547  24.272 0.0000000000
101132  57.701  9.029  21.221 0.0000000000
101151  55.321  9.453  19.526 0.0000000000
101153  52.107  9.605  19.946 0.0000000000
101171  55.171  8.746  18.757 0.0000000000
101832  53.756  10.696  29.073 0.0000000000
101859  49.846  10.260  27.587 0.0000000000
101868  58.323  9.975  26.819 0.0000000000
101874  58.687  10.532  25.184 0.0000000000
101882  58.310  10.692  22.858 0.0000000000
101893  57.828  10.418  22.263 0.0000000000
101911  57.100  10.155  20.949 0.0000000000
101918  48.235  10.447  21.613 0.0000000000
102568  57.121  11.065  29.589 0.0000000000
102573  52.217  11.645  29.154 0.0000000000
102620  57.932  11.488  24.806 0.0000000000
102629  58.419  11.066  23.085 0.0000000000
103359  57.730  11.332  28.528 0.0000000000
104044  54.444  13.108  31.130 0.0000000000
104046  52.710  13.936  30.876 0.0000000000
104855  49.653  15.114  23.268 0.0000000000
128123  50.264  9.427  19.785 0.0000000000
128250  48.973  8.485  12.797 0.0000000000
128793  51.154  1.609  25.362 0.0000000000
130255  51.980  1.452  24.209 0.0000000000
130674  45.560  7.066  27.963 0.0000000000
134785  48.689  5.849  14.148 0.0000000000
136383  47.379  1.700  23.953 0.0000000000
136912  47.322  9.075  27.060 0.0000000000
137602  47.747  2.504  20.015 0.0000000000
138772  48.023  1.427  25.100 0.0000000000
139300  46.858  13.669  31.434 0.0000000000
139458  45.405  5.615  15.081 0.0000000000
142759  48.719  1.459  19.834 0.0000000000
144347  47.158  2.719  22.530 0.0000000000
144440  53.749  7.819  20.046 0.0000000000
146717  46.630  3.323  24.204 0.0000000000
146834  48.290  1.196  22.084 0.0000000000
149209  50.697  1.697  16.177 0.0000000000
149365  47.044  2.575  26.983 0.0000000000
150097  51.068  13.897  24.851 0.0000000000
150811  48.408  1.784  19.590 0.0000000000
152446  46.662  2.932  27.179 0.0000000000
153022  51.903  1.234  17.899 0.0000000000
153787  46.612  2.896  25.307 0.0000000000
154736  48.350  2.585  16.771 0.0000000000
