#!ascii label  , from subject sub001 vox2ras=TkReg
1197
107925  51.383  17.968  17.289 0.0000000000
111585  53.049  23.701  11.405 0.0000000000
107197  57.841  17.366  21.767 0.0000000000
128937  46.113  16.115  17.228 0.0000000000
104898  48.283  14.100  17.102 0.0000000000
107283  49.957  17.325  9.584 0.0000000000
112968  48.438  24.835  16.748 0.0000000000
113023  45.395  26.059  12.807 0.0000000000
107134  56.491  17.428  27.502 0.0000000000
104100  53.567  13.600  26.591 0.0000000000
107262  55.070  17.866  12.092 0.0000000000
104910  55.891  14.544  16.033 0.0000000000
109427  54.546  20.111  16.135 0.0000000000
130077  53.583  21.448  22.099 0.0000000000
116131  49.079  31.312  12.718 0.0000000000
109515  49.126  19.965  8.576 0.0000000000
128832  51.685  16.080  21.941 0.0000000000
106508  48.890  16.672  17.231 0.0000000000
105769  46.716  14.342  14.500 0.0000000000
105757  50.525  14.713  14.164 0.0000000000
108706  50.792  19.729  13.445 0.0000000000
108685  49.903  19.863  16.969 0.0000000000
113747  45.223  26.510  17.775 0.0000000000
107092  55.955  17.835  30.645 0.0000000000
154180  58.220  14.495  29.736 0.0000000000
104027  56.633  13.248  31.731 0.0000000000
115650  49.777  30.292  8.805 0.0000000000
109487  54.095  20.818  10.809 0.0000000000
108696  56.198  19.281  14.177 0.0000000000
135741  53.535  21.265  13.729 0.0000000000
114394  54.388  27.689  18.569 0.0000000000
111493  52.945  23.545  19.089 0.0000000000
112185  54.078  24.225  20.458 0.0000000000
110832  55.634  23.513  23.945 0.0000000000
111573  48.848  23.206  12.721 0.0000000000
110934  47.410  22.716  10.285 0.0000000000
110269  51.052  21.595  10.694 0.0000000000
108748  53.398  19.196  8.775 0.0000000000
105696  57.097  16.005  18.810 0.0000000000
105700  53.610  16.025  19.017 0.0000000000
105665  55.214  15.847  21.467 0.0000000000
104901  45.502  14.067  17.800 0.0000000000
105688  46.532  14.858  20.672 0.0000000000
107324  48.835  17.797  5.671 0.0000000000
108005  46.688  18.386  9.761 0.0000000000
112253  50.861  25.141  13.827 0.0000000000
112251  53.353  25.601  13.373 0.0000000000
117656  43.243  33.497  17.451 0.0000000000
116116  46.351  30.588  16.027 0.0000000000
112257  46.679  24.907  14.437 0.0000000000
107167  57.527  17.370  24.457 0.0000000000
105621  57.062  15.700  24.601 0.0000000000
105599  57.215  15.470  27.413 0.0000000000
102607  56.609  11.969  26.767 0.0000000000
107956  52.958  18.889  14.894 0.0000000000
106517  53.390  15.587  15.846 0.0000000000
107241  56.626  17.318  15.131 0.0000000000
107933  57.507  17.415  15.914 0.0000000000
107903  56.678  18.100  18.947 0.0000000000
110880  51.546  22.917  16.034 0.0000000000
108662  52.952  19.831  19.072 0.0000000000
107885  54.753  18.501  21.777 0.0000000000
108610  54.606  19.771  25.012 0.0000000000
109316  56.521  21.535  27.987 0.0000000000
117170  50.840  33.215  12.828 0.0000000000
114451  50.180  28.050  8.928 0.0000000000
113061  48.296  25.474  9.190 0.0000000000
132367  49.576  22.057  5.834 0.0000000000
107310  50.960  16.821  7.589 0.0000000000
107992  52.572  17.785  10.448 0.0000000000
105738  51.793  14.128  16.478 0.0000000000
105704  49.521  15.409  19.529 0.0000000000
104857  48.003  14.422  23.073 0.0000000000
138531  52.654  15.491  24.655 0.0000000000
107226  50.435  17.267  17.395 0.0000000000
137612  49.309  16.211  16.311 0.0000000000
106506  51.226  16.543  16.616 0.0000000000
108692  51.658  19.513  15.619 0.0000000000
109439  50.315  20.221  15.298 0.0000000000
108674  50.345  19.114  17.533 0.0000000000
107916  49.296  18.110  18.310 0.0000000000
107093  55.571  17.617  31.078 0.0000000000
105557  56.772  15.463  31.469 0.0000000000
105550  55.458  15.269  33.185 0.0000000000
104123  44.845  12.989  22.059 0.0000000000
110909  53.278  22.629  11.278 0.0000000000
109475  54.097  20.777  12.433 0.0000000000
110900  53.331  22.703  11.744 0.0000000000
114971  54.012  28.754  20.365 0.0000000000
112934  53.660  26.015  18.934 0.0000000000
111571  51.374  23.800  12.226 0.0000000000
110259  50.148  21.942  11.260 0.0000000000
110932  52.142  22.347  11.014 0.0000000000
110267  53.126  21.674  10.499 0.0000000000
105678  57.938  16.095  20.206 0.0000000000
105680  56.874  15.869  20.716 0.0000000000
105664  57.004  15.928  21.729 0.0000000000
106498  44.748  16.061  17.777 0.0000000000
105742  45.079  14.931  15.926 0.0000000000
104933  48.023  13.696  14.926 0.0000000000
104935  46.033  13.569  15.535 0.0000000000
104900  46.454  14.101  17.507 0.0000000000
104890  46.161  14.375  18.784 0.0000000000
104889  47.047  14.469  18.533 0.0000000000
140483  48.819  16.746  8.245 0.0000000000
108014  47.536  17.717  7.975 0.0000000000
107996  48.185  17.926  10.203 0.0000000000
151626  46.940  17.041  18.534 0.0000000000
106486  45.855  16.810  18.717 0.0000000000
112981  50.006  25.037  15.533 0.0000000000
112980  50.973  25.902  14.974 0.0000000000
112953  50.270  25.608  17.027 0.0000000000
112956  46.822  25.041  17.643 0.0000000000
112226  46.070  25.149  16.320 0.0000000000
112224  47.796  24.667  15.968 0.0000000000
112255  48.639  24.569  14.416 0.0000000000
107160  56.240  17.604  25.833 0.0000000000
106438  58.273  16.568  26.060 0.0000000000
153102  58.171  16.549  27.109 0.0000000000
103347  58.080  12.007  29.388 0.0000000000
104089  56.995  13.318  28.643 0.0000000000
102596  58.026  11.101  27.616 0.0000000000
107966  54.625  18.028  12.722 0.0000000000
107947  54.676  18.073  15.399 0.0000000000
107250  55.722  17.996  13.836 0.0000000000
108690  55.726  19.739  15.327 0.0000000000
108679  56.837  18.668  15.272 0.0000000000
107935  56.622  18.810  16.028 0.0000000000
107913  56.853  18.163  17.758 0.0000000000
108659  55.080  19.228  17.476 0.0000000000
112978  53.616  26.460  14.745 0.0000000000
111529  51.763  23.713  15.220 0.0000000000
149366  52.019  24.599  16.243 0.0000000000
110848  53.059  22.556  20.315 0.0000000000
110178  51.791  21.939  19.101 0.0000000000
108641  52.785  20.557  20.878 0.0000000000
107896  53.562  19.183  20.856 0.0000000000
108634  53.500  19.834  22.338 0.0000000000
149756  54.414  18.867  23.427 0.0000000000
109368  54.341  21.329  23.249 0.0000000000
111432  55.289  24.029  25.325 0.0000000000
110809  56.129  22.804  25.721 0.0000000000
116651  50.427  32.476  13.019 0.0000000000
150175  50.354  30.715  10.423 0.0000000000
115622  49.136  29.767  10.935 0.0000000000
115020  45.020  28.306  13.541 0.0000000000
134158  46.374  29.693  14.283 0.0000000000
114427  45.510  27.234  11.871 0.0000000000
110278  48.313  21.381  9.384 0.0000000000
112321  47.257  24.117  9.499 0.0000000000
110950  47.974  22.209  8.079 0.0000000000
111620  49.049  23.791  7.562 0.0000000000
109522  48.673  20.670  7.526 0.0000000000
108767  49.572  19.149  6.514 0.0000000000
108759  49.706  19.290  7.890 0.0000000000
108746  54.362  18.349  9.854 0.0000000000
107290  53.475  17.748  9.770 0.0000000000
107271  54.418  17.930  11.011 0.0000000000
107968  53.038  18.644  12.296 0.0000000000
106516  54.708  14.997  15.770 0.0000000000
148566  53.367  14.052  14.270 0.0000000000
104927  53.960  14.518  15.921 0.0000000000
148290  52.355  16.270  20.209 0.0000000000
128824  51.709  16.128  19.483 0.0000000000
128830  50.690  16.024  20.895 0.0000000000
105671  49.194  15.569  21.485 0.0000000000
128301  49.415  15.487  22.447 0.0000000000
130423  55.065  15.387  26.279 0.0000000000
105623  54.431  15.639  24.711 0.0000000000
104837  53.073  14.904  25.796 0.0000000000
106509  47.726  16.179  16.698 0.0000000000
105741  46.290  15.521  16.047 0.0000000000
106521  48.130  15.419  15.430 0.0000000000
105759  48.650  14.748  14.741 0.0000000000
104932  48.934  14.053  15.041 0.0000000000
108728  50.126  19.184  11.751 0.0000000000
130564  48.066  17.312  18.282 0.0000000000
107113  56.502  17.296  28.972 0.0000000000
106409  57.731  16.295  28.444 0.0000000000
106369  57.384  16.013  29.819 0.0000000000
104792  57.952  13.905  30.453 0.0000000000
108726  55.082  19.154  11.093 0.0000000000
107965  55.569  18.338  12.413 0.0000000000
109473  55.421  19.557  12.747 0.0000000000
109449  54.905  20.341  14.070 0.0000000000
154755  53.945  20.725  14.962 0.0000000000
113744  54.409  27.329  17.063 0.0000000000
154421  53.404  25.416  17.387 0.0000000000
112940  53.908  25.952  18.298 0.0000000000
112189  53.850  24.404  19.543 0.0000000000
110837  54.408  23.166  21.322 0.0000000000
110835  55.074  22.879  22.541 0.0000000000
112178  54.550  23.902  22.124 0.0000000000
112158  54.107  24.283  23.689 0.0000000000
112142  53.272  24.248  24.361 0.0000000000
116646  48.705  31.959  15.093 0.0000000000
111575  46.447  24.323  12.284 0.0000000000
112301  46.230  24.688  11.510 0.0000000000
110914  47.665  22.594  11.155 0.0000000000
110271  48.633  21.541  10.232 0.0000000000
109508  49.582  20.413  9.444 0.0000000000
108750  51.205  19.523  8.859 0.0000000000
109506  51.942  20.189  9.435 0.0000000000
109503  54.358  19.359  9.757 0.0000000000
105715  56.877  15.492  17.466 0.0000000000
105718  54.066  15.405  17.905 0.0000000000
105698  55.621  15.808  18.727 0.0000000000
105682  54.731  16.020  20.687 0.0000000000
105667  53.251  16.116  21.544 0.0000000000
103378  53.825  12.544  25.981 0.0000000000
103379  52.854  12.738  25.707 0.0000000000
104148  43.130  13.029  17.126 0.0000000000
105770  45.824  14.048  14.648 0.0000000000
104154  45.149  13.538  16.142 0.0000000000
104147  43.873  13.304  17.703 0.0000000000
154119  44.166  14.096  19.743 0.0000000000
104876  44.655  14.036  21.103 0.0000000000
104865  45.828  14.176  22.203 0.0000000000
154146  47.726  18.699  5.432 0.0000000000
108022  47.019  18.619  7.537 0.0000000000
112289  52.055  24.767  12.262 0.0000000000
112287  53.339  25.183  11.973 0.0000000000
113007  53.039  26.254  12.821 0.0000000000
113764  53.165  27.123  13.803 0.0000000000
113751  53.432  27.735  15.007 0.0000000000
115003  54.040  29.028  16.856 0.0000000000
114996  54.349  29.349  18.443 0.0000000000
117154  44.976  31.894  16.544 0.0000000000
139588  46.072  29.178  15.689 0.0000000000
113766  44.687  27.019  14.497 0.0000000000
113009  46.226  25.175  13.711 0.0000000000
112275  47.485  24.268  13.556 0.0000000000
111555  49.548  23.782  13.297 0.0000000000
107174  57.880  17.374  23.125 0.0000000000
105632  57.527  16.175  23.300 0.0000000000
105608  57.931  16.442  24.923 0.0000000000
105604  57.247  15.636  26.440 0.0000000000
104832  54.958  14.974  26.996 0.0000000000
104826  58.150  15.339  28.741 0.0000000000
104097  55.783  13.838  28.075 0.0000000000
104099  54.446  13.471  27.177 0.0000000000
108682  52.205  18.960  16.183 0.0000000000
107924  52.128  17.559  16.899 0.0000000000
107937  53.548  17.796  16.371 0.0000000000
107232  54.990  16.767  15.976 0.0000000000
147044  56.460  15.535  15.553 0.0000000000
107254  56.367  18.201  14.015 0.0000000000
107240  57.243  17.116  15.315 0.0000000000
105749  57.528  15.606  15.840 0.0000000000
106504  57.716  16.017  17.209 0.0000000000
107212  57.693  17.203  19.176 0.0000000000
107206  57.323  17.736  20.582 0.0000000000
110894  52.746  23.354  13.091 0.0000000000
110226  52.579  21.661  14.915 0.0000000000
109429  52.635  21.117  16.419 0.0000000000
111515  51.677  23.533  17.541 0.0000000000
110189  51.834  21.334  18.301 0.0000000000
108672  54.017  19.681  17.593 0.0000000000
108650  53.871  19.175  19.176 0.0000000000
135548  55.348  18.394  20.162 0.0000000000
107873  56.749  17.817  22.158 0.0000000000
107860  56.239  17.834  23.120 0.0000000000
107852  55.227  18.355  25.168 0.0000000000
140630  55.432  19.586  26.670 0.0000000000
110135  55.500  21.862  24.578 0.0000000000
109349  55.866  21.379  26.028 0.0000000000
108581  56.142  19.538  28.063 0.0000000000
133084  56.278  19.807  29.285 0.0000000000
116676  50.357  31.856  10.579 0.0000000000
115649  50.339  29.407  8.825 0.0000000000
113826  50.205  26.709  7.316 0.0000000000
113788  46.479  25.934  10.800 0.0000000000
115030  48.361  28.807  10.884 0.0000000000
113804  49.388  26.803  8.982 0.0000000000
112327  50.046  25.282  7.342 0.0000000000
111638  50.050  23.818  5.925 0.0000000000
109532  49.356  20.288  4.989 0.0000000000
106587  49.875  16.584  7.058 0.0000000000
106565  50.432  16.636  8.609 0.0000000000
108012  52.023  17.851  8.170 0.0000000000
148601  51.761  16.948  9.105 0.0000000000
107993  51.470  17.776  10.376 0.0000000000
107969  52.067  18.961  11.974 0.0000000000
108697  52.438  19.138  14.303 0.0000000000
106518  52.024  15.338  15.206 0.0000000000
104930  50.877  13.680  14.451 0.0000000000
105740  50.016  14.319  16.975 0.0000000000
148087  53.047  15.440  18.131 0.0000000000
105721  50.568  14.978  17.985 0.0000000000
105723  48.691  14.731  18.217 0.0000000000
140796  48.095  15.102  20.143 0.0000000000
105673  47.504  14.973  21.732 0.0000000000
105634  56.005  15.605  23.272 0.0000000000
105635  53.445  15.794  23.158 0.0000000000
105636  51.856  15.875  23.374 0.0000000000
104106  51.675  13.947  25.343 0.0000000000
105638  50.565  15.398  23.443 0.0000000000
104029  55.004  13.320  31.836 0.0000000000
102555  55.528  11.340  30.341 0.0000000000
130365  51.047  17.510  17.310 0.0000000000
108683  51.446  19.298  16.469 0.0000000000
108673  51.091  18.795  17.202 0.0000000000
107926  50.629  18.162  17.712 0.0000000000
106345  55.243  16.278  32.640 0.0000000000
110922  53.025  23.042  11.341 0.0000000000
110910  53.111  23.508  11.460 0.0000000000
111587  51.971  23.555  11.716 0.0000000000
110924  51.983  22.940  11.468 0.0000000000
110923  52.870  23.128  11.311 0.0000000000
110931  52.946  22.502  10.886 0.0000000000
107196  58.120  17.094  21.229 0.0000000000
105662  58.074  16.075  21.003 0.0000000000
105645  57.950  16.336  21.896 0.0000000000
106510  45.430  15.679  16.866 0.0000000000
105725  44.481  15.296  16.813 0.0000000000
104917  47.789  13.630  15.791 0.0000000000
104899  47.406  14.069  17.248 0.0000000000
105724  47.891  14.551  18.334 0.0000000000
107294  49.672  16.911  8.969 0.0000000000
107295  48.707  17.054  8.901 0.0000000000
107284  48.881  17.391  9.524 0.0000000000
106496  46.478  16.618  18.145 0.0000000000
106497  45.607  16.380  17.989 0.0000000000
112967  49.592  25.036  16.497 0.0000000000
112954  49.111  25.159  17.594 0.0000000000
112955  47.923  24.899  17.689 0.0000000000
112213  47.371  24.814  16.837 0.0000000000
112982  48.879  24.785  15.805 0.0000000000
107135  55.890  17.890  26.876 0.0000000000
107146  56.952  17.250  26.637 0.0000000000
107133  57.953  16.711  27.119 0.0000000000
103359  57.730  11.332  28.528 0.0000000000
155000  54.989  18.085  13.562 0.0000000000
107256  55.385  17.981  12.970 0.0000000000
108681  55.379  19.724  15.983 0.0000000000
108680  56.179  19.312  15.691 0.0000000000
108670  55.857  19.203  16.618 0.0000000000
108671  54.826  19.658  16.751 0.0000000000
112964  54.042  27.058  15.439 0.0000000000
112223  52.683  25.427  15.637 0.0000000000
112965  53.401  26.127  15.866 0.0000000000
110167  53.516  22.467  21.093 0.0000000000
110168  52.671  21.637  20.702 0.0000000000
109383  53.203  21.523  21.460 0.0000000000
109382  53.215  20.632  21.813 0.0000000000
109372  53.640  20.876  22.602 0.0000000000
110810  54.922  23.623  25.868 0.0000000000
117166  49.505  32.123  14.116 0.0000000000
117159  50.064  32.888  15.041 0.0000000000
116658  49.871  31.528  11.948 0.0000000000
115615  48.974  30.358  11.541 0.0000000000
113773  44.878  26.889  13.118 0.0000000000
114420  45.049  27.741  12.628 0.0000000000
113772  45.178  26.823  12.440 0.0000000000
109509  48.672  20.646  9.024 0.0000000000
110279  47.857  22.028  8.955 0.0000000000
110285  48.288  21.255  8.378 0.0000000000
110291  48.491  21.583  7.372 0.0000000000
109516  48.652  20.465  8.261 0.0000000000
139039  49.018  19.898  7.650 0.0000000000
107277  54.759  17.924  11.231 0.0000000000
107278  54.502  18.003  10.874 0.0000000000
107263  54.595  17.930  11.695 0.0000000000
153863  53.978  18.187  12.212 0.0000000000
105752  55.402  14.682  15.885 0.0000000000
104911  55.058  14.587  16.154 0.0000000000
105668  52.231  16.230  21.177 0.0000000000
105669  51.527  16.223  20.484 0.0000000000
128831  50.892  15.970  21.879 0.0000000000
105670  50.056  15.808  21.742 0.0000000000
105653  50.267  15.692  22.656 0.0000000000
105605  54.246  15.112  26.389 0.0000000000
151402  53.689  15.215  25.902 0.0000000000
104834  53.521  14.574  26.379 0.0000000000
106495  48.235  16.694  17.536 0.0000000000
141086  48.527  16.149  16.411 0.0000000000
106520  49.833  15.508  15.073 0.0000000000
144588  48.997  15.425  15.175 0.0000000000
105758  49.602  14.808  14.498 0.0000000000
104945  49.348  14.410  14.642 0.0000000000
108715  50.430  19.516  12.579 0.0000000000
109430  50.171  20.149  16.161 0.0000000000
109440  49.604  20.434  15.586 0.0000000000
154410  49.434  17.623  18.065 0.0000000000
107220  48.860  17.361  18.068 0.0000000000
107098  56.200  17.975  29.956 0.0000000000
106388  56.887  16.574  29.414 0.0000000000
106370  56.481  16.802  30.487 0.0000000000
104769  56.495  14.088  32.214 0.0000000000
104782  57.235  13.992  31.280 0.0000000000
104026  57.505  13.148  30.895 0.0000000000
132646  57.722  12.308  30.434 0.0000000000
103313  56.836  11.964  30.728 0.0000000000
116677  49.699  31.977  10.231 0.0000000000
116665  49.109  32.304  10.750 0.0000000000
109485  55.247  19.372  11.912 0.0000000000
109486  54.663  20.083  11.308 0.0000000000
134696  53.472  21.529  12.661 0.0000000000
109464  54.191  20.748  13.438 0.0000000000
109450  54.149  20.761  14.307 0.0000000000
110235  53.386  21.171  14.573 0.0000000000
113735  54.531  27.853  17.715 0.0000000000
113736  54.332  26.916  17.962 0.0000000000
139017  54.054  26.678  18.512 0.0000000000
112929  53.672  24.977  19.462 0.0000000000
111482  54.189  23.925  20.113 0.0000000000
111481  54.344  23.737  20.979 0.0000000000
111478  54.623  23.636  21.745 0.0000000000
112184  54.434  23.952  21.391 0.0000000000
112171  53.922  24.187  22.526 0.0000000000
112172  52.662  24.107  22.406 0.0000000000
112159  53.015  24.278  23.472 0.0000000000
111574  47.734  23.273  12.442 0.0000000000
138969  46.919  23.558  11.954 0.0000000000
110913  48.317  22.678  11.927 0.0000000000
110260  49.016  21.792  11.013 0.0000000000
110270  49.665  21.287  10.508 0.0000000000
152495  49.621  20.848  9.993 0.0000000000
109498  50.360  20.861  10.074 0.0000000000
109507  50.749  20.254  9.496 0.0000000000
109497  51.519  20.943  10.038 0.0000000000
110266  53.581  21.356  10.612 0.0000000000
109495  53.418  20.736  9.998 0.0000000000
109493  54.559  19.817  10.520 0.0000000000
108740  54.747  18.731  10.407 0.0000000000
105716  56.006  15.293  17.616 0.0000000000
105697  56.515  15.815  18.661 0.0000000000
105681  55.735  15.969  20.651 0.0000000000
105683  53.785  16.114  20.749 0.0000000000
105666  54.255  15.900  21.485 0.0000000000
104156  43.295  13.319  16.461 0.0000000000
104164  43.860  13.476  15.789 0.0000000000
105760  46.784  14.917  14.848 0.0000000000
105761  45.939  14.735  15.107 0.0000000000
104919  45.769  13.718  16.580 0.0000000000
104920  44.787  13.551  16.983 0.0000000000
104902  44.723  13.914  18.076 0.0000000000
104892  44.363  14.080  19.006 0.0000000000
104882  45.879  14.653  19.943 0.0000000000
132441  45.830  14.637  20.871 0.0000000000
104875  45.456  14.329  21.399 0.0000000000
104874  46.484  14.644  21.673 0.0000000000
108045  49.035  19.034  4.870 0.0000000000
107325  48.203  18.385  5.490 0.0000000000
107297  47.294  17.928  9.047 0.0000000000
108015  47.034  18.399  8.492 0.0000000000
108006  46.011  18.699  10.150 0.0000000000
112272  51.441  25.017  12.989 0.0000000000
112271  52.645  25.540  12.409 0.0000000000
113008  52.103  25.724  13.273 0.0000000000
112979  52.194  26.622  14.332 0.0000000000
113757  53.466  27.332  14.223 0.0000000000
114401  53.398  28.708  17.216 0.0000000000
114997  54.167  29.210  17.728 0.0000000000
117655  44.828  33.997  17.706 0.0000000000
117668  44.182  33.411  17.244 0.0000000000
116117  45.499  30.251  16.212 0.0000000000
115587  45.876  29.294  16.152 0.0000000000
115012  45.618  28.561  15.481 0.0000000000
112240  46.208  25.087  15.308 0.0000000000
112998  45.588  25.597  14.952 0.0000000000
148597  45.399  25.835  14.356 0.0000000000
112276  46.880  24.695  13.713 0.0000000000
112256  47.613  24.588  14.345 0.0000000000
112254  49.747  24.617  14.313 0.0000000000
112274  49.050  24.256  13.844 0.0000000000
112273  50.258  24.425  13.619 0.0000000000
111554  50.775  24.187  12.875 0.0000000000
131709  57.783  17.374  23.829 0.0000000000
136119  58.064  17.199  23.866 0.0000000000
107166  58.047  17.164  24.685 0.0000000000
105603  58.154  15.736  26.824 0.0000000000
134666  58.073  15.990  25.965 0.0000000000
141232  55.969  15.316  26.864 0.0000000000
147614  58.167  15.695  28.788 0.0000000000
103361  56.168  12.950  28.049 0.0000000000
153808  55.205  13.449  27.623 0.0000000000
103367  55.338  12.718  27.318 0.0000000000
103377  55.024  12.316  26.413 0.0000000000
107949  53.043  18.568  15.783 0.0000000000
107946  55.737  17.902  14.858 0.0000000000
107936  54.394  17.605  16.047 0.0000000000
107242  55.389  17.406  15.586 0.0000000000
107231  56.020  16.480  15.583 0.0000000000
108703  55.992  19.183  13.355 0.0000000000
107960  56.289  18.323  13.810 0.0000000000
108695  56.385  18.627  13.912 0.0000000000
107934  57.208  18.207  15.873 0.0000000000
107945  57.262  17.801  15.029 0.0000000000
107239  57.488  16.899  15.623 0.0000000000
106527  57.410  16.223  15.595 0.0000000000
106526  57.672  16.218  15.864 0.0000000000
105732  57.493  15.448  16.313 0.0000000000
107921  57.602  17.183  16.589 0.0000000000
107902  57.348  17.600  18.510 0.0000000000
107893  57.297  17.719  19.592 0.0000000000
107894  56.478  18.140  20.092 0.0000000000
112270  53.351  25.399  12.484 0.0000000000
111553  53.435  24.673  12.156 0.0000000000
111537  53.125  24.609  13.128 0.0000000000
110888  51.741  22.983  15.046 0.0000000000
110227  51.947  22.238  15.438 0.0000000000
143662  52.439  21.555  15.801 0.0000000000
110214  51.827  21.897  16.509 0.0000000000
112199  53.236  24.801  17.984 0.0000000000
111514  52.200  24.187  17.719 0.0000000000
110868  51.901  23.311  18.307 0.0000000000
136699  52.068  21.125  19.268 0.0000000000
109409  52.427  20.539  18.671 0.0000000000
109419  52.483  20.641  17.804 0.0000000000
109408  53.052  20.039  18.160 0.0000000000
108661  53.618  19.585  18.472 0.0000000000
107886  53.742  19.062  21.597 0.0000000000
107895  54.419  18.664  20.734 0.0000000000
136046  55.589  18.240  20.922 0.0000000000
107884  55.863  18.092  21.674 0.0000000000
107874  55.527  18.154  22.450 0.0000000000
108614  54.203  19.578  23.881 0.0000000000
107853  54.695  18.705  24.178 0.0000000000
108603  54.959  19.433  25.950 0.0000000000
110834  55.372  23.421  23.194 0.0000000000
110833  55.460  22.911  23.354 0.0000000000
110143  55.703  22.787  24.195 0.0000000000
110110  56.411  22.214  26.785 0.0000000000
110127  56.256  22.182  25.985 0.0000000000
110111  56.405  21.713  26.867 0.0000000000
108596  56.037  20.158  27.582 0.0000000000
109317  56.457  20.743  28.324 0.0000000000
108570  56.319  19.562  28.763 0.0000000000
117164  51.032  33.393  14.519 0.0000000000
117660  51.675  34.455  16.001 0.0000000000
117678  51.546  33.935  14.312 0.0000000000
117173  50.514  32.618  11.702 0.0000000000
115633  50.210  29.450  10.000 0.0000000000
115620  50.392  30.269  9.896 0.0000000000
115056  50.370  28.746  8.994 0.0000000000
115066  50.335  28.770  8.419 0.0000000000
113811  50.258  27.079  7.944 0.0000000000
112312  46.530  24.112  10.843 0.0000000000
113047  46.368  24.976  10.843 0.0000000000
112311  46.782  24.465  10.176 0.0000000000
112320  47.955  24.607  9.042 0.0000000000
113062  47.458  24.975  9.649 0.0000000000
113045  47.761  25.874  9.746 0.0000000000
113786  48.151  26.715  9.881 0.0000000000
114437  48.693  27.550  10.014 0.0000000000
113805  48.602  26.310  9.347 0.0000000000
135163  49.114  22.028  6.610 0.0000000000
112328  49.405  24.713  7.861 0.0000000000
111630  49.662  23.574  6.770 0.0000000000
134968  50.103  24.143  6.356 0.0000000000
110961  49.756  22.953  5.779 0.0000000000
110973  49.605  22.191  5.260 0.0000000000
110295  49.479  21.216  5.306 0.0000000000
108019  50.630  17.524  6.990 0.0000000000
108028  49.952  17.780  6.192 0.0000000000
107315  50.311  16.953  6.837 0.0000000000
106580  50.065  16.457  7.735 0.0000000000
106572  50.950  16.633  8.435 0.0000000000
108749  52.410  19.399  8.776 0.0000000000
108757  51.708  18.694  8.340 0.0000000000
108756  52.724  18.499  8.476 0.0000000000
107280  53.101  17.611  9.952 0.0000000000
107291  52.451  17.269  9.312 0.0000000000
107281  52.097  17.163  9.527 0.0000000000
107978  51.808  18.435  11.185 0.0000000000
107977  52.855  18.313  11.308 0.0000000000
141303  53.238  18.761  14.087 0.0000000000
108704  52.683  18.952  13.363 0.0000000000
108691  52.365  19.178  15.278 0.0000000000
107234  53.214  16.966  16.554 0.0000000000
106505  52.449  16.345  16.331 0.0000000000
137056  53.117  14.899  14.784 0.0000000000
104912  52.618  13.685  15.242 0.0000000000
104929  51.982  13.251  14.113 0.0000000000
104913  51.435  13.714  15.453 0.0000000000
104914  50.418  13.836  15.634 0.0000000000
105739  50.933  14.207  16.750 0.0000000000
129428  50.881  16.066  19.805 0.0000000000
105702  51.139  15.622  18.760 0.0000000000
105703  50.282  15.631  19.079 0.0000000000
105722  49.598  15.018  18.305 0.0000000000
105705  48.340  14.969  19.203 0.0000000000
147581  48.857  15.139  19.920 0.0000000000
146757  48.721  15.340  22.224 0.0000000000
105672  48.294  15.321  21.649 0.0000000000
105654  48.069  14.979  22.398 0.0000000000
104864  47.286  14.538  22.383 0.0000000000
104121  47.099  14.062  22.893 0.0000000000
105633  56.918  15.765  23.695 0.0000000000
128839  56.155  15.580  24.156 0.0000000000
105624  53.442  15.694  24.239 0.0000000000
128837  54.294  15.650  23.654 0.0000000000
129068  52.592  15.805  23.803 0.0000000000
103386  52.384  12.098  25.131 0.0000000000
104105  52.372  13.538  25.831 0.0000000000
103380  51.936  12.879  25.407 0.0000000000
107227  49.580  17.039  17.464 0.0000000000
106507  50.192  16.366  16.480 0.0000000000
106519  50.890  15.530  15.263 0.0000000000
135826  51.152  19.791  14.177 0.0000000000
108699  51.046  19.895  14.988 0.0000000000
108693  50.953  19.909  15.919 0.0000000000
108684  50.678  19.586  16.734 0.0000000000
108675  49.553  19.474  17.739 0.0000000000
107927  49.846  18.598  18.071 0.0000000000
107219  49.915  17.814  18.003 0.0000000000
106371  55.997  17.192  31.335 0.0000000000
106356  56.379  16.369  31.378 0.0000000000
150528  55.825  16.640  31.900 0.0000000000
105549  56.266  14.956  32.365 0.0000000000
104017  56.013  13.662  32.539 0.0000000000
110256  53.657  21.747  11.055 0.0000000000
110249  54.071  20.894  11.510 0.0000000000
110250  53.639  21.763  11.629 0.0000000000
110243  53.020  22.441  12.793 0.0000000000
113717  54.123  28.036  19.421 0.0000000000
113726  53.928  27.053  18.887 0.0000000000
113718  53.370  26.832  19.380 0.0000000000
129822  53.198  24.859  20.128 0.0000000000
111572  50.117  23.357  12.658 0.0000000000
110912  49.447  22.795  12.257 0.0000000000
110911  50.686  22.816  11.901 0.0000000000
110258  51.173  22.294  11.294 0.0000000000
110268  52.296  21.688  10.521 0.0000000000
110257  53.299  22.301  10.947 0.0000000000
144090  57.558  15.984  19.726 0.0000000000
131802  57.078  15.935  19.702 0.0000000000
105679  57.692  15.903  20.457 0.0000000000
145652  56.165  15.858  21.480 0.0000000000
132830  47.335  14.049  14.660 0.0000000000
104947  46.489  13.880  14.655 0.0000000000
104934  47.031  13.615  14.995 0.0000000000
104918  46.824  13.726  16.111 0.0000000000
105707  46.747  14.742  19.654 0.0000000000
107311  48.784  16.792  7.397 0.0000000000
107312  48.189  17.399  7.170 0.0000000000
150612  48.244  17.038  7.929 0.0000000000
107296  47.937  17.346  9.121 0.0000000000
107997  47.320  18.167  10.224 0.0000000000
107213  46.465  17.376  18.978 0.0000000000
131963  45.641  17.236  19.354 0.0000000000
106487  45.061  16.595  18.884 0.0000000000
106499  44.122  16.150  18.507 0.0000000000
112236  50.380  25.172  14.660 0.0000000000
112996  51.524  25.859  14.118 0.0000000000
112966  50.631  25.685  15.979 0.0000000000
112958  45.642  25.750  17.614 0.0000000000
112969  45.665  25.620  16.730 0.0000000000
112957  46.072  25.258  17.159 0.0000000000
112225  46.805  24.785  16.085 0.0000000000
112239  47.210  24.713  15.202 0.0000000000
112238  48.220  24.698  15.095 0.0000000000
112237  49.264  24.833  14.956 0.0000000000
107158  58.161  16.951  25.549 0.0000000000
107159  57.617  17.179  25.856 0.0000000000
106428  58.220  16.538  26.758 0.0000000000
105598  58.142  15.975  27.640 0.0000000000
104087  58.027  12.949  29.465 0.0000000000
104088  57.790  13.354  29.181 0.0000000000
103348  57.950  12.268  28.916 0.0000000000
103360  57.587  12.068  28.306 0.0000000000
103366  57.005  11.986  27.659 0.0000000000
107962  54.209  18.409  13.875 0.0000000000
107955  53.810  18.503  14.945 0.0000000000
107954  54.888  18.195  14.498 0.0000000000
109436  55.562  19.941  14.669 0.0000000000
108688  56.689  18.563  14.536 0.0000000000
108689  56.300  19.321  14.923 0.0000000000
107922  57.305  17.875  16.725 0.0000000000
107923  56.706  18.544  16.752 0.0000000000
132723  55.981  18.735  17.514 0.0000000000
107914  55.913  18.487  18.406 0.0000000000
112994  53.522  26.463  13.764 0.0000000000
112252  52.433  24.582  14.288 0.0000000000
112234  53.048  25.556  14.480 0.0000000000
112235  52.122  24.574  15.393 0.0000000000
111522  51.602  23.881  16.158 0.0000000000
110862  52.487  22.655  19.587 0.0000000000
140065  51.968  22.710  18.915 0.0000000000
109400  52.352  20.918  20.066 0.0000000000
108652  52.695  20.072  19.949 0.0000000000
108651  53.237  19.538  19.755 0.0000000000
108640  53.133  19.650  20.485 0.0000000000
133261  53.215  19.771  21.349 0.0000000000
107876  53.951  18.994  22.328 0.0000000000
107875  54.541  18.640  22.724 0.0000000000
108624  54.000  19.338  23.004 0.0000000000
108615  53.936  20.281  23.238 0.0000000000
109367  54.533  20.825  24.190 0.0000000000
112156  55.524  24.015  24.249 0.0000000000
110826  55.930  23.254  24.758 0.0000000000
111431  55.737  23.709  25.216 0.0000000000
110800  56.134  22.656  26.596 0.0000000000
117149  50.570  33.432  15.540 0.0000000000
117165  50.672  32.757  13.930 0.0000000000
116663  50.577  32.004  11.257 0.0000000000
116657  50.403  32.150  12.207 0.0000000000
115614  50.003  30.600  10.866 0.0000000000
115040  49.782  28.745  9.949 0.0000000000
115601  46.453  29.676  15.183 0.0000000000
116124  46.785  30.291  15.466 0.0000000000
115610  45.625  29.091  13.892 0.0000000000
115019  45.605  28.791  12.941 0.0000000000
110272  47.919  22.056  9.812 0.0000000000
153253  47.309  23.044  9.820 0.0000000000
110941  47.591  22.658  9.501 0.0000000000
111622  47.799  23.473  8.670 0.0000000000
112329  48.367  24.105  8.383 0.0000000000
113071  48.827  25.085  8.563 0.0000000000
111621  48.144  23.191  8.059 0.0000000000
110963  48.790  22.736  7.230 0.0000000000
110290  49.130  21.046  6.398 0.0000000000
109526  49.481  20.147  5.694 0.0000000000
148761  49.172  20.132  6.798 0.0000000000
108766  50.365  18.497  7.185 0.0000000000
108013  51.173  18.032  7.727 0.0000000000
108747  54.017  18.816  9.123 0.0000000000
108010  53.436  18.243  8.799 0.0000000000
107289  54.172  17.972  10.231 0.0000000000
107279  54.017  17.924  10.448 0.0000000000
107272  53.599  17.937  10.692 0.0000000000
107976  53.834  18.096  11.466 0.0000000000
107967  53.602  18.485  13.095 0.0000000000
130245  54.081  15.766  15.996 0.0000000000
105754  53.785  14.578  15.327 0.0000000000
140993  53.447  13.829  14.912 0.0000000000
145118  53.379  13.964  15.845 0.0000000000
128825  53.244  16.215  20.012 0.0000000000
148987  52.621  16.022  19.246 0.0000000000
130853  50.104  15.829  20.126 0.0000000000
105685  49.363  15.519  20.467 0.0000000000
128829  49.882  15.765  20.949 0.0000000000
104863  48.776  15.011  22.853 0.0000000000
128840  56.203  15.593  25.028 0.0000000000
105622  55.422  15.583  24.636 0.0000000000
105612  54.309  15.455  25.665 0.0000000000
105613  53.445  15.482  25.210 0.0000000000
105614  52.716  15.173  25.279 0.0000000000
133315  46.875  16.175  16.988 0.0000000000
106522  47.231  15.480  15.603 0.0000000000
140833  47.567  14.616  14.667 0.0000000000
104946  48.235  14.288  14.790 0.0000000000
104916  48.624  13.847  15.777 0.0000000000
107980  49.703  18.584  10.998 0.0000000000
108716  49.502  19.601  12.391 0.0000000000
109451  50.311  20.120  14.304 0.0000000000
108663  49.079  18.967  18.344 0.0000000000
107917  48.397  18.241  18.593 0.0000000000
107221  47.406  17.661  18.753 0.0000000000
130772  47.404  16.723  17.971 0.0000000000
113740  45.407  26.055  18.304 0.0000000000
148416  46.123  25.373  17.861 0.0000000000
112945  46.533  25.390  18.480 0.0000000000
134986  56.195  17.960  28.450 0.0000000000
128981  57.030  16.836  27.976 0.0000000000
106387  58.044  15.935  29.008 0.0000000000
105565  58.158  15.378  29.678 0.0000000000
105566  57.192  15.790  30.565 0.0000000000
105556  57.681  14.871  30.696 0.0000000000
130609  58.295  14.586  29.887 0.0000000000
104068  58.126  12.570  29.884 0.0000000000
102586  57.749  11.449  29.424 0.0000000000
107975  55.176  18.143  11.625 0.0000000000
108725  55.399  18.626  11.745 0.0000000000
108712  55.777  18.911  12.512 0.0000000000
151932  55.510  19.690  13.314 0.0000000000
109474  54.712  20.138  12.198 0.0000000000
109463  54.957  20.179  13.183 0.0000000000
109448  55.567  19.801  13.819 0.0000000000
135932  54.679  20.431  14.854 0.0000000000
109438  54.185  20.475  15.550 0.0000000000
149625  54.213  26.970  16.502 0.0000000000
112952  53.847  26.115  16.743 0.0000000000
112951  54.160  26.418  17.418 0.0000000000
112210  53.786  25.589  17.773 0.0000000000
111505  53.544  24.351  18.820 0.0000000000
140878  53.807  25.122  18.973 0.0000000000
148608  53.811  24.588  19.098 0.0000000000
111492  53.874  24.084  19.419 0.0000000000
110861  53.663  23.430  19.836 0.0000000000
110847  54.029  23.303  20.595 0.0000000000
110838  54.164  22.412  21.863 0.0000000000
110146  54.284  21.873  22.558 0.0000000000
147559  54.781  23.206  21.971 0.0000000000
111473  55.009  23.595  22.599 0.0000000000
112170  54.805  24.022  23.053 0.0000000000
112157  55.030  24.229  23.932 0.0000000000
112140  55.183  24.280  24.553 0.0000000000
111433  54.523  24.183  25.261 0.0000000000
111434  53.886  23.683  25.422 0.0000000000
116654  48.115  31.061  13.559 0.0000000000
113022  45.871  25.234  12.283 0.0000000000
111588  46.907  23.286  11.051 0.0000000000
110925  49.327  22.323  11.660 0.0000000000
110926  48.441  22.258  11.279 0.0000000000
110933  48.146  22.114  10.642 0.0000000000
110277  48.993  20.932  9.836 0.0000000000
109514  50.056  19.668  8.808 0.0000000000
109496  52.629  20.916  9.963 0.0000000000
109505  53.039  20.089  9.311 0.0000000000
105734  56.354  14.835  16.556 0.0000000000
105735  55.512  14.718  16.671 0.0000000000
105717  55.071  15.292  17.741 0.0000000000
105699  54.634  15.976  18.838 0.0000000000
128828  56.216  15.978  19.713 0.0000000000
128827  55.209  16.097  19.773 0.0000000000
128826  54.211  16.147  19.885 0.0000000000
105684  52.972  16.262  20.748 0.0000000000
128833  52.469  16.109  22.064 0.0000000000
103369  53.399  13.009  26.240 0.0000000000
104101  52.955  13.385  26.152 0.0000000000
104149  42.599  12.980  17.053 0.0000000000
153802  45.663  15.287  15.965 0.0000000000
105762  45.053  14.180  15.311 0.0000000000
104948  45.081  13.952  15.170 0.0000000000
104169  45.652  13.731  14.923 0.0000000000
152921  45.030  13.758  15.359 0.0000000000
147565  44.578  13.606  15.601 0.0000000000
104155  44.031  13.250  16.316 0.0000000000
104142  43.069  12.912  18.263 0.0000000000
104141  43.718  13.649  19.151 0.0000000000
104891  45.251  14.294  19.008 0.0000000000
104883  44.902  14.346  20.261 0.0000000000
104129  45.090  13.761  21.810 0.0000000000
108021  47.533  18.155  6.896 0.0000000000
108030  46.942  18.866  6.478 0.0000000000
107981  48.639  18.568  10.878 0.0000000000
107982  47.579  18.497  10.841 0.0000000000
111570  52.622  24.399  11.691 0.0000000000
111569  53.173  24.441  11.667 0.0000000000
112288  53.028  25.201  11.802 0.0000000000
113021  53.187  25.631  12.302 0.0000000000
113006  53.264  26.212  13.061 0.0000000000
112995  52.710  26.554  13.512 0.0000000000
112993  53.418  26.783  13.626 0.0000000000
112977  53.730  27.066  14.191 0.0000000000
129820  53.758  27.593  15.032 0.0000000000
113750  54.253  27.841  15.995 0.0000000000
114406  54.376  28.651  16.934 0.0000000000
144158  54.386  28.940  17.623 0.0000000000
114393  54.517  28.679  18.286 0.0000000000
116640  45.641  31.202  16.307 0.0000000000
116641  44.659  31.121  16.418 0.0000000000
115595  46.297  29.813  15.810 0.0000000000
115015  45.225  28.465  14.495 0.0000000000
114418  44.726  27.718  14.110 0.0000000000
113770  44.681  27.082  13.775 0.0000000000
129721  45.373  26.074  16.462 0.0000000000
113765  45.074  26.261  14.947 0.0000000000
113010  45.579  25.688  13.683 0.0000000000
152623  45.824  25.415  13.066 0.0000000000
136427  46.353  24.889  13.013 0.0000000000
111557  47.207  23.871  12.807 0.0000000000
111556  48.210  23.765  13.323 0.0000000000
132546  48.172  24.316  13.905 0.0000000000
107189  57.602  17.512  22.353 0.0000000000
106463  58.169  16.863  22.525 0.0000000000
107173  58.095  17.178  23.158 0.0000000000
105619  57.899  16.525  23.967 0.0000000000
105620  57.584  16.113  24.292 0.0000000000
107157  58.181  16.881  25.301 0.0000000000
105609  57.788  16.025  25.186 0.0000000000
105610  57.217  15.666  25.487 0.0000000000
131015  56.102  15.538  25.983 0.0000000000
104833  54.143  14.368  26.974 0.0000000000
106430  58.267  16.338  27.585 0.0000000000
105592  58.201  16.151  28.171 0.0000000000
104827  57.403  14.964  28.190 0.0000000000
104823  57.575  14.284  28.840 0.0000000000
149592  56.609  14.265  28.360 0.0000000000
104828  55.995  14.695  27.654 0.0000000000
104829  54.933  14.181  27.529 0.0000000000
103368  54.156  12.927  26.675 0.0000000000
107939  51.834  18.491  16.872 0.0000000000
107938  52.679  18.123  16.639 0.0000000000
107948  53.883  18.217  15.803 0.0000000000
107233  54.145  16.917  16.287 0.0000000000
132921  54.708  16.008  15.964 0.0000000000
146473  55.544  15.442  15.750 0.0000000000
105751  56.340  14.815  15.711 0.0000000000
107260  55.946  18.285  13.313 0.0000000000
107249  56.434  17.954  14.233 0.0000000000
107953  56.695  18.192  14.325 0.0000000000
107248  56.951  17.852  14.680 0.0000000000
106528  56.934  16.310  15.417 0.0000000000
105768  57.055  15.403  15.561 0.0000000000
104909  56.584  14.669  15.977 0.0000000000
105733  57.042  15.020  16.378 0.0000000000
149417  57.385  15.527  16.944 0.0000000000
105714  57.321  16.076  17.953 0.0000000000
107912  57.492  17.399  17.426 0.0000000000
107218  57.657  16.859  18.049 0.0000000000
107217  57.760  16.836  18.973 0.0000000000
107211  57.954  16.928  19.658 0.0000000000
107204  58.107  17.029  20.429 0.0000000000
137133  57.802  17.392  20.954 0.0000000000
110901  53.355  23.723  11.899 0.0000000000
153621  52.587  22.477  13.560 0.0000000000
111538  52.130  23.579  14.196 0.0000000000
110887  52.206  22.558  14.308 0.0000000000
110236  52.751  21.832  13.859 0.0000000000
110225  53.219  20.941  15.494 0.0000000000
109428  53.542  20.505  16.381 0.0000000000
112211  52.674  25.152  16.855 0.0000000000
112212  51.761  24.135  16.947 0.0000000000
133830  51.499  23.268  16.895 0.0000000000
110190  51.594  22.281  18.322 0.0000000000
110873  51.491  22.758  17.618 0.0000000000
110202  51.577  21.945  17.519 0.0000000000
110201  52.111  21.258  17.282 0.0000000000
109418  53.333  20.287  17.300 0.0000000000
109417  54.047  19.984  16.779 0.0000000000
108660  54.448  19.207  18.284 0.0000000000
107915  54.917  18.679  18.822 0.0000000000
107906  53.724  19.064  20.112 0.0000000000
107905  54.603  18.669  19.716 0.0000000000
107904  55.655  18.377  19.324 0.0000000000
107883  56.665  17.967  21.138 0.0000000000
107198  57.411  17.644  21.498 0.0000000000
107176  56.882  17.550  23.868 0.0000000000
107862  55.117  18.302  23.324 0.0000000000
107861  55.740  17.982  24.041 0.0000000000
107168  56.504  17.581  24.733 0.0000000000
130439  55.370  18.596  26.289 0.0000000000
107836  55.657  18.881  27.204 0.0000000000
139378  54.934  22.290  23.054 0.0000000000
110144  55.158  22.036  23.726 0.0000000000
109359  55.231  21.061  25.193 0.0000000000
110134  55.971  22.561  25.097 0.0000000000
109358  55.870  21.876  25.360 0.0000000000
109350  55.198  20.371  25.905 0.0000000000
151369  55.253  19.994  26.330 0.0000000000
107824  55.956  18.398  27.843 0.0000000000
107806  56.259  18.827  29.338 0.0000000000
107799  56.099  19.252  29.762 0.0000000000
107794  55.904  18.630  30.170 0.0000000000
116153  50.371  31.105  10.158 0.0000000000
152946  50.151  30.332  8.984 0.0000000000
115661  50.145  29.210  8.209 0.0000000000
114486  50.107  27.124  7.110 0.0000000000
113098  50.119  25.417  6.223 0.0000000000
115616  47.919  30.189  12.172 0.0000000000
113036  45.927  25.617  11.539 0.0000000000
113776  46.012  26.678  11.268 0.0000000000
115623  47.968  29.471  11.545 0.0000000000
115041  48.955  28.389  10.293 0.0000000000
141766  49.423  28.124  9.832 0.0000000000
114452  49.564  27.597  9.364 0.0000000000
113070  49.668  25.637  8.066 0.0000000000
113803  49.994  27.379  8.611 0.0000000000
113069  50.109  26.195  7.621 0.0000000000
112335  50.187  24.934  6.599 0.0000000000
111648  49.592  23.564  5.516 0.0000000000
110982  49.584  22.985  5.497 0.0000000000
153949  49.281  18.345  5.479 0.0000000000
154519  49.459  19.437  5.411 0.0000000000
108774  49.596  18.650  5.696 0.0000000000
107316  49.524  17.261  6.345 0.0000000000
106581  49.406  16.536  7.578 0.0000000000
106566  49.576  16.663  8.471 0.0000000000
108758  50.627  18.929  8.181 0.0000000000
108018  51.381  17.319  7.820 0.0000000000
107301  53.100  17.572  9.104 0.0000000000
107302  52.235  17.174  8.926 0.0000000000
107303  51.636  16.942  8.645 0.0000000000
106564  51.146  16.735  8.887 0.0000000000
107282  51.043  17.267  9.574 0.0000000000
107994  50.353  17.902  10.328 0.0000000000
107979  50.758  18.529  11.115 0.0000000000
108727  51.119  19.142  11.847 0.0000000000
108714  51.379  19.347  12.704 0.0000000000
108713  52.160  19.075  12.802 0.0000000000
108705  51.766  19.400  13.625 0.0000000000
108698  51.757  19.534  14.652 0.0000000000
107225  51.631  17.255  17.034 0.0000000000
105756  51.645  14.526  13.976 0.0000000000
105755  52.705  14.223  13.973 0.0000000000
104944  50.247  14.138  14.044 0.0000000000
104931  49.913  13.905  14.769 0.0000000000
104915  49.496  13.935  15.791 0.0000000000
104897  49.115  14.309  17.052 0.0000000000
105736  54.610  14.683  16.739 0.0000000000
105737  53.630  14.704  16.805 0.0000000000
105719  52.552  14.649  16.966 0.0000000000
105701  52.050  15.504  18.440 0.0000000000
105720  51.475  14.904  17.638 0.0000000000
105706  47.575  14.824  19.404 0.0000000000
105687  47.305  14.980  20.362 0.0000000000
105686  48.608  15.346  20.803 0.0000000000
150744  47.797  15.240  20.993 0.0000000000
153648  47.122  14.963  21.141 0.0000000000
105646  57.578  16.161  22.268 0.0000000000
105647  56.809  15.853  22.659 0.0000000000
105648  55.769  15.724  22.310 0.0000000000
128838  55.218  15.578  23.898 0.0000000000
128836  55.046  15.629  23.029 0.0000000000
105649  54.728  15.741  22.244 0.0000000000
128834  53.850  15.816  22.281 0.0000000000
128835  52.557  15.999  22.915 0.0000000000
105651  51.934  16.046  22.641 0.0000000000
104835  52.859  14.080  26.215 0.0000000000
104838  52.412  14.470  25.631 0.0000000000
104846  52.051  14.993  25.031 0.0000000000
151183  51.171  13.122  25.054 0.0000000000
104847  51.353  14.683  24.679 0.0000000000
129508  51.785  15.470  24.224 0.0000000000
105637  51.260  15.567  23.622 0.0000000000
105652  51.185  15.887  22.830 0.0000000000
104855  49.653  15.114  23.268 0.0000000000
104018  55.236  14.020  32.819 0.0000000000
104028  55.823  13.170  32.060 0.0000000000
103301  55.627  12.619  31.392 0.0000000000
103314  55.937  11.896  30.913 0.0000000000
103300  56.285  12.522  31.371 0.0000000000
103333  57.981  11.873  29.850 0.0000000000
104043  57.027  12.593  31.076 0.0000000000
104161  46.128  13.606  14.902 0.0000000000
104162  45.399  13.690  15.309 0.0000000000
104163  44.405  13.708  15.473 0.0000000000
104808  58.171  13.691  29.864 0.0000000000
104822  58.020  14.232  29.497 0.0000000000
104928  52.880  13.672  14.083 0.0000000000
104936  44.314  13.944  15.370 0.0000000000
104942  52.187  13.804  13.688 0.0000000000
104943  51.247  13.872  13.615 0.0000000000
105558  56.033  15.888  32.229 0.0000000000
105577  58.340  15.014  29.381 0.0000000000
105597  58.161  16.377  26.669 0.0000000000
105611  55.197  15.562  25.424 0.0000000000
105631  57.923  16.524  22.924 0.0000000000
105650  53.125  16.007  22.371 0.0000000000
105663  57.717  15.945  21.314 0.0000000000
105695  57.601  16.262  19.245 0.0000000000
105750  57.083  14.965  15.844 0.0000000000
105753  54.585  14.739  15.943 0.0000000000
106357  55.420  17.018  31.782 0.0000000000
106408  58.185  16.169  28.171 0.0000000000
106429  58.234  16.410  27.355 0.0000000000
106445  58.133  16.732  25.303 0.0000000000
106448  58.094  16.784  24.540 0.0000000000
106456  58.197  16.909  23.670 0.0000000000
106470  58.168  16.636  21.554 0.0000000000
106477  58.180  16.531  20.716 0.0000000000
106485  58.017  16.531  19.925 0.0000000000
106493  57.784  16.585  19.274 0.0000000000
106494  57.580  16.424  18.458 0.0000000000
106515  57.817  15.989  16.283 0.0000000000
106563  51.847  16.940  9.007 0.0000000000
106571  51.446  16.806  8.740 0.0000000000
106573  50.264  16.514  8.211 0.0000000000
106574  49.625  16.498  8.073 0.0000000000
106578  51.212  16.704  8.257 0.0000000000
106579  50.701  16.527  7.971 0.0000000000
106586  50.402  16.603  7.454 0.0000000000
106588  49.289  16.720  6.930 0.0000000000
107145  58.149  17.116  26.138 0.0000000000
107165  58.183  16.999  24.608 0.0000000000
107175  57.331  17.592  23.046 0.0000000000
107188  57.972  17.272  22.496 0.0000000000
107205  57.747  17.329  20.102 0.0000000000
107224  57.719  16.622  16.910 0.0000000000
107230  57.688  16.668  16.127 0.0000000000
107255  55.921  18.134  13.437 0.0000000000
107261  55.495  18.101  12.640 0.0000000000
107269  55.119  17.927  11.830 0.0000000000
107270  54.778  17.922  11.367 0.0000000000
107285  47.983  17.539  9.586 0.0000000000
107292  51.470  16.787  9.060 0.0000000000
107293  50.671  16.800  9.043 0.0000000000
107304  48.022  17.176  8.577 0.0000000000
107308  51.883  17.235  8.443 0.0000000000
107309  51.478  16.974  7.975 0.0000000000
107317  48.839  17.184  6.545 0.0000000000
107318  48.216  17.873  6.241 0.0000000000
107800  55.953  19.231  30.015 0.0000000000
107961  56.020  18.533  13.240 0.0000000000
107990  54.995  18.299  11.086 0.0000000000
107991  54.555  18.046  10.636 0.0000000000
107995  49.251  17.938  10.252 0.0000000000
107998  46.492  18.547  10.348 0.0000000000
108003  53.859  18.009  9.422 0.0000000000
108004  47.304  18.012  9.692 0.0000000000
108011  52.633  17.693  8.654 0.0000000000
108020  50.112  18.194  6.301 0.0000000000
108029  47.581  18.492  5.986 0.0000000000
108037  48.672  18.593  5.101 0.0000000000
108038  47.963  18.829  5.016 0.0000000000
108564  56.376  20.527  28.908 0.0000000000
108602  55.831  20.686  26.788 0.0000000000
108782  49.325  19.255  5.080 0.0000000000
108783  47.726  19.489  4.951 0.0000000000
109334  56.506  21.825  27.495 0.0000000000
109335  56.436  20.942  27.613 0.0000000000
109437  55.047  20.121  15.426 0.0000000000
109452  49.718  20.421  14.863 0.0000000000
109494  54.017  20.414  10.099 0.0000000000
109504  53.812  19.836  9.352 0.0000000000
109541  49.023  19.854  4.668 0.0000000000
110098  56.493  21.912  27.549 0.0000000000
110304  49.392  21.473  4.867 0.0000000000
110793  56.416  22.281  26.982 0.0000000000
110799  56.209  22.556  26.393 0.0000000000
110825  55.908  23.396  25.180 0.0000000000
110951  47.713  22.790  8.761 0.0000000000
110962  49.566  22.826  6.352 0.0000000000
110983  49.425  22.351  4.939 0.0000000000
111425  56.001  23.109  25.797 0.0000000000
111446  55.730  23.754  24.584 0.0000000000
111447  53.527  24.144  24.993 0.0000000000
111464  55.374  23.818  23.583 0.0000000000
111506  52.742  24.047  18.447 0.0000000000
111586  52.845  23.805  11.420 0.0000000000
111589  46.524  23.969  11.487 0.0000000000
111600  46.973  23.534  10.122 0.0000000000
111611  47.438  23.341  9.334 0.0000000000
111629  49.927  23.505  6.160 0.0000000000
112134  55.524  24.120  24.826 0.0000000000
112135  55.048  24.362  24.996 0.0000000000
112141  54.389  24.355  24.627 0.0000000000
112198  53.733  25.050  18.558 0.0000000000
112330  47.686  23.927  8.950 0.0000000000
112336  49.900  24.400  7.091 0.0000000000
112347  50.123  24.634  5.898 0.0000000000
112358  49.760  24.148  5.591 0.0000000000
112946  45.835  25.681  18.404 0.0000000000
112997  45.935  25.366  14.400 0.0000000000
113046  46.950  25.402  10.235 0.0000000000
113060  49.119  25.991  8.718 0.0000000000
113083  50.224  25.795  6.935 0.0000000000
113743  54.496  28.140  16.850 0.0000000000
113749  54.209  28.456  16.306 0.0000000000
113754  45.409  26.093  17.085 0.0000000000
113763  53.464  27.052  13.759 0.0000000000
113768  53.257  26.721  13.463 0.0000000000
113769  45.007  26.385  13.865 0.0000000000
113777  45.507  26.331  11.974 0.0000000000
113812  49.860  26.537  8.287 0.0000000000
113838  50.029  26.314  6.661 0.0000000000
114400  54.494  28.466  17.461 0.0000000000
114407  54.049  28.678  16.244 0.0000000000
114424  48.099  27.946  10.596 0.0000000000
114436  50.002  28.389  9.430 0.0000000000
114453  48.892  26.987  9.541 0.0000000000
114462  50.349  28.021  8.318 0.0000000000
114474  50.281  27.554  7.608 0.0000000000
115002  54.216  28.964  17.081 0.0000000000
115008  54.128  28.787  16.611 0.0000000000
115029  49.456  29.192  10.439 0.0000000000
115079  50.315  28.392  7.826 0.0000000000
115567  54.213  29.679  18.619 0.0000000000
115602  45.920  29.126  14.883 0.0000000000
115621  50.125  30.011  10.455 0.0000000000
115632  50.333  29.517  9.444 0.0000000000
116136  49.901  31.179  11.411 0.0000000000
116137  48.908  30.863  12.150 0.0000000000
116138  47.966  30.604  12.873 0.0000000000
116141  50.397  31.330  10.715 0.0000000000
116168  50.318  30.075  9.213 0.0000000000
116169  50.226  30.728  9.382 0.0000000000
116180  50.140  29.918  8.707 0.0000000000
116652  48.301  31.413  14.453 0.0000000000
116653  49.339  31.723  13.353 0.0000000000
116664  50.057  32.375  10.647 0.0000000000
116690  50.068  31.476  9.775 0.0000000000
117169  51.246  33.548  13.608 0.0000000000
117672  51.840  34.423  15.092 0.0000000000
117673  51.424  33.872  15.201 0.0000000000
128182  52.269  21.771  19.879 0.0000000000
130479  46.572  14.274  22.418 0.0000000000
131030  46.853  24.385  13.102 0.0000000000
131124  51.521  22.506  16.934 0.0000000000
136426  50.724  32.809  12.210 0.0000000000
136519  44.758  27.557  13.394 0.0000000000
137698  44.517  32.634  16.805 0.0000000000
144506  55.751  14.391  32.901 0.0000000000
145697  58.104  17.100  21.928 0.0000000000
146377  53.349  24.223  21.697 0.0000000000
146726  58.035  13.075  30.304 0.0000000000
146874  57.522  17.288  25.170 0.0000000000
147370  46.575  24.971  16.812 0.0000000000
148038  50.213  28.994  9.571 0.0000000000
148293  47.431  23.032  11.699 0.0000000000
148780  58.124  16.343  25.801 0.0000000000
149110  58.269  16.262  26.250 0.0000000000
149201  52.468  20.471  19.406 0.0000000000
150643  56.891  14.681  31.594 0.0000000000
151277  54.267  15.675  22.871 0.0000000000
151568  55.250  18.795  18.095 0.0000000000
151710  48.398  17.072  8.724 0.0000000000
152266  53.139  21.709  13.264 0.0000000000
152371  55.586  23.800  24.098 0.0000000000
153058  45.640  25.791  12.146 0.0000000000
153071  48.991  15.115  19.063 0.0000000000
153585  51.400  16.148  21.273 0.0000000000
153862  56.440  15.833  22.050 0.0000000000
153888  52.803  20.744  17.036 0.0000000000
