#!ascii label  , from subject sub001 vox2ras=TkReg
982
46131  25.894  -45.639  65.733 0.0000000000
64989  53.207  -28.105  43.920 0.0000000000
63860  57.587  -28.952  39.061 0.0000000000
52640  54.082  -39.233  51.010 0.0000000000
48411  36.165  -43.553  58.319 0.0000000000
46133  32.564  -44.975  63.836 0.0000000000
69961  56.995  -24.467  43.077 0.0000000000
63768  59.051  -29.461  46.526 0.0000000000
132059  50.300  -40.769  53.976 0.0000000000
48387  42.125  -43.890  59.385 0.0000000000
131636  60.416  -19.270  37.815 0.0000000000
136051  54.665  -24.785  34.700 0.0000000000
55145  51.002  -37.171  48.770 0.0000000000
60431  54.881  -32.683  49.897 0.0000000000
47270  31.372  -44.551  61.401 0.0000000000
47222  29.209  -44.840  64.981 0.0000000000
67013  55.302  -26.732  43.533 0.0000000000
154815  58.643  -26.082  45.447 0.0000000000
140050  56.269  -27.419  46.621 0.0000000000
140759  48.891  -45.923  52.730 0.0000000000
46167  37.700  -44.489  61.186 0.0000000000
48408  39.119  -43.712  59.189 0.0000000000
45162  39.992  -45.517  58.716 0.0000000000
132612  58.200  -19.476  40.201 0.0000000000
70952  60.717  -22.791  36.924 0.0000000000
71881  57.881  -21.110  36.086 0.0000000000
67060  56.222  -25.682  39.130 0.0000000000
69105  54.621  -24.216  36.998 0.0000000000
65102  55.849  -28.165  36.514 0.0000000000
65114  57.313  -28.560  35.696 0.0000000000
62752  59.042  -30.716  36.997 0.0000000000
51456  52.251  -39.731  53.176 0.0000000000
52661  50.200  -39.088  51.021 0.0000000000
55115  52.422  -37.205  52.456 0.0000000000
58344  52.950  -34.507  49.026 0.0000000000
57280  54.621  -35.153  51.518 0.0000000000
58324  56.477  -34.053  49.466 0.0000000000
53945  55.652  -37.310  48.891 0.0000000000
49437  34.498  -43.253  62.017 0.0000000000
69055  55.076  -24.122  40.016 0.0000000000
67045  57.774  -26.288  41.371 0.0000000000
67022  60.081  -27.598  43.562 0.0000000000
63789  61.240  -29.716  44.378 0.0000000000
49512  46.734  -42.691  56.577 0.0000000000
48460  48.953  -42.597  55.399 0.0000000000
48496  50.837  -43.341  52.897 0.0000000000
48561  52.548  -42.046  50.406 0.0000000000
51516  53.854  -39.954  48.609 0.0000000000
48463  43.210  -43.890  55.745 0.0000000000
46226  44.255  -44.614  57.867 0.0000000000
71860  63.000  -22.206  37.021 0.0000000000
71883  55.327  -21.427  37.250 0.0000000000
69131  57.248  -24.534  35.069 0.0000000000
146498  60.978  -29.151  35.711 0.0000000000
62607  54.641  -30.067  47.245 0.0000000000
62573  56.452  -30.867  48.559 0.0000000000
59412  59.358  -33.011  47.373 0.0000000000
46123  26.722  -45.808  66.320 0.0000000000
47217  27.410  -44.918  65.335 0.0000000000
45098  28.230  -46.015  66.171 0.0000000000
133464  54.238  -27.439  43.969 0.0000000000
66006  55.588  -27.104  45.244 0.0000000000
64980  54.238  -28.040  45.087 0.0000000000
129724  38.931  -45.091  60.251 0.0000000000
73751  56.953  -19.364  40.955 0.0000000000
130923  58.275  -20.157  38.158 0.0000000000
72840  56.538  -20.636  38.243 0.0000000000
65046  56.398  -27.858  39.268 0.0000000000
66094  55.685  -27.363  38.315 0.0000000000
65062  56.870  -28.700  38.809 0.0000000000
63892  56.860  -29.110  37.171 0.0000000000
52622  53.114  -39.210  52.511 0.0000000000
53911  52.249  -38.229  53.097 0.0000000000
53909  53.363  -37.928  52.491 0.0000000000
57282  53.817  -35.731  52.290 0.0000000000
135056  54.293  -37.473  51.136 0.0000000000
140643  55.540  -36.386  49.695 0.0000000000
153129  54.863  -38.271  49.715 0.0000000000
135690  32.857  -43.583  61.229 0.0000000000
48337  33.469  -43.918  63.264 0.0000000000
47249  34.741  -44.071  62.844 0.0000000000
68010  55.524  -25.168  41.863 0.0000000000
68029  54.793  -24.882  40.345 0.0000000000
69045  55.962  -24.170  41.174 0.0000000000
68036  56.885  -24.295  40.015 0.0000000000
69042  57.910  -24.760  42.282 0.0000000000
67037  58.791  -26.783  42.314 0.0000000000
67999  58.883  -25.540  43.709 0.0000000000
142310  58.848  -27.989  46.089 0.0000000000
66005  59.687  -27.649  45.045 0.0000000000
63767  60.147  -29.725  45.871 0.0000000000
61531  62.169  -31.170  45.155 0.0000000000
62606  60.474  -30.914  46.212 0.0000000000
47343  46.833  -43.832  56.756 0.0000000000
132031  48.029  -42.578  56.193 0.0000000000
47360  48.195  -44.220  55.149 0.0000000000
46275  49.854  -44.873  52.247 0.0000000000
48516  52.084  -42.228  51.818 0.0000000000
48407  40.802  -43.727  59.417 0.0000000000
131048  41.321  -43.913  57.199 0.0000000000
48424  42.824  -43.568  58.129 0.0000000000
48422  44.652  -43.446  57.959 0.0000000000
47319  43.692  -44.038  58.955 0.0000000000
152159  60.222  -19.143  39.959 0.0000000000
72852  61.625  -20.787  36.648 0.0000000000
69103  60.185  -24.520  36.771 0.0000000000
69117  54.331  -24.367  35.356 0.0000000000
70035  54.429  -23.561  37.935 0.0000000000
139799  54.381  -22.934  35.839 0.0000000000
71865  54.642  -21.748  38.287 0.0000000000
137415  54.931  -22.518  35.334 0.0000000000
70967  56.562  -22.108  35.274 0.0000000000
69132  56.406  -24.780  34.678 0.0000000000
62790  59.881  -30.239  35.747 0.0000000000
148103  59.049  -28.593  35.552 0.0000000000
50481  49.124  -41.353  54.160 0.0000000000
51459  49.279  -41.187  53.028 0.0000000000
53946  50.455  -38.287  49.628 0.0000000000
52683  49.724  -39.636  49.474 0.0000000000
59384  54.132  -33.440  49.781 0.0000000000
59413  52.731  -33.556  47.729 0.0000000000
144477  54.176  -32.467  48.589 0.0000000000
61523  53.480  -31.248  46.903 0.0000000000
61510  54.801  -31.103  48.285 0.0000000000
63750  55.755  -30.141  48.439 0.0000000000
61493  55.809  -31.698  49.362 0.0000000000
56315  57.345  -35.477  48.107 0.0000000000
59398  58.211  -33.577  48.096 0.0000000000
57343  58.016  -34.504  47.159 0.0000000000
58384  58.539  -33.602  46.325 0.0000000000
47253  29.886  -44.721  63.269 0.0000000000
47220  31.299  -44.798  64.702 0.0000000000
45111  30.746  -45.836  64.395 0.0000000000
45104  29.451  -46.111  65.144 0.0000000000
68001  56.259  -25.364  43.498 0.0000000000
69002  58.162  -24.863  44.551 0.0000000000
66996  56.704  -25.941  45.212 0.0000000000
66966  57.176  -26.601  46.423 0.0000000000
64942  57.790  -28.516  46.963 0.0000000000
48393  37.037  -43.507  60.385 0.0000000000
48410  37.095  -43.678  58.182 0.0000000000
147843  38.500  -43.720  60.890 0.0000000000
47286  40.105  -44.515  60.274 0.0000000000
46198  41.309  -45.107  59.665 0.0000000000
46212  42.405  -45.201  58.753 0.0000000000
44005  40.918  -46.109  57.973 0.0000000000
131291  59.721  -19.461  38.394 0.0000000000
152806  60.559  -21.097  36.616 0.0000000000
150720  59.301  -20.136  37.158 0.0000000000
71880  58.976  -21.316  36.092 0.0000000000
137783  58.901  -23.215  35.935 0.0000000000
69089  55.325  -24.070  38.293 0.0000000000
67087  55.128  -25.841  37.530 0.0000000000
67088  54.735  -26.030  36.682 0.0000000000
67122  54.873  -26.410  35.205 0.0000000000
67120  56.026  -26.591  35.024 0.0000000000
65115  56.510  -28.430  35.939 0.0000000000
63908  57.644  -29.411  36.252 0.0000000000
51447  50.898  -40.334  53.750 0.0000000000
52627  50.214  -40.027  52.599 0.0000000000
52625  51.429  -39.125  53.398 0.0000000000
55117  51.233  -37.855  51.567 0.0000000000
132549  51.710  -36.649  50.473 0.0000000000
57318  52.070  -35.785  48.681 0.0000000000
56298  52.457  -36.072  51.130 0.0000000000
58306  53.781  -34.301  51.138 0.0000000000
59361  54.912  -33.863  51.254 0.0000000000
59368  55.640  -33.356  50.397 0.0000000000
138600  55.343  -34.444  50.767 0.0000000000
56306  56.631  -35.850  48.823 0.0000000000
55159  56.478  -36.618  47.992 0.0000000000
47289  31.997  -44.415  59.851 0.0000000000
48394  33.379  -43.346  59.626 0.0000000000
49476  35.490  -42.950  59.942 0.0000000000
48357  36.445  -43.759  62.164 0.0000000000
46169  36.169  -44.693  61.242 0.0000000000
69074  56.123  -23.961  38.990 0.0000000000
67047  56.740  -25.653  39.893 0.0000000000
65028  57.714  -28.185  40.419 0.0000000000
66062  58.924  -28.073  41.398 0.0000000000
66051  59.790  -28.168  42.210 0.0000000000
150309  60.623  -28.832  43.134 0.0000000000
67973  59.398  -26.371  44.745 0.0000000000
66018  60.659  -28.726  44.222 0.0000000000
49537  45.389  -43.111  54.906 0.0000000000
50462  46.922  -42.127  55.535 0.0000000000
50460  48.320  -41.918  55.684 0.0000000000
50467  49.428  -41.659  55.065 0.0000000000
154592  48.858  -44.591  53.820 0.0000000000
48498  49.984  -43.353  53.935 0.0000000000
49549  50.574  -41.666  53.948 0.0000000000
50478  51.672  -41.021  53.264 0.0000000000
149705  52.619  -40.988  52.155 0.0000000000
141796  53.487  -40.609  50.556 0.0000000000
51480  54.086  -39.789  49.896 0.0000000000
49606  53.208  -41.065  49.481 0.0000000000
49514  45.117  -42.812  56.755 0.0000000000
48421  45.528  -43.426  57.590 0.0000000000
46243  45.529  -44.929  56.507 0.0000000000
46227  43.486  -45.198  57.546 0.0000000000
45185  43.974  -46.506  55.665 0.0000000000
73798  62.614  -19.470  36.272 0.0000000000
134058  55.486  -20.732  39.522 0.0000000000
71882  56.865  -21.109  36.378 0.0000000000
70966  57.443  -22.323  35.313 0.0000000000
69115  58.623  -24.848  35.869 0.0000000000
67119  57.381  -26.642  35.326 0.0000000000
67117  58.990  -26.992  35.936 0.0000000000
66150  60.384  -27.491  36.152 0.0000000000
51481  49.616  -40.260  50.734 0.0000000000
62621  52.553  -30.508  45.536 0.0000000000
63781  53.606  -29.440  45.661 0.0000000000
64946  55.683  -28.954  47.470 0.0000000000
63760  56.871  -29.352  47.723 0.0000000000
62594  58.106  -30.332  47.403 0.0000000000
60428  56.522  -32.606  49.069 0.0000000000
60439  58.167  -32.145  47.810 0.0000000000
61508  59.535  -31.780  47.171 0.0000000000
60456  60.844  -33.088  46.662 0.0000000000
52699  54.803  -38.944  48.630 0.0000000000
53981  55.533  -38.155  47.646 0.0000000000
46124  26.048  -45.791  66.413 0.0000000000
140640  26.157  -46.056  66.717 0.0000000000
46125  25.189  -45.851  66.325 0.0000000000
46130  26.793  -45.281  66.003 0.0000000000
140212  27.290  -45.399  66.091 0.0000000000
66021  53.888  -27.829  44.313 0.0000000000
64981  53.523  -28.426  44.642 0.0000000000
144651  57.180  -20.131  39.655 0.0000000000
72822  56.492  -20.362  39.491 0.0000000000
65045  57.232  -28.428  39.610 0.0000000000
63877  57.512  -29.262  38.351 0.0000000000
63859  58.188  -29.432  38.865 0.0000000000
51469  53.534  -39.622  51.639 0.0000000000
146395  53.106  -38.528  52.710 0.0000000000
52641  53.592  -38.649  51.959 0.0000000000
53919  53.786  -37.733  51.850 0.0000000000
53918  54.181  -38.313  51.134 0.0000000000
53931  54.732  -37.820  50.311 0.0000000000
52660  54.440  -38.753  50.299 0.0000000000
48335  32.394  -44.177  63.974 0.0000000000
48347  33.057  -43.747  63.181 0.0000000000
47230  33.032  -44.375  63.715 0.0000000000
46145  32.642  -45.033  63.242 0.0000000000
69038  55.980  -24.541  42.106 0.0000000000
69976  56.699  -24.393  42.270 0.0000000000
69987  57.122  -24.365  41.814 0.0000000000
69975  57.326  -24.419  42.654 0.0000000000
69036  58.440  -24.897  43.141 0.0000000000
69024  58.145  -24.435  43.714 0.0000000000
64962  59.281  -28.826  46.136 0.0000000000
64961  59.923  -29.010  45.719 0.0000000000
154222  59.634  -29.434  46.152 0.0000000000
154999  60.296  -30.215  46.065 0.0000000000
147821  59.752  -30.120  46.390 0.0000000000
46241  46.823  -44.685  55.957 0.0000000000
47342  47.410  -43.825  56.351 0.0000000000
46254  46.996  -45.386  54.723 0.0000000000
48406  41.650  -43.658  59.098 0.0000000000
48426  40.852  -43.769  58.203 0.0000000000
48425  41.922  -43.631  58.166 0.0000000000
135237  42.263  -43.798  57.298 0.0000000000
48405  42.498  -43.699  58.873 0.0000000000
48404  43.312  -43.762  58.620 0.0000000000
47320  42.877  -44.000  59.182 0.0000000000
73781  60.434  -19.052  39.135 0.0000000000
74737  60.720  -18.613  40.211 0.0000000000
73780  60.955  -18.654  38.236 0.0000000000
72853  60.660  -20.005  36.859 0.0000000000
70050  54.310  -23.627  35.551 0.0000000000
70069  54.564  -23.231  35.095 0.0000000000
70969  54.617  -22.298  36.316 0.0000000000
70068  55.002  -23.263  34.722 0.0000000000
70067  55.825  -23.476  34.623 0.0000000000
143546  55.509  -24.838  34.513 0.0000000000
62773  60.331  -31.004  36.317 0.0000000000
51448  49.720  -40.966  53.966 0.0000000000
133991  50.679  -37.788  48.936 0.0000000000
55146  50.649  -37.663  48.101 0.0000000000
59383  54.754  -33.046  50.317 0.0000000000
59400  53.715  -33.295  48.656 0.0000000000
60440  54.805  -32.115  49.261 0.0000000000
61503  54.489  -31.778  48.480 0.0000000000
61502  55.106  -31.502  48.896 0.0000000000
62575  55.707  -31.316  49.051 0.0000000000
61494  55.395  -32.039  49.493 0.0000000000
56343  57.253  -35.468  47.636 0.0000000000
57329  57.801  -34.918  47.933 0.0000000000
57345  57.379  -35.111  47.072 0.0000000000
57363  57.599  -34.554  46.658 0.0000000000
47234  28.653  -44.852  64.164 0.0000000000
130072  29.006  -44.836  63.287 0.0000000000
47233  29.606  -44.738  64.214 0.0000000000
131493  30.777  -44.595  64.252 0.0000000000
132195  30.583  -44.877  65.122 0.0000000000
149931  30.160  -45.158  65.245 0.0000000000
46127  29.415  -45.515  65.477 0.0000000000
66034  54.448  -27.226  43.265 0.0000000000
66042  54.353  -27.136  42.459 0.0000000000
67026  55.135  -26.634  42.615 0.0000000000
139989  55.596  -25.789  42.386 0.0000000000
67989  55.970  -26.197  43.951 0.0000000000
137054  56.499  -25.647  44.352 0.0000000000
66997  56.116  -26.387  44.896 0.0000000000
66967  56.716  -26.780  46.447 0.0000000000
65990  56.859  -27.242  46.859 0.0000000000
65965  57.528  -27.755  46.860 0.0000000000
65966  57.046  -27.798  47.219 0.0000000000
48356  37.376  -43.934  61.786 0.0000000000
48374  37.779  -43.697  61.153 0.0000000000
48373  38.334  -43.945  61.216 0.0000000000
46200  39.665  -45.300  59.929 0.0000000000
46183  39.601  -44.966  60.267 0.0000000000
46199  40.421  -45.205  59.985 0.0000000000
47304  40.974  -44.549  60.072 0.0000000000
45153  40.915  -45.455  59.122 0.0000000000
131875  57.669  -19.257  40.744 0.0000000000
73750  58.299  -19.066  40.897 0.0000000000
129787  58.994  -19.290  40.436 0.0000000000
72838  58.913  -19.754  38.771 0.0000000000
133763  59.056  -19.845  37.789 0.0000000000
72872  57.667  -20.601  36.743 0.0000000000
72871  58.402  -20.678  36.483 0.0000000000
70954  59.040  -22.330  35.880 0.0000000000
71891  58.170  -21.811  35.621 0.0000000000
68049  55.494  -24.654  38.087 0.0000000000
67070  55.580  -26.050  38.360 0.0000000000
65063  55.659  -27.881  37.528 0.0000000000
66113  55.017  -26.723  36.986 0.0000000000
66137  55.282  -27.451  36.831 0.0000000000
67106  54.648  -26.352  35.816 0.0000000000
152167  55.339  -27.513  36.143 0.0000000000
144705  55.811  -27.669  35.696 0.0000000000
62753  58.331  -30.124  37.234 0.0000000000
63909  57.240  -29.326  36.696 0.0000000000
62775  58.621  -30.177  36.459 0.0000000000
61694  59.803  -31.346  36.850 0.0000000000
52613  51.361  -39.728  53.530 0.0000000000
52614  51.110  -39.686  53.593 0.0000000000
52624  51.860  -39.346  53.350 0.0000000000
55106  52.628  -37.617  52.830 0.0000000000
55107  52.058  -37.836  52.848 0.0000000000
55116  51.797  -37.541  52.012 0.0000000000
55126  51.347  -37.291  50.882 0.0000000000
56299  52.065  -36.856  51.545 0.0000000000
56290  52.756  -36.487  52.157 0.0000000000
57281  54.272  -35.627  52.009 0.0000000000
57293  53.664  -35.017  51.841 0.0000000000
139388  54.179  -34.989  51.955 0.0000000000
59362  54.497  -33.962  51.378 0.0000000000
58285  54.887  -34.482  51.335 0.0000000000
58305  55.305  -33.852  50.925 0.0000000000
57292  55.072  -35.208  50.804 0.0000000000
55124  55.676  -36.669  49.282 0.0000000000
55135  56.018  -36.172  49.146 0.0000000000
55134  56.102  -36.353  48.839 0.0000000000
55133  56.551  -36.188  48.500 0.0000000000
53979  56.127  -36.996  48.245 0.0000000000
145671  30.719  -44.876  60.734 0.0000000000
47290  31.368  -44.742  60.343 0.0000000000
48378  32.091  -44.206  60.794 0.0000000000
48359  33.708  -43.392  61.724 0.0000000000
48376  33.471  -43.221  60.620 0.0000000000
49449  34.253  -42.978  61.070 0.0000000000
49466  34.079  -42.935  60.049 0.0000000000
49448  34.992  -42.976  61.512 0.0000000000
49464  35.621  -43.002  61.063 0.0000000000
49436  35.070  -43.246  62.156 0.0000000000
69064  55.117  -23.891  39.186 0.0000000000
69063  55.715  -23.850  39.583 0.0000000000
68027  57.530  -25.238  41.055 0.0000000000
68028  57.042  -24.826  40.269 0.0000000000
67046  57.227  -25.913  40.657 0.0000000000
66065  56.903  -26.654  40.306 0.0000000000
66064  57.514  -27.162  40.859 0.0000000000
149772  58.158  -27.940  41.080 0.0000000000
66063  58.300  -27.220  41.461 0.0000000000
67023  59.526  -27.045  43.181 0.0000000000
67036  59.347  -27.357  42.440 0.0000000000
66041  59.988  -27.790  42.857 0.0000000000
66050  60.297  -28.495  42.606 0.0000000000
66040  60.409  -28.232  43.272 0.0000000000
67976  58.229  -25.322  45.027 0.0000000000
69011  58.780  -25.427  44.618 0.0000000000
66982  58.949  -25.986  45.160 0.0000000000
64970  60.760  -28.897  44.821 0.0000000000
136830  60.360  -28.290  44.720 0.0000000000
64979  60.674  -28.730  44.466 0.0000000000
64988  60.755  -28.983  43.884 0.0000000000
63802  60.947  -29.612  44.090 0.0000000000
49526  45.669  -42.754  55.950 0.0000000000
129378  46.218  -42.710  55.180 0.0000000000
49525  46.460  -42.452  56.050 0.0000000000
48461  48.324  -43.156  55.728 0.0000000000
49524  47.867  -42.050  56.139 0.0000000000
49523  48.441  -42.199  55.934 0.0000000000
49535  48.953  -41.932  55.500 0.0000000000
49534  49.531  -42.076  55.146 0.0000000000
46265  47.894  -45.489  53.649 0.0000000000
46264  48.502  -45.293  53.306 0.0000000000
47394  50.376  -44.147  52.522 0.0000000000
47395  49.864  -44.181  53.151 0.0000000000
48497  50.520  -42.753  53.685 0.0000000000
48478  49.979  -42.322  54.390 0.0000000000
49548  51.222  -42.347  53.232 0.0000000000
145989  51.245  -41.465  53.547 0.0000000000
150682  51.588  -41.703  53.025 0.0000000000
155040  52.303  -42.188  51.441 0.0000000000
49561  52.430  -41.632  51.885 0.0000000000
48539  52.508  -42.050  51.043 0.0000000000
49576  52.888  -41.113  51.358 0.0000000000
49575  53.039  -41.236  50.513 0.0000000000
50516  53.643  -40.514  49.936 0.0000000000
49607  52.623  -41.904  49.879 0.0000000000
137644  38.120  -43.755  58.163 0.0000000000
48429  37.396  -43.802  57.528 0.0000000000
48444  42.678  -43.910  56.543 0.0000000000
128265  43.986  -43.700  55.195 0.0000000000
49527  44.850  -43.207  55.644 0.0000000000
48462  44.223  -43.404  56.276 0.0000000000
47332  45.059  -44.051  58.041 0.0000000000
47331  45.664  -44.107  57.374 0.0000000000
46225  44.869  -44.752  57.137 0.0000000000
45159  42.862  -45.329  58.002 0.0000000000
45195  44.752  -46.401  55.231 0.0000000000
72868  62.059  -20.069  36.488 0.0000000000
71877  62.429  -21.004  36.643 0.0000000000
71879  59.991  -21.171  36.457 0.0000000000
70017  54.711  -23.707  38.051 0.0000000000
131838  54.226  -22.206  40.252 0.0000000000
72841  54.900  -21.251  39.044 0.0000000000
72842  54.397  -21.421  40.480 0.0000000000
72857  55.662  -20.958  38.341 0.0000000000
71863  56.088  -21.078  37.317 0.0000000000
70983  56.781  -22.969  34.887 0.0000000000
70049  57.429  -23.701  35.166 0.0000000000
70048  58.173  -23.501  35.593 0.0000000000
69116  57.834  -25.114  35.446 0.0000000000
66154  56.746  -27.833  35.495 0.0000000000
137610  56.726  -27.000  35.287 0.0000000000
66153  57.629  -28.040  35.509 0.0000000000
63921  60.424  -29.671  35.613 0.0000000000
66152  58.397  -27.722  35.597 0.0000000000
65112  60.147  -28.647  35.607 0.0000000000
66151  59.419  -27.746  35.764 0.0000000000
52642  50.532  -39.236  52.178 0.0000000000
52643  49.962  -39.782  51.401 0.0000000000
57317  52.495  -35.280  49.353 0.0000000000
60449  52.427  -32.747  47.175 0.0000000000
62608  53.805  -30.504  46.653 0.0000000000
62609  52.955  -30.850  46.229 0.0000000000
62620  53.262  -30.123  45.973 0.0000000000
63782  52.871  -29.802  45.252 0.0000000000
63771  54.092  -29.762  46.412 0.0000000000
63780  54.386  -29.031  46.153 0.0000000000
63770  54.945  -29.351  46.963 0.0000000000
62586  56.097  -30.542  48.686 0.0000000000
64922  56.363  -29.399  47.927 0.0000000000
63747  56.882  -30.167  47.995 0.0000000000
62595  57.414  -29.787  47.597 0.0000000000
62585  57.272  -30.589  47.878 0.0000000000
59382  56.064  -33.534  49.892 0.0000000000
138136  56.045  -32.918  49.835 0.0000000000
59381  56.678  -33.490  49.133 0.0000000000
59397  58.648  -33.431  47.754 0.0000000000
154188  58.001  -32.865  48.125 0.0000000000
60438  58.711  -32.956  47.778 0.0000000000
61509  58.803  -31.685  47.489 0.0000000000
60447  59.198  -32.425  47.453 0.0000000000
60446  60.202  -32.710  47.043 0.0000000000
59411  59.919  -33.043  47.024 0.0000000000
59437  58.487  -33.469  45.823 0.0000000000
51504  53.957  -40.090  48.958 0.0000000000
51503  54.246  -39.734  48.974 0.0000000000
51515  54.365  -39.484  48.402 0.0000000000
47223  28.277  -44.792  65.102 0.0000000000
47215  28.794  -45.144  65.591 0.0000000000
46129  28.011  -45.362  66.051 0.0000000000
46122  27.413  -45.864  66.259 0.0000000000
66043  53.650  -27.424  42.777 0.0000000000
137464  54.764  -27.137  43.973 0.0000000000
66998  55.424  -26.852  44.382 0.0000000000
66020  54.701  -27.452  44.653 0.0000000000
66007  55.021  -27.645  45.588 0.0000000000
65991  55.491  -27.884  46.369 0.0000000000
46185  37.419  -45.051  60.496 0.0000000000
46184  38.266  -44.837  60.657 0.0000000000
46201  38.127  -45.251  60.016 0.0000000000
46213  38.779  -45.247  59.379 0.0000000000
72821  57.421  -19.691  40.209 0.0000000000
72839  57.378  -20.349  38.736 0.0000000000
72856  57.552  -20.397  37.609 0.0000000000
146932  56.950  -20.683  37.176 0.0000000000
66093  55.940  -26.960  38.990 0.0000000000
153277  55.993  -27.663  38.760 0.0000000000
140856  56.153  -28.234  38.329 0.0000000000
65082  56.248  -28.620  37.346 0.0000000000
63878  56.842  -28.914  37.925 0.0000000000
132716  57.524  -29.520  37.434 0.0000000000
51455  52.703  -39.626  52.810 0.0000000000
132598  51.907  -38.753  53.244 0.0000000000
52623  52.489  -38.899  53.072 0.0000000000
53910  52.844  -38.094  52.877 0.0000000000
55105  53.166  -37.404  52.578 0.0000000000
56289  53.357  -36.317  52.369 0.0000000000
56280  53.547  -36.567  52.306 0.0000000000
56279  53.981  -36.402  52.156 0.0000000000
56288  54.296  -36.242  51.805 0.0000000000
56297  55.038  -36.131  50.429 0.0000000000
55113  54.524  -36.666  51.028 0.0000000000
55125  55.160  -36.960  50.099 0.0000000000
53930  55.386  -37.469  49.435 0.0000000000
147721  32.250  -43.924  61.853 0.0000000000
48361  32.400  -43.803  62.855 0.0000000000
48360  33.027  -43.631  62.291 0.0000000000
148822  34.158  -43.594  62.372 0.0000000000
48345  34.808  -43.729  62.726 0.0000000000
130227  34.069  -43.970  62.672 0.0000000000
68022  55.056  -25.508  41.114 0.0000000000
68021  55.420  -24.571  40.963 0.0000000000
69054  55.583  -23.976  40.415 0.0000000000
69062  56.526  -23.966  39.647 0.0000000000
69053  56.826  -24.166  40.389 0.0000000000
69052  57.243  -24.509  40.762 0.0000000000
135970  57.959  -25.697  41.832 0.0000000000
67038  58.378  -26.560  41.900 0.0000000000
68020  58.474  -26.087  42.376 0.0000000000
68008  58.681  -25.746  42.967 0.0000000000
68007  59.174  -26.247  43.443 0.0000000000
65987  58.560  -27.153  46.091 0.0000000000
66981  59.274  -26.675  45.218 0.0000000000
137971  59.508  -28.206  45.589 0.0000000000
64971  60.231  -28.530  45.165 0.0000000000
63778  61.153  -29.741  44.852 0.0000000000
62617  62.152  -30.356  44.519 0.0000000000
62618  61.804  -30.502  45.221 0.0000000000
62605  61.460  -31.141  45.687 0.0000000000
60466  61.381  -32.305  45.577 0.0000000000
48440  47.062  -43.133  56.922 0.0000000000
47361  47.934  -43.790  55.924 0.0000000000
142541  49.251  -45.381  52.329 0.0000000000
48518  51.332  -43.116  52.270 0.0000000000
49563  51.712  -42.300  52.427 0.0000000000
47429  51.542  -43.616  51.081 0.0000000000
154219  51.876  -43.259  50.972 0.0000000000
48427  39.989  -43.769  58.696 0.0000000000
48428  39.058  -43.875  57.798 0.0000000000
149364  39.922  -43.915  57.724 0.0000000000
47345  40.790  -44.467  56.291 0.0000000000
48445  41.750  -44.234  56.368 0.0000000000
141723  43.038  -43.627  57.392 0.0000000000
48443  43.588  -43.528  56.919 0.0000000000
48423  43.730  -43.364  57.946 0.0000000000
48403  43.986  -43.727  58.451 0.0000000000
128270  61.187  -19.379  36.972 0.0000000000
71861  62.413  -21.700  36.962 0.0000000000
70033  60.482  -23.682  36.939 0.0000000000
152617  54.316  -24.626  35.922 0.0000000000
69106  54.357  -23.899  36.479 0.0000000000
148683  54.314  -23.390  36.481 0.0000000000
70051  54.284  -22.811  36.997 0.0000000000
70955  54.380  -22.296  37.653 0.0000000000
71884  54.911  -21.790  36.839 0.0000000000
152463  55.113  -21.902  35.948 0.0000000000
71892  55.757  -21.479  36.342 0.0000000000
70984  55.763  -22.635  34.922 0.0000000000
70066  56.619  -23.920  34.750 0.0000000000
63923  58.627  -29.267  35.654 0.0000000000
65113  58.151  -28.559  35.601 0.0000000000
63922  59.513  -29.452  35.570 0.0000000000
50482  48.321  -41.741  54.223 0.0000000000
53932  50.443  -38.556  50.573 0.0000000000
53947  49.989  -38.942  49.043 0.0000000000
58325  53.593  -34.023  50.064 0.0000000000
59401  53.096  -33.955  48.447 0.0000000000
58343  53.497  -33.868  49.160 0.0000000000
60448  53.322  -32.715  47.833 0.0000000000
61512  53.093  -32.025  47.223 0.0000000000
149070  53.862  -32.153  47.883 0.0000000000
61511  54.046  -31.566  47.646 0.0000000000
62596  55.157  -30.393  48.063 0.0000000000
63762  55.432  -29.690  47.792 0.0000000000
62588  55.506  -30.829  48.665 0.0000000000
62587  55.887  -30.682  48.767 0.0000000000
62574  55.973  -31.083  49.031 0.0000000000
58322  57.625  -34.777  48.388 0.0000000000
59399  57.564  -33.795  48.533 0.0000000000
58341  58.058  -34.430  48.069 0.0000000000
57315  58.084  -34.447  47.941 0.0000000000
58358  58.492  -33.855  47.424 0.0000000000
58357  59.275  -33.346  46.940 0.0000000000
57362  58.078  -34.248  46.753 0.0000000000
47271  30.401  -44.816  61.454 0.0000000000
136081  30.082  -44.767  62.312 0.0000000000
132603  30.964  -44.530  62.323 0.0000000000
47251  31.589  -44.166  63.304 0.0000000000
47232  31.799  -44.312  64.075 0.0000000000
47219  31.957  -44.691  64.242 0.0000000000
45109  31.451  -45.758  63.961 0.0000000000
46135  31.480  -45.168  64.633 0.0000000000
45103  30.053  -45.610  64.905 0.0000000000
45105  29.002  -46.109  65.988 0.0000000000
68011  55.222  -26.157  41.822 0.0000000000
136257  55.920  -25.113  42.686 0.0000000000
69026  56.838  -24.682  43.401 0.0000000000
69025  57.437  -24.529  43.736 0.0000000000
69014  57.316  -24.869  44.156 0.0000000000
154013  57.385  -25.318  44.724 0.0000000000
67977  57.826  -25.560  45.311 0.0000000000
66983  56.942  -26.225  45.944 0.0000000000
66965  57.750  -26.426  46.226 0.0000000000
65988  58.023  -26.940  46.436 0.0000000000
64963  58.182  -27.802  46.536 0.0000000000
63769  58.527  -28.671  46.549 0.0000000000
49488  36.236  -43.344  59.498 0.0000000000
130317  37.063  -43.559  59.276 0.0000000000
48409  38.030  -43.652  59.215 0.0000000000
48391  38.820  -43.643  60.296 0.0000000000
47264  38.887  -44.053  61.009 0.0000000000
48372  39.127  -43.902  60.893 0.0000000000
48390  39.612  -43.781  60.228 0.0000000000
48389  40.431  -43.978  60.085 0.0000000000
48388  41.354  -43.970  59.712 0.0000000000
47303  41.869  -44.434  59.678 0.0000000000
46197  42.588  -44.513  59.270 0.0000000000
143258  41.989  -45.026  59.320 0.0000000000
45161  41.627  -45.519  58.666 0.0000000000
44004  41.700  -46.197  57.456 0.0000000000
73768  59.584  -19.389  39.573 0.0000000000
72854  59.842  -19.761  37.472 0.0000000000
72855  58.459  -20.237  37.144 0.0000000000
72870  59.199  -20.597  36.625 0.0000000000
70953  59.956  -22.079  36.355 0.0000000000
70034  59.683  -23.105  36.482 0.0000000000
144409  59.622  -23.936  36.511 0.0000000000
69104  59.361  -24.667  36.341 0.0000000000
69090  54.798  -23.888  38.265 0.0000000000
68064  54.991  -24.642  37.485 0.0000000000
68080  54.444  -25.291  36.135 0.0000000000
68094  54.532  -25.844  35.354 0.0000000000
68110  54.744  -25.707  34.880 0.0000000000
68109  55.185  -25.490  34.643 0.0000000000
67121  55.504  -26.877  35.286 0.0000000000
129560  56.134  -27.223  35.347 0.0000000000
65101  56.605  -28.845  36.587 0.0000000000
63925  57.114  -29.021  36.088 0.0000000000
63924  57.831  -29.125  35.811 0.0000000000
63907  58.248  -29.657  36.051 0.0000000000
62774  59.419  -30.560  36.322 0.0000000000
51458  50.036  -40.594  53.381 0.0000000000
51457  50.699  -40.133  53.568 0.0000000000
52626  50.899  -39.418  53.262 0.0000000000
53913  51.142  -38.713  52.896 0.0000000000
53912  51.740  -38.456  53.127 0.0000000000
53920  51.483  -38.124  52.509 0.0000000000
53921  50.824  -38.488  51.652 0.0000000000
55127  50.827  -37.960  50.668 0.0000000000
55137  50.952  -37.449  49.777 0.0000000000
55136  51.393  -36.792  49.532 0.0000000000
56316  51.554  -36.458  48.534 0.0000000000
56307  52.002  -36.044  49.699 0.0000000000
57306  52.673  -35.403  50.441 0.0000000000
57283  53.234  -35.811  52.015 0.0000000000
58307  53.248  -34.968  51.013 0.0000000000
58326  53.081  -34.724  50.169 0.0000000000
59371  54.319  -33.624  50.754 0.0000000000
59370  54.909  -33.408  50.916 0.0000000000
60421  55.278  -32.814  50.170 0.0000000000
59369  55.320  -33.330  50.725 0.0000000000
58304  55.834  -34.094  50.165 0.0000000000
56296  55.624  -35.798  49.823 0.0000000000
57305  56.368  -35.668  49.215 0.0000000000
133633  56.686  -34.836  49.230 0.0000000000
56305  57.008  -35.663  48.486 0.0000000000
55158  56.928  -35.950  47.895 0.0000000000
49489  35.250  -43.286  58.750 0.0000000000
49478  33.943  -43.108  59.109 0.0000000000
49477  34.671  -42.959  59.471 0.0000000000
49475  36.309  -43.276  60.645 0.0000000000
48375  36.966  -43.591  61.505 0.0000000000
47246  36.701  -44.059  62.145 0.0000000000
47248  35.331  -43.976  62.790 0.0000000000
47267  36.383  -44.327  62.086 0.0000000000
46168  36.947  -44.649  61.339 0.0000000000
69075  55.557  -23.984  38.635 0.0000000000
68048  55.974  -24.683  38.736 0.0000000000
68037  56.638  -24.522  39.389 0.0000000000
66078  56.414  -26.787  39.698 0.0000000000
66077  56.938  -27.601  40.110 0.0000000000
65044  58.199  -28.875  39.710 0.0000000000
65027  58.608  -28.562  40.618 0.0000000000
65026  59.334  -28.887  40.913 0.0000000000
66053  58.894  -27.307  41.898 0.0000000000
65012  59.585  -28.531  41.594 0.0000000000
69023  58.579  -24.976  44.145 0.0000000000
139606  58.995  -25.561  44.242 0.0000000000
67012  59.624  -26.795  43.829 0.0000000000
66980  59.557  -27.149  45.046 0.0000000000
66995  59.721  -27.224  44.541 0.0000000000
66033  60.461  -28.225  43.943 0.0000000000
66032  60.633  -28.674  43.775 0.0000000000
49552  45.889  -42.981  54.030 0.0000000000
149501  47.336  -41.947  55.054 0.0000000000
50453  47.160  -42.154  56.136 0.0000000000
50461  47.603  -41.898  55.708 0.0000000000
50469  47.998  -41.756  55.070 0.0000000000
50468  48.901  -41.581  55.056 0.0000000000
50480  49.688  -41.336  54.445 0.0000000000
46253  47.755  -44.985  54.523 0.0000000000
47378  48.331  -44.728  54.175 0.0000000000
48480  48.836  -43.804  54.755 0.0000000000
46276  49.270  -44.793  53.023 0.0000000000
47377  49.376  -44.016  53.893 0.0000000000
48479  49.444  -43.020  54.620 0.0000000000
50466  49.883  -41.621  54.547 0.0000000000
50479  50.387  -41.054  54.123 0.0000000000
132779  51.061  -40.900  53.862 0.0000000000
51446  51.469  -40.333  53.572 0.0000000000
51445  52.017  -40.368  53.206 0.0000000000
49562  51.967  -41.606  52.517 0.0000000000
137407  52.242  -41.005  52.670 0.0000000000
142648  52.544  -40.340  52.683 0.0000000000
50492  52.860  -40.594  51.981 0.0000000000
50504  53.325  -40.393  51.399 0.0000000000
51468  53.836  -40.020  50.575 0.0000000000
130460  54.188  -39.490  50.211 0.0000000000
147642  54.027  -40.112  50.024 0.0000000000
50528  53.789  -40.283  49.680 0.0000000000
50557  53.579  -40.515  48.824 0.0000000000
49623  52.627  -41.657  49.354 0.0000000000
49637  52.568  -41.386  48.922 0.0000000000
48430  36.688  -43.798  57.334 0.0000000000
147596  38.705  -43.998  56.891 0.0000000000
48482  44.604  -43.545  54.592 0.0000000000
49513  45.916  -42.743  56.682 0.0000000000
48442  44.497  -42.970  57.399 0.0000000000
49500  45.269  -42.940  57.315 0.0000000000
48441  46.148  -42.948  57.144 0.0000000000
47330  46.284  -43.526  57.189 0.0000000000
47344  46.221  -44.348  56.656 0.0000000000
46242  46.126  -45.103  56.073 0.0000000000
146318  43.013  -44.795  58.867 0.0000000000
45170  43.937  -45.631  56.733 0.0000000000
45184  44.692  -45.567  56.076 0.0000000000
46132  25.018  -45.828  65.427 0.0000000000
72867  62.866  -20.548  36.334 0.0000000000
148189  56.417  -21.570  35.769 0.0000000000
136921  57.226  -21.598  35.665 0.0000000000
70965  58.233  -22.681  35.555 0.0000000000
142448  58.876  -24.012  36.004 0.0000000000
68079  59.106  -25.325  36.145 0.0000000000
68108  56.003  -25.715  34.686 0.0000000000
68107  57.012  -25.412  34.956 0.0000000000
68092  57.628  -25.956  35.342 0.0000000000
67118  58.239  -26.629  35.629 0.0000000000
68091  58.465  -25.672  35.755 0.0000000000
66136  59.780  -26.791  36.231 0.0000000000
65100  61.279  -28.151  36.169 0.0000000000
64982  52.848  -28.780  44.228 0.0000000000
133935  49.682  -40.687  52.472 0.0000000000
51470  49.611  -40.470  51.567 0.0000000000
61533  52.178  -31.183  45.879 0.0000000000
62628  52.171  -30.145  44.872 0.0000000000
63791  53.156  -29.079  44.975 0.0000000000
64973  53.904  -28.718  45.393 0.0000000000
64965  55.208  -28.597  46.691 0.0000000000
64964  55.930  -28.197  47.113 0.0000000000
63761  55.920  -29.448  48.029 0.0000000000
64945  56.231  -28.748  47.582 0.0000000000
64944  56.717  -28.602  47.540 0.0000000000
64943  57.197  -28.467  47.354 0.0000000000
134644  57.443  -29.073  47.391 0.0000000000
62593  58.915  -30.239  46.859 0.0000000000
60430  56.031  -31.922  49.561 0.0000000000
60429  56.097  -32.176  49.591 0.0000000000
61501  56.460  -31.769  48.876 0.0000000000
140612  57.360  -33.136  48.521 0.0000000000
139610  57.207  -32.331  48.374 0.0000000000
61500  57.175  -31.446  48.153 0.0000000000
61499  58.039  -31.175  47.620 0.0000000000
128113  58.857  -31.005  47.231 0.0000000000
61522  59.650  -30.969  46.802 0.0000000000
61521  60.319  -31.861  46.682 0.0000000000
137354  60.988  -32.649  46.756 0.0000000000
59425  61.015  -33.148  46.158 0.0000000000
58383  59.284  -33.225  46.507 0.0000000000
59448  59.214  -32.848  45.576 0.0000000000
52682  54.491  -39.078  49.669 0.0000000000
130823  54.701  -38.876  49.296 0.0000000000
52698  55.262  -38.341  48.970 0.0000000000
138477  54.597  -39.091  47.789 0.0000000000
52717  55.010  -38.835  47.961 0.0000000000
53962  55.732  -37.519  48.621 0.0000000000
53997  55.908  -37.380  47.391 0.0000000000
45100  26.737  -46.234  66.502 0.0000000000
45101  25.949  -46.512  66.683 0.0000000000
45212  49.024  -45.654  52.953 0.0000000000
45213  48.504  -45.643  52.980 0.0000000000
46126  30.893  -45.113  65.131 0.0000000000
46128  28.753  -45.699  65.964 0.0000000000
46134  32.062  -45.122  64.088 0.0000000000
46196  43.220  -44.332  59.055 0.0000000000
46211  43.619  -44.554  58.588 0.0000000000
47214  29.739  -45.066  65.258 0.0000000000
47216  27.987  -44.890  65.754 0.0000000000
47218  32.609  -44.523  64.037 0.0000000000
47221  30.046  -44.776  64.957 0.0000000000
47231  32.926  -43.962  63.747 0.0000000000
47247  35.980  -44.025  62.452 0.0000000000
47252  30.662  -44.577  63.108 0.0000000000
47265  38.390  -44.246  61.097 0.0000000000
47266  37.202  -44.191  61.837 0.0000000000
47268  35.464  -44.130  62.489 0.0000000000
47287  39.381  -44.244  60.565 0.0000000000
47288  38.930  -44.536  60.660 0.0000000000
47318  44.303  -44.059  58.491 0.0000000000
47411  51.013  -44.003  51.769 0.0000000000
47412  50.881  -43.957  52.000 0.0000000000
47428  52.105  -42.824  51.126 0.0000000000
48344  35.563  -43.705  62.443 0.0000000000
48346  33.617  -43.690  62.607 0.0000000000
48358  35.694  -43.194  61.956 0.0000000000
48371  39.723  -43.983  60.434 0.0000000000
48392  37.940  -43.528  60.297 0.0000000000
48439  47.773  -43.152  56.369 0.0000000000
48517  51.728  -42.969  51.620 0.0000000000
49463  36.242  -43.324  61.573 0.0000000000
49465  34.847  -42.904  60.510 0.0000000000
49511  47.462  -42.634  56.324 0.0000000000
49589  53.185  -41.169  49.972 0.0000000000
50527  54.078  -40.138  49.736 0.0000000000
50542  53.940  -40.082  49.543 0.0000000000
50543  53.470  -40.779  48.756 0.0000000000
50544  53.183  -41.033  49.022 0.0000000000
50558  53.052  -40.843  48.746 0.0000000000
50559  52.406  -40.911  48.497 0.0000000000
51454  52.993  -39.963  52.207 0.0000000000
51490  54.627  -39.166  49.096 0.0000000000
51491  54.214  -39.714  49.436 0.0000000000
51517  53.173  -40.271  48.377 0.0000000000
52612  51.816  -39.897  53.426 0.0000000000
52680  55.590  -37.658  48.861 0.0000000000
52681  55.225  -38.158  49.258 0.0000000000
52716  55.488  -38.192  48.389 0.0000000000
53929  55.749  -36.836  48.944 0.0000000000
53933  50.090  -39.027  49.996 0.0000000000
53961  55.835  -37.046  48.616 0.0000000000
53980  56.028  -37.415  47.969 0.0000000000
55104  53.607  -37.155  52.226 0.0000000000
55114  54.028  -36.911  51.769 0.0000000000
55143  56.921  -35.939  48.194 0.0000000000
55144  56.621  -36.311  48.208 0.0000000000
55160  56.348  -36.781  47.721 0.0000000000
56281  53.014  -36.910  52.598 0.0000000000
56287  54.603  -35.797  51.354 0.0000000000
56325  57.464  -35.323  47.900 0.0000000000
57271  53.941  -36.055  52.291 0.0000000000
57291  55.749  -35.000  49.953 0.0000000000
57294  53.045  -35.435  51.367 0.0000000000
57303  57.395  -35.377  48.269 0.0000000000
57304  56.969  -35.436  48.795 0.0000000000
57316  57.794  -34.950  48.091 0.0000000000
57344  57.695  -34.827  47.424 0.0000000000
58286  54.497  -34.438  51.553 0.0000000000
58287  54.178  -34.472  51.740 0.0000000000
58323  57.249  -34.270  48.816 0.0000000000
58342  57.973  -34.243  48.214 0.0000000000
58367  58.562  -33.767  46.880 0.0000000000
59426  60.112  -33.114  46.594 0.0000000000
59436  59.226  -33.083  46.153 0.0000000000
59447  60.092  -32.694  45.921 0.0000000000
60420  55.681  -32.711  50.018 0.0000000000
60432  54.514  -32.777  49.500 0.0000000000
60455  61.229  -32.657  46.224 0.0000000000
60465  62.030  -31.676  45.062 0.0000000000
61482  55.646  -32.247  49.714 0.0000000000
61492  56.108  -31.585  49.214 0.0000000000
61520  61.089  -31.876  46.232 0.0000000000
61524  52.650  -31.600  46.464 0.0000000000
61532  61.773  -31.866  45.723 0.0000000000
62597  54.347  -30.811  47.458 0.0000000000
62619  60.845  -30.233  45.587 0.0000000000
62754  57.905  -29.734  36.684 0.0000000000
62789  60.767  -30.419  35.895 0.0000000000
62791  58.999  -30.004  35.799 0.0000000000
63748  56.409  -30.056  48.272 0.0000000000
63749  56.053  -30.035  48.465 0.0000000000
63759  58.153  -29.425  47.053 0.0000000000
63779  60.594  -29.291  45.344 0.0000000000
63790  60.871  -29.199  44.541 0.0000000000
63792  52.527  -29.483  44.536 0.0000000000
63803  52.201  -29.147  43.821 0.0000000000
63920  61.262  -29.870  35.796 0.0000000000
64972  54.676  -28.284  45.904 0.0000000000
64978  60.823  -29.162  44.350 0.0000000000
65009  60.575  -29.288  42.648 0.0000000000
65010  60.302  -28.933  42.191 0.0000000000
65011  60.086  -28.869  41.936 0.0000000000
65967  56.556  -27.970  47.228 0.0000000000
65986  59.118  -27.323  45.593 0.0000000000
65989  57.384  -27.114  46.709 0.0000000000
66004  59.893  -27.677  44.666 0.0000000000
66019  60.329  -28.111  44.396 0.0000000000
66035  53.702  -27.631  43.577 0.0000000000
66052  59.376  -27.853  41.868 0.0000000000
66054  53.781  -27.134  41.752 0.0000000000
66112  55.292  -26.966  37.641 0.0000000000
66138  54.928  -26.980  36.271 0.0000000000
66155  55.106  -27.035  35.710 0.0000000000
66963  58.744  -26.517  45.600 0.0000000000
66964  58.306  -26.261  45.847 0.0000000000
66984  56.304  -26.684  45.866 0.0000000000
67011  60.003  -27.455  44.154 0.0000000000
67024  58.957  -26.543  42.810 0.0000000000
67025  55.788  -26.008  43.098 0.0000000000
67105  59.236  -26.098  36.139 0.0000000000
67133  55.294  -26.189  34.848 0.0000000000
67962  58.527  -25.775  45.317 0.0000000000
67963  58.071  -25.856  45.649 0.0000000000
67964  57.516  -26.054  45.836 0.0000000000
67974  59.079  -25.801  44.850 0.0000000000
67975  58.719  -25.491  44.897 0.0000000000
67978  57.342  -25.636  45.209 0.0000000000
67987  59.543  -26.584  44.355 0.0000000000
67988  59.204  -25.880  44.554 0.0000000000
67998  59.301  -25.938  43.804 0.0000000000
68000  56.741  -25.039  43.790 0.0000000000
68009  58.247  -25.301  42.345 0.0000000000
68077  60.670  -25.149  36.878 0.0000000000
68078  59.774  -25.298  36.524 0.0000000000
68093  56.782  -26.253  35.030 0.0000000000
69001  58.415  -25.090  44.591 0.0000000000
69003  57.798  -25.086  44.740 0.0000000000
69012  58.172  -24.632  44.260 0.0000000000
69013  57.863  -24.601  44.278 0.0000000000
69027  56.398  -24.762  43.025 0.0000000000
69037  56.465  -24.531  42.667 0.0000000000
69043  57.450  -24.579  41.561 0.0000000000
69044  56.254  -24.326  41.945 0.0000000000
69051  57.716  -24.952  41.614 0.0000000000
69133  55.086  -24.024  34.437 0.0000000000
69134  54.562  -23.867  34.805 0.0000000000
69948  57.972  -24.352  43.849 0.0000000000
69960  57.665  -24.402  43.403 0.0000000000
69974  57.924  -24.429  42.919 0.0000000000
69986  57.543  -24.554  42.241 0.0000000000
69988  56.586  -24.204  41.251 0.0000000000
69993  57.095  -24.312  41.054 0.0000000000
69994  56.216  -23.920  40.324 0.0000000000
70968  55.703  -21.925  35.501 0.0000000000
71864  55.317  -21.271  37.942 0.0000000000
72820  58.046  -20.072  39.372 0.0000000000
72869  60.096  -20.469  36.775 0.0000000000
73738  57.483  -19.001  41.191 0.0000000000
132246  54.470  -34.915  51.696 0.0000000000
133199  58.951  -33.268  47.400 0.0000000000
133755  55.983  -36.557  48.745 0.0000000000
134654  47.545  -44.491  55.439 0.0000000000
134676  55.766  -27.357  45.971 0.0000000000
134677  37.787  -44.101  61.419 0.0000000000
135234  27.510  -44.993  65.975 0.0000000000
135342  57.018  -25.378  44.554 0.0000000000
137650  62.003  -30.103  43.954 0.0000000000
139398  40.086  -43.705  59.717 0.0000000000
140240  58.769  -19.620  39.653 0.0000000000
141719  54.394  -25.142  35.291 0.0000000000
142184  57.514  -27.327  35.428 0.0000000000
142382  58.027  -24.286  35.563 0.0000000000
144716  58.390  -26.632  46.041 0.0000000000
147622  60.120  -33.155  46.269 0.0000000000
147770  59.247  -26.325  45.223 0.0000000000
148255  54.662  -37.253  50.621 0.0000000000
148300  55.881  -24.193  34.519 0.0000000000
148527  58.381  -33.883  47.886 0.0000000000
149158  57.623  -23.023  35.247 0.0000000000
150005  56.265  -36.569  48.439 0.0000000000
151239  51.292  -37.015  50.154 0.0000000000
153073  47.917  -41.999  53.548 0.0000000000
153508  42.400  -44.111  59.452 0.0000000000
153729  50.338  -43.570  53.302 0.0000000000
154174  59.269  -23.583  36.260 0.0000000000
155097  58.443  -33.860  48.238 0.0000000000
