#!ascii label  , from subject sub001 vox2ras=TkReg
1162
51477  23.818  -39.623  51.579 0.0000000000
52567  37.984  -37.108  56.845 0.0000000000
132295  43.929  -16.138  36.092 0.0000000000
62669  35.969  -30.979  42.010 0.0000000000
55179  40.692  -37.387  47.175 0.0000000000
82827  55.584  -10.466  28.394 0.0000000000
73771  44.154  -19.303  39.695 0.0000000000
70023  39.581  -23.745  37.798 0.0000000000
48593  18.220  -42.717  49.363 0.0000000000
58212  30.730  -34.366  57.116 0.0000000000
56283  35.159  -35.511  52.184 0.0000000000
57299  26.633  -34.456  51.009 0.0000000000
137874  49.668  -13.791  32.253 0.0000000000
52555  26.771  -37.389  58.399 0.0000000000
48475  20.289  -41.587  55.051 0.0000000000
79723  49.858  -13.178  36.266 0.0000000000
46280  13.641  -44.021  53.849 0.0000000000
41940  10.509  -49.392  52.364 0.0000000000
150981  40.885  -28.339  39.397 0.0000000000
59442  38.475  -33.697  45.830 0.0000000000
129609  37.213  -37.710  43.470 0.0000000000
53972  35.279  -38.557  48.446 0.0000000000
72813  44.499  -20.842  40.411 0.0000000000
71852  41.323  -21.265  38.788 0.0000000000
70002  42.011  -23.292  39.393 0.0000000000
74708  47.482  -18.292  41.283 0.0000000000
51513  23.587  -40.784  48.340 0.0000000000
48607  19.785  -42.808  47.859 0.0000000000
49602  20.960  -41.973  50.319 0.0000000000
56250  26.835  -35.917  55.093 0.0000000000
58264  28.159  -34.190  53.787 0.0000000000
144204  24.908  -36.253  51.778 0.0000000000
131136  24.632  -38.955  47.801 0.0000000000
76689  44.349  -16.003  33.443 0.0000000000
77620  45.998  -15.665  38.397 0.0000000000
78656  46.063  -14.461  35.803 0.0000000000
78704  47.032  -14.642  33.219 0.0000000000
47354  19.029  -42.309  56.376 0.0000000000
47405  17.374  -42.886  54.142 0.0000000000
46259  16.280  -43.869  56.394 0.0000000000
41864  9.290  -48.360  55.839 0.0000000000
42949  10.639  -47.042  54.645 0.0000000000
40811  9.508  -49.947  53.558 0.0000000000
38741  8.551  -52.714  53.015 0.0000000000
36436  7.054  -53.417  54.739 0.0000000000
60461  39.894  -32.737  46.958 0.0000000000
57370  39.582  -35.874  46.316 0.0000000000
56390  38.536  -36.468  44.233 0.0000000000
55205  39.441  -37.889  45.306 0.0000000000
57298  32.999  -34.609  50.862 0.0000000000
55129  35.628  -37.162  50.408 0.0000000000
56321  33.698  -36.061  48.754 0.0000000000
55209  33.644  -37.122  45.807 0.0000000000
65022  38.769  -29.247  40.891 0.0000000000
65070  38.348  -28.388  38.136 0.0000000000
63883  35.392  -29.955  38.770 0.0000000000
83809  59.308  -9.615  26.892 0.0000000000
83832  56.060  -9.764  25.926 0.0000000000
75719  44.190  -17.416  38.464 0.0000000000
73794  41.443  -19.291  37.376 0.0000000000
76633  46.981  -16.587  40.172 0.0000000000
55049  35.380  -36.708  57.642 0.0000000000
53896  36.739  -36.038  55.598 0.0000000000
57250  33.683  -35.161  54.974 0.0000000000
133894  31.333  -33.487  52.209 0.0000000000
59391  29.214  -33.468  49.434 0.0000000000
78683  52.431  -13.935  33.538 0.0000000000
79777  52.719  -13.266  31.687 0.0000000000
80859  52.545  -11.902  29.702 0.0000000000
81876  53.207  -10.796  27.686 0.0000000000
52611  25.367  -37.883  54.974 0.0000000000
49570  22.179  -40.861  52.075 0.0000000000
50455  24.106  -39.394  56.434 0.0000000000
56225  28.744  -35.283  57.928 0.0000000000
78686  49.571  -14.094  33.626 0.0000000000
129342  19.435  -42.169  51.745 0.0000000000
48558  15.740  -43.252  51.055 0.0000000000
46306  13.358  -45.476  50.429 0.0000000000
45200  12.357  -45.115  55.621 0.0000000000
44104  11.510  -47.143  52.719 0.0000000000
33049  5.696  -55.899  54.761 0.0000000000
67062  42.958  -26.885  40.215 0.0000000000
63812  39.142  -30.114  43.078 0.0000000000
61553  39.586  -30.797  45.647 0.0000000000
61555  37.380  -31.997  44.554 0.0000000000
146186  37.546  -34.861  43.498 0.0000000000
151689  37.485  -36.886  41.922 0.0000000000
55263  35.480  -37.670  41.902 0.0000000000
52619  37.708  -36.648  52.659 0.0000000000
52690  37.735  -39.053  50.802 0.0000000000
53988  38.908  -38.953  47.115 0.0000000000
131901  36.787  -38.630  46.147 0.0000000000
55249  34.389  -37.611  43.497 0.0000000000
67092  40.602  -26.917  37.847 0.0000000000
67095  38.267  -26.403  36.561 0.0000000000
154699  44.791  -22.483  40.838 0.0000000000
71843  43.221  -21.947  40.018 0.0000000000
70000  43.749  -23.336  40.352 0.0000000000
72803  45.889  -21.272  41.324 0.0000000000
51487  23.483  -40.574  49.825 0.0000000000
50540  22.852  -41.749  49.383 0.0000000000
50525  23.178  -41.528  50.251 0.0000000000
53917  24.784  -37.655  53.301 0.0000000000
56277  25.676  -36.036  53.730 0.0000000000
53927  24.444  -38.075  51.663 0.0000000000
52695  24.209  -39.097  49.989 0.0000000000
76675  44.042  -16.102  35.156 0.0000000000
77626  44.854  -15.874  37.293 0.0000000000
78646  46.127  -14.865  37.681 0.0000000000
77633  45.085  -15.414  36.558 0.0000000000
77642  45.025  -15.253  35.050 0.0000000000
40786  8.484  -49.728  55.599 0.0000000000
41881  9.392  -48.744  54.848 0.0000000000
40806  8.989  -50.420  54.099 0.0000000000
38730  8.826  -51.789  53.329 0.0000000000
39732  8.267  -51.781  54.037 0.0000000000
139471  7.907  -53.253  53.535 0.0000000000
57349  40.516  -35.341  47.359 0.0000000000
56367  40.059  -36.373  46.719 0.0000000000
147481  39.528  -36.886  45.292 0.0000000000
55180  40.297  -37.810  46.493 0.0000000000
52579  38.957  -37.391  55.455 0.0000000000
58329  32.214  -34.177  49.263 0.0000000000
142458  33.394  -35.401  49.418 0.0000000000
58348  32.964  -34.869  48.015 0.0000000000
57333  33.028  -35.023  47.263 0.0000000000
63834  37.427  -29.785  41.496 0.0000000000
153606  36.742  -29.542  40.500 0.0000000000
81869  55.590  -11.009  29.059 0.0000000000
81861  57.392  -11.296  29.791 0.0000000000
82818  57.253  -10.264  28.857 0.0000000000
82825  57.709  -9.723  27.907 0.0000000000
128720  55.884  -10.046  27.595 0.0000000000
74755  43.856  -18.112  38.808 0.0000000000
74769  42.666  -18.358  37.594 0.0000000000
73785  42.942  -19.355  38.811 0.0000000000
70943  40.253  -22.339  38.367 0.0000000000
70944  39.960  -21.693  38.038 0.0000000000
136142  39.487  -22.908  37.601 0.0000000000
128455  46.121  -18.798  40.353 0.0000000000
74742  45.155  -17.976  39.616 0.0000000000
75707  45.419  -17.307  39.325 0.0000000000
48608  18.940  -43.228  47.949 0.0000000000
47458  16.457  -44.096  48.813 0.0000000000
56235  33.286  -35.424  56.886 0.0000000000
56234  34.076  -35.762  56.385 0.0000000000
57230  32.655  -34.871  56.400 0.0000000000
58277  27.424  -34.113  52.288 0.0000000000
150099  29.863  -33.283  53.100 0.0000000000
58293  29.194  -33.464  51.839 0.0000000000
58313  29.440  -33.588  50.996 0.0000000000
58314  27.371  -34.191  50.494 0.0000000000
57312  26.003  -35.195  49.541 0.0000000000
58435  36.794  -34.585  41.151 0.0000000000
131114  51.311  -13.921  33.007 0.0000000000
78699  52.728  -13.899  32.996 0.0000000000
78734  51.172  -13.553  32.383 0.0000000000
148854  50.944  -12.206  29.457 0.0000000000
138300  51.151  -11.851  28.158 0.0000000000
80866  52.469  -11.541  28.894 0.0000000000
53871  26.319  -37.260  56.529 0.0000000000
51440  24.730  -38.699  55.337 0.0000000000
51425  25.401  -38.303  57.121 0.0000000000
55053  27.714  -36.222  57.904 0.0000000000
53870  26.737  -36.435  56.450 0.0000000000
79735  50.894  -13.471  34.913 0.0000000000
153931  49.519  -13.599  34.855 0.0000000000
77657  47.345  -14.637  32.501 0.0000000000
49545  21.622  -40.998  53.544 0.0000000000
48551  21.118  -41.617  51.702 0.0000000000
48512  19.699  -41.623  53.089 0.0000000000
47407  15.651  -43.509  53.630 0.0000000000
47423  16.492  -43.587  52.977 0.0000000000
47424  15.434  -43.726  52.655 0.0000000000
47439  14.388  -44.166  51.327 0.0000000000
46289  13.120  -45.171  52.095 0.0000000000
44047  11.631  -45.727  55.975 0.0000000000
42990  10.726  -48.075  53.453 0.0000000000
44086  11.216  -46.904  53.553 0.0000000000
43015  11.252  -47.903  52.210 0.0000000000
44129  11.925  -47.270  51.715 0.0000000000
63821  39.561  -29.540  42.550 0.0000000000
59441  38.921  -33.458  46.333 0.0000000000
61537  39.842  -31.581  46.467 0.0000000000
137314  38.568  -32.056  45.663 0.0000000000
130484  38.175  -31.811  45.049 0.0000000000
60488  37.561  -32.847  44.963 0.0000000000
59466  36.804  -33.497  44.046 0.0000000000
58406  37.697  -34.349  44.408 0.0000000000
55245  38.806  -37.040  43.715 0.0000000000
56391  38.289  -36.701  43.337 0.0000000000
55261  37.497  -37.228  42.475 0.0000000000
55262  36.725  -37.260  41.614 0.0000000000
55247  36.399  -37.640  42.705 0.0000000000
55087  36.081  -35.662  54.306 0.0000000000
53907  36.780  -35.941  53.584 0.0000000000
55109  36.076  -36.096  52.152 0.0000000000
55139  35.152  -37.839  49.727 0.0000000000
53937  36.781  -37.838  50.517 0.0000000000
149153  36.682  -39.165  49.450 0.0000000000
52705  38.529  -39.441  48.603 0.0000000000
52724  36.517  -39.035  47.729 0.0000000000
129173  37.121  -38.834  46.966 0.0000000000
54008  36.166  -38.697  46.914 0.0000000000
56369  33.400  -36.311  44.909 0.0000000000
55208  34.094  -37.665  45.340 0.0000000000
66085  42.066  -28.025  39.077 0.0000000000
67075  41.456  -26.736  39.298 0.0000000000
66101  40.854  -27.851  38.306 0.0000000000
137359  37.064  -28.769  37.798 0.0000000000
66122  37.621  -27.912  36.985 0.0000000000
83829  59.572  -9.829  24.775 0.0000000000
143921  44.072  -20.089  39.963 0.0000000000
72845  42.698  -20.253  39.141 0.0000000000
72828  43.061  -21.085  39.691 0.0000000000
70930  41.624  -22.601  39.329 0.0000000000
70021  40.574  -23.121  38.665 0.0000000000
73741  47.281  -19.403  41.593 0.0000000000
73756  46.066  -19.645  40.765 0.0000000000
49632  21.849  -41.799  47.846 0.0000000000
49634  20.329  -42.253  48.605 0.0000000000
49620  19.428  -42.253  49.863 0.0000000000
57243  28.684  -34.580  56.011 0.0000000000
58235  30.270  -33.836  55.992 0.0000000000
57253  27.868  -34.780  54.724 0.0000000000
57277  26.885  -34.581  53.012 0.0000000000
56294  25.355  -35.570  51.042 0.0000000000
56313  25.085  -36.524  49.509 0.0000000000
53957  24.550  -38.183  49.502 0.0000000000
52713  24.103  -39.670  48.277 0.0000000000
78743  48.120  -14.224  31.302 0.0000000000
52556  26.413  -37.688  58.880 0.0000000000
138664  47.255  -14.355  38.698 0.0000000000
79704  47.648  -13.593  38.135 0.0000000000
79725  47.670  -13.623  35.869 0.0000000000
79738  47.745  -13.939  35.031 0.0000000000
78672  46.248  -14.492  34.909 0.0000000000
77659  45.582  -15.069  33.281 0.0000000000
149634  19.851  -41.813  55.617 0.0000000000
144652  19.209  -41.819  54.693 0.0000000000
130693  18.116  -42.396  55.297 0.0000000000
47391  16.311  -43.438  55.135 0.0000000000
154278  14.795  -43.783  55.177 0.0000000000
44062  10.685  -46.706  55.716 0.0000000000
42951  9.747  -47.836  55.358 0.0000000000
41880  9.992  -48.212  54.414 0.0000000000
41927  10.094  -49.468  53.094 0.0000000000
39740  9.475  -51.315  52.654 0.0000000000
58373  39.683  -34.465  46.760 0.0000000000
58390  39.034  -34.389  46.219 0.0000000000
58405  38.175  -34.842  44.693 0.0000000000
56378  39.212  -36.262  45.574 0.0000000000
55228  39.240  -37.104  44.234 0.0000000000
55206  38.517  -38.164  44.743 0.0000000000
142931  34.579  -35.298  51.735 0.0000000000
55110  35.545  -36.035  51.674 0.0000000000
56301  34.290  -35.665  50.820 0.0000000000
56310  34.299  -36.666  49.411 0.0000000000
55151  34.177  -37.759  48.219 0.0000000000
55166  34.148  -37.994  47.395 0.0000000000
56347  33.518  -36.675  46.781 0.0000000000
132655  33.417  -36.068  45.880 0.0000000000
65035  39.325  -28.812  40.301 0.0000000000
65069  39.640  -28.401  38.749 0.0000000000
65055  38.107  -28.692  39.296 0.0000000000
65072  36.621  -29.055  38.405 0.0000000000
82824  59.052  -9.695  27.940 0.0000000000
131178  57.674  -9.830  25.665 0.0000000000
130143  43.748  -16.894  37.388 0.0000000000
75749  42.899  -17.253  35.747 0.0000000000
74782  42.454  -18.020  36.769 0.0000000000
72847  41.054  -20.604  38.235 0.0000000000
72863  40.345  -20.809  37.916 0.0000000000
75678  48.388  -17.147  41.472 0.0000000000
76618  48.286  -16.594  41.197 0.0000000000
77598  48.191  -15.589  40.707 0.0000000000
76643  46.397  -16.541  39.557 0.0000000000
76652  45.230  -16.541  38.448 0.0000000000
53852  36.372  -37.144  57.769 0.0000000000
53867  37.088  -36.453  56.348 0.0000000000
55048  36.037  -36.530  57.038 0.0000000000
55077  35.722  -35.707  55.354 0.0000000000
56275  34.444  -35.170  53.708 0.0000000000
58246  31.618  -33.735  54.602 0.0000000000
57267  33.327  -34.452  53.741 0.0000000000
57275  33.333  -34.300  52.860 0.0000000000
151197  33.060  -34.312  51.855 0.0000000000
58311  31.531  -33.908  50.607 0.0000000000
59390  30.086  -33.371  49.184 0.0000000000
79775  54.247  -13.549  31.610 0.0000000000
79794  50.770  -12.942  30.861 0.0000000000
79792  52.998  -12.779  31.034 0.0000000000
79790  54.499  -12.972  31.071 0.0000000000
80857  54.261  -12.025  30.073 0.0000000000
136481  54.089  -11.534  29.436 0.0000000000
82829  54.188  -10.652  27.926 0.0000000000
82833  54.398  -10.295  26.506 0.0000000000
52636  24.671  -38.465  53.494 0.0000000000
50510  23.495  -40.032  51.890 0.0000000000
51451  24.423  -39.282  53.942 0.0000000000
50475  23.368  -39.991  54.017 0.0000000000
144609  22.931  -40.346  55.345 0.0000000000
51416  25.181  -38.547  58.254 0.0000000000
142469  21.143  -41.374  56.068 0.0000000000
48456  20.149  -41.741  56.755 0.0000000000
52538  37.098  -37.396  58.214 0.0000000000
53840  35.943  -37.590  58.506 0.0000000000
141223  34.090  -36.508  57.957 0.0000000000
57210  31.676  -35.225  58.346 0.0000000000
56211  31.106  -35.478  59.122 0.0000000000
154125  29.999  -34.816  58.125 0.0000000000
56237  27.682  -35.414  56.695 0.0000000000
55089  26.321  -36.493  55.089 0.0000000000
79733  52.479  -13.385  35.395 0.0000000000
142117  50.977  -14.056  33.964 0.0000000000
78718  49.541  -14.001  32.726 0.0000000000
78687  48.610  -14.220  33.651 0.0000000000
78720  48.073  -14.542  32.603 0.0000000000
78735  48.093  -14.432  31.997 0.0000000000
137590  22.879  -41.986  51.695 0.0000000000
49586  20.689  -41.936  50.914 0.0000000000
48575  18.955  -42.885  50.943 0.0000000000
47420  18.569  -41.902  53.379 0.0000000000
48535  18.282  -43.002  52.114 0.0000000000
48577  17.407  -42.709  50.555 0.0000000000
48579  15.479  -43.352  50.078 0.0000000000
46311  14.400  -45.476  48.994 0.0000000000
46262  14.005  -44.162  55.898 0.0000000000
45216  12.784  -44.532  54.319 0.0000000000
44072  11.431  -45.974  54.067 0.0000000000
45225  12.734  -44.991  53.147 0.0000000000
44128  12.327  -46.548  51.694 0.0000000000
137538  6.268  -55.172  54.714 0.0000000000
150701  43.466  -24.709  40.320 0.0000000000
65020  40.452  -28.604  41.261 0.0000000000
65021  39.637  -29.006  41.082 0.0000000000
63822  38.735  -29.893  42.260 0.0000000000
62667  37.404  -30.553  42.768 0.0000000000
62634  39.479  -30.411  44.831 0.0000000000
62651  37.828  -30.786  43.489 0.0000000000
61574  36.752  -31.558  43.259 0.0000000000
59467  36.448  -33.152  43.343 0.0000000000
59477  36.799  -34.041  43.199 0.0000000000
58434  37.170  -35.064  41.952 0.0000000000
58416  37.837  -34.983  43.961 0.0000000000
57411  37.701  -35.705  42.209 0.0000000000
56402  37.303  -36.367  41.444 0.0000000000
56411  36.718  -36.951  40.642 0.0000000000
55276  35.996  -37.584  40.962 0.0000000000
53986  41.433  -38.212  47.901 0.0000000000
52595  38.130  -36.631  54.799 0.0000000000
52609  38.450  -36.772  53.791 0.0000000000
52632  39.121  -37.479  52.059 0.0000000000
53916  36.389  -36.432  51.621 0.0000000000
52650  38.268  -37.555  51.393 0.0000000000
52667  39.312  -38.333  51.088 0.0000000000
136293  40.053  -39.335  49.558 0.0000000000
150216  40.138  -39.266  48.330 0.0000000000
54004  40.319  -38.346  46.688 0.0000000000
54005  39.578  -38.657  46.411 0.0000000000
54027  38.519  -38.557  45.502 0.0000000000
54050  36.826  -38.199  44.460 0.0000000000
54010  34.879  -38.424  46.222 0.0000000000
54030  35.400  -38.381  45.391 0.0000000000
55231  36.107  -38.008  43.816 0.0000000000
55248  35.274  -37.753  43.113 0.0000000000
143485  42.092  -24.841  39.576 0.0000000000
143560  41.467  -24.883  39.191 0.0000000000
143155  39.901  -25.419  38.154 0.0000000000
66120  39.599  -27.613  37.586 0.0000000000
67094  38.941  -26.875  37.083 0.0000000000
68070  38.830  -25.922  36.836 0.0000000000
82837  54.483  -10.374  25.678 0.0000000000
137336  44.388  -22.852  40.628 0.0000000000
70913  45.393  -22.369  41.180 0.0000000000
52675  23.881  -39.513  50.892 0.0000000000
50538  23.469  -41.041  49.691 0.0000000000
50524  23.217  -40.840  50.359 0.0000000000
52655  24.462  -38.331  52.589 0.0000000000
53926  24.559  -37.571  52.536 0.0000000000
52656  24.251  -38.977  51.714 0.0000000000
152585  23.992  -39.388  50.503 0.0000000000
76684  43.544  -16.468  34.737 0.0000000000
75748  43.455  -16.591  35.572 0.0000000000
130711  44.163  -16.287  37.144 0.0000000000
76674  44.474  -15.702  35.547 0.0000000000
134844  8.681  -50.113  54.803 0.0000000000
147819  8.466  -50.773  54.572 0.0000000000
39724  8.600  -51.148  53.983 0.0000000000
39725  8.042  -51.411  54.692 0.0000000000
38719  7.740  -52.148  54.459 0.0000000000
55178  40.914  -36.905  47.787 0.0000000000
56329  40.651  -36.158  47.435 0.0000000000
153652  40.441  -36.733  47.170 0.0000000000
55203  40.004  -37.034  46.600 0.0000000000
52550  39.464  -37.409  56.812 0.0000000000
143526  38.746  -37.328  56.189 0.0000000000
59388  31.847  -33.798  48.494 0.0000000000
58349  32.389  -34.285  48.268 0.0000000000
59404  31.878  -33.752  47.695 0.0000000000
58362  32.463  -34.364  47.264 0.0000000000
62684  36.793  -30.293  41.954 0.0000000000
63835  36.709  -29.794  41.124 0.0000000000
81862  56.317  -11.234  29.618 0.0000000000
81868  56.273  -10.515  28.951 0.0000000000
153037  56.038  -10.192  28.359 0.0000000000
82826  56.618  -9.998  28.201 0.0000000000
73784  43.589  -18.899  39.172 0.0000000000
70022  40.003  -23.099  38.108 0.0000000000
153443  39.817  -22.437  37.965 0.0000000000
70040  38.955  -23.498  37.199 0.0000000000
69108  39.073  -24.404  37.356 0.0000000000
73770  44.923  -18.833  39.875 0.0000000000
74727  45.706  -18.387  39.969 0.0000000000
74743  44.363  -18.432  39.407 0.0000000000
48592  18.762  -42.506  49.081 0.0000000000
48609  18.282  -43.360  48.439 0.0000000000
48610  17.744  -43.394  48.811 0.0000000000
47470  17.303  -44.196  48.586 0.0000000000
57221  32.225  -34.934  57.442 0.0000000000
57231  31.621  -34.480  56.875 0.0000000000
57288  26.662  -34.368  51.991 0.0000000000
137850  28.217  -33.835  52.107 0.0000000000
58295  27.610  -34.053  51.420 0.0000000000
58294  28.554  -33.736  51.401 0.0000000000
57311  26.657  -34.665  50.064 0.0000000000
57421  36.988  -35.244  40.504 0.0000000000
78717  50.484  -13.872  32.881 0.0000000000
79780  50.230  -13.353  31.621 0.0000000000
81878  51.614  -11.590  28.034 0.0000000000
53857  26.587  -37.333  57.497 0.0000000000
52582  25.914  -37.842  56.857 0.0000000000
52570  26.076  -37.813  57.698 0.0000000000
53856  27.315  -36.873  58.135 0.0000000000
134184  26.941  -36.648  57.301 0.0000000000
79710  49.300  -13.020  36.957 0.0000000000
80800  50.662  -12.957  36.338 0.0000000000
128534  50.426  -13.275  35.528 0.0000000000
148484  49.635  -13.392  35.420 0.0000000000
48491  20.948  -41.252  54.364 0.0000000000
48511  20.289  -41.469  53.254 0.0000000000
48492  20.238  -41.440  54.192 0.0000000000
47408  14.563  -43.740  53.296 0.0000000000
47425  14.496  -44.058  52.269 0.0000000000
132952  13.675  -44.382  52.764 0.0000000000
44034  11.932  -45.658  57.032 0.0000000000
41926  10.565  -48.743  52.979 0.0000000000
138202  10.926  -48.226  52.866 0.0000000000
43016  10.819  -48.648  52.242 0.0000000000
43043  11.217  -48.532  51.566 0.0000000000
60471  38.673  -32.755  46.066 0.0000000000
60487  38.106  -32.826  45.536 0.0000000000
59457  37.904  -33.884  45.077 0.0000000000
59458  37.322  -33.688  44.532 0.0000000000
55230  37.885  -37.945  44.159 0.0000000000
55246  38.253  -37.193  43.297 0.0000000000
150795  35.758  -35.585  53.497 0.0000000000
55099  36.257  -35.801  53.269 0.0000000000
55100  35.697  -35.713  52.639 0.0000000000
53952  35.547  -38.444  49.308 0.0000000000
53971  36.061  -38.994  48.689 0.0000000000
52707  36.941  -39.266  48.588 0.0000000000
53990  35.516  -38.666  47.649 0.0000000000
65052  41.634  -28.249  39.519 0.0000000000
65067  41.281  -28.066  38.889 0.0000000000
65068  40.501  -28.250  38.786 0.0000000000
72827  43.690  -20.641  39.919 0.0000000000
71842  43.835  -21.435  40.250 0.0000000000
135908  42.480  -22.497  39.670 0.0000000000
70010  41.253  -23.128  39.166 0.0000000000
152789  41.577  -23.595  39.226 0.0000000000
73721  48.348  -19.329  42.721 0.0000000000
71835  45.286  -21.513  41.018 0.0000000000
72811  46.048  -20.508  41.194 0.0000000000
72812  45.396  -20.424  40.767 0.0000000000
73758  44.723  -19.791  40.182 0.0000000000
49601  22.135  -42.140  50.014 0.0000000000
49617  21.923  -41.750  48.887 0.0000000000
49618  21.077  -41.922  49.330 0.0000000000
49619  20.192  -42.094  49.639 0.0000000000
57244  27.937  -35.055  55.543 0.0000000000
56262  27.342  -35.402  55.028 0.0000000000
56285  25.487  -35.778  52.760 0.0000000000
56276  26.172  -35.283  53.445 0.0000000000
57278  25.962  -34.932  52.521 0.0000000000
149238  25.474  -35.460  51.938 0.0000000000
56303  24.891  -36.336  50.544 0.0000000000
55122  24.559  -37.149  51.125 0.0000000000
51512  23.749  -40.400  48.747 0.0000000000
52696  23.924  -39.838  49.220 0.0000000000
77611  47.177  -15.518  39.631 0.0000000000
77619  46.689  -15.059  38.804 0.0000000000
142985  45.675  -14.843  36.631 0.0000000000
78640  46.956  -14.232  37.842 0.0000000000
78645  46.602  -14.100  36.599 0.0000000000
79712  47.612  -13.500  37.023 0.0000000000
78655  46.873  -14.073  35.414 0.0000000000
77651  44.598  -15.605  34.666 0.0000000000
77650  45.270  -15.137  34.158 0.0000000000
77660  44.816  -15.535  33.808 0.0000000000
47353  19.552  -41.986  56.077 0.0000000000
47371  19.285  -42.022  55.556 0.0000000000
47372  18.537  -42.318  55.845 0.0000000000
47374  17.117  -43.101  55.721 0.0000000000
47375  16.625  -43.528  55.725 0.0000000000
46270  15.485  -43.611  55.152 0.0000000000
46260  15.896  -43.759  55.726 0.0000000000
42934  9.696  -47.635  56.435 0.0000000000
133259  10.169  -47.117  56.044 0.0000000000
40805  9.239  -49.614  54.341 0.0000000000
41905  9.692  -49.018  53.863 0.0000000000
132964  9.727  -50.377  52.810 0.0000000000
38740  9.222  -52.233  52.489 0.0000000000
132415  7.445  -53.770  54.051 0.0000000000
149083  7.017  -54.201  54.365 0.0000000000
57350  39.915  -35.212  46.834 0.0000000000
58372  40.319  -34.556  47.273 0.0000000000
141456  39.419  -35.107  46.401 0.0000000000
57371  39.055  -35.396  45.842 0.0000000000
55227  39.587  -37.199  44.878 0.0000000000
129839  39.145  -37.688  44.683 0.0000000000
138289  39.047  -38.304  45.111 0.0000000000
57297  33.842  -34.975  51.319 0.0000000000
57309  33.596  -35.263  50.364 0.0000000000
56311  33.993  -35.931  49.895 0.0000000000
55140  34.525  -37.442  49.095 0.0000000000
56320  33.897  -36.981  48.465 0.0000000000
56330  33.739  -37.246  47.572 0.0000000000
56331  33.546  -36.364  47.712 0.0000000000
137046  33.132  -35.341  45.826 0.0000000000
65036  38.434  -28.950  40.117 0.0000000000
63849  36.349  -29.486  39.881 0.0000000000
150595  37.075  -29.112  39.309 0.0000000000
63863  35.961  -29.365  39.060 0.0000000000
83820  56.873  -9.753  26.301 0.0000000000
83819  57.674  -9.676  26.726 0.0000000000
83831  56.779  -9.782  25.546 0.0000000000
75729  43.754  -17.259  37.859 0.0000000000
75730  43.134  -17.493  37.265 0.0000000000
146431  42.071  -19.015  37.619 0.0000000000
146933  42.177  -18.495  37.029 0.0000000000
72876  40.857  -19.511  37.146 0.0000000000
72829  42.159  -21.105  39.232 0.0000000000
72846  41.820  -20.413  38.642 0.0000000000
71869  39.385  -22.003  37.420 0.0000000000
71887  39.700  -21.146  37.397 0.0000000000
71888  39.340  -20.930  36.409 0.0000000000
74707  48.185  -17.855  41.639 0.0000000000
75667  48.744  -17.444  42.023 0.0000000000
75696  47.065  -17.165  40.421 0.0000000000
76632  47.635  -16.540  40.630 0.0000000000
76631  48.207  -16.018  40.989 0.0000000000
151330  47.340  -16.287  40.345 0.0000000000
76642  47.099  -16.077  39.996 0.0000000000
75718  44.938  -17.030  38.781 0.0000000000
75728  44.421  -16.776  38.019 0.0000000000
53853  35.981  -37.050  57.743 0.0000000000
53869  36.363  -36.744  57.168 0.0000000000
56246  34.209  -35.503  55.451 0.0000000000
56245  34.922  -35.802  56.081 0.0000000000
56260  34.902  -35.417  54.978 0.0000000000
148612  34.816  -35.311  54.127 0.0000000000
56261  34.271  -35.299  54.551 0.0000000000
58248  28.737  -34.030  54.644 0.0000000000
58247  30.514  -33.657  55.105 0.0000000000
129186  29.809  -33.548  54.512 0.0000000000
131810  30.914  -33.250  52.955 0.0000000000
58261  31.617  -33.517  53.676 0.0000000000
58260  32.570  -33.947  53.317 0.0000000000
58273  32.417  -33.859  52.512 0.0000000000
144867  32.092  -33.898  51.845 0.0000000000
59377  29.081  -33.630  50.235 0.0000000000
58312  30.620  -33.640  50.828 0.0000000000
59376  29.913  -33.508  50.140 0.0000000000
59375  30.889  -33.586  49.850 0.0000000000
55142  24.884  -37.358  48.969 0.0000000000
56323  25.386  -36.676  48.446 0.0000000000
53995  25.096  -38.178  47.277 0.0000000000
78667  53.038  -13.744  34.818 0.0000000000
78715  52.887  -13.746  32.610 0.0000000000
78714  53.627  -13.938  32.551 0.0000000000
78732  53.290  -13.658  32.157 0.0000000000
78731  54.012  -13.966  32.099 0.0000000000
79776  53.570  -13.368  31.612 0.0000000000
79795  49.648  -13.241  30.604 0.0000000000
80860  51.727  -12.032  29.607 0.0000000000
80840  52.364  -12.360  30.363 0.0000000000
79791  53.815  -12.874  31.049 0.0000000000
134742  53.297  -12.315  30.369 0.0000000000
80839  54.063  -12.457  30.544 0.0000000000
151887  53.746  -12.133  30.188 0.0000000000
81877  52.297  -11.198  27.885 0.0000000000
81871  53.250  -11.314  28.773 0.0000000000
128721  54.093  -11.071  28.649 0.0000000000
52620  25.060  -38.241  54.289 0.0000000000
51464  24.408  -39.134  53.370 0.0000000000
149321  24.950  -38.493  54.764 0.0000000000
50454  24.414  -39.040  55.733 0.0000000000
50473  24.304  -39.144  54.982 0.0000000000
50463  23.973  -39.445  55.418 0.0000000000
50464  23.521  -39.952  54.950 0.0000000000
50456  23.470  -39.837  55.902 0.0000000000
142513  25.775  -38.112  58.565 0.0000000000
50437  24.171  -39.364  58.241 0.0000000000
138412  22.591  -40.316  57.056 0.0000000000
49506  21.827  -40.858  56.727 0.0000000000
48455  20.925  -41.523  56.766 0.0000000000
52539  36.589  -37.588  58.656 0.0000000000
56222  33.399  -36.277  58.255 0.0000000000
55051  29.366  -35.626  58.982 0.0000000000
56224  29.512  -35.231  58.467 0.0000000000
57211  30.560  -35.068  58.585 0.0000000000
56236  28.415  -35.024  57.243 0.0000000000
53885  26.295  -36.877  55.807 0.0000000000
147812  26.319  -36.664  55.414 0.0000000000
53897  25.902  -37.135  55.159 0.0000000000
53898  25.430  -37.533  54.511 0.0000000000
153617  42.335  -17.964  35.431 0.0000000000
79744  50.650  -13.894  34.322 0.0000000000
78669  51.294  -13.779  34.374 0.0000000000
78685  50.424  -14.090  33.822 0.0000000000
78701  50.102  -14.025  33.269 0.0000000000
147797  49.386  -14.131  33.081 0.0000000000
78671  47.214  -14.281  34.488 0.0000000000
78670  48.233  -14.047  34.321 0.0000000000
78688  47.633  -14.434  33.741 0.0000000000
77666  47.248  -14.627  32.030 0.0000000000
147081  47.641  -14.576  32.263 0.0000000000
138962  48.095  -14.473  32.311 0.0000000000
78736  47.621  -14.590  32.023 0.0000000000
50500  22.904  -40.428  52.086 0.0000000000
49583  22.471  -41.799  51.501 0.0000000000
49571  22.293  -41.551  51.795 0.0000000000
48533  19.717  -41.831  52.156 0.0000000000
48552  20.482  -41.804  51.562 0.0000000000
48553  20.020  -42.193  51.341 0.0000000000
48574  19.558  -42.643  51.242 0.0000000000
48554  18.942  -42.647  51.811 0.0000000000
47404  17.983  -42.227  54.057 0.0000000000
47421  17.996  -42.434  53.432 0.0000000000
47437  16.177  -43.525  52.040 0.0000000000
48536  17.336  -43.291  52.323 0.0000000000
48557  16.749  -43.035  51.314 0.0000000000
48556  17.626  -42.921  51.540 0.0000000000
48578  16.351  -42.987  50.322 0.0000000000
46297  13.828  -44.784  50.856 0.0000000000
47449  14.344  -44.308  50.356 0.0000000000
46305  13.939  -45.036  49.851 0.0000000000
45241  12.940  -46.257  50.043 0.0000000000
45199  13.255  -44.607  56.203 0.0000000000
45208  13.003  -44.454  55.340 0.0000000000
44085  11.608  -46.313  53.216 0.0000000000
45217  12.040  -45.435  53.732 0.0000000000
142825  12.037  -45.792  52.932 0.0000000000
45226  12.447  -45.842  52.255 0.0000000000
44103  11.938  -46.527  52.421 0.0000000000
153321  6.710  -54.049  54.804 0.0000000000
35304  6.377  -54.403  55.069 0.0000000000
135445  6.084  -55.164  54.979 0.0000000000
65050  43.074  -28.050  39.721 0.0000000000
63831  40.032  -29.070  41.959 0.0000000000
63823  37.827  -30.086  42.101 0.0000000000
62666  38.309  -30.375  42.878 0.0000000000
61538  39.131  -31.837  46.002 0.0000000000
61572  38.067  -31.208  44.234 0.0000000000
61573  37.334  -31.433  43.850 0.0000000000
60499  36.331  -32.314  43.070 0.0000000000
60498  36.740  -32.361  43.944 0.0000000000
58417  37.315  -34.358  43.825 0.0000000000
58425  37.325  -34.833  42.892 0.0000000000
57385  38.127  -35.617  44.413 0.0000000000
56401  37.980  -36.584  42.433 0.0000000000
146995  37.800  -36.136  42.995 0.0000000000
55277  35.229  -38.020  41.113 0.0000000000
53883  36.950  -36.189  56.029 0.0000000000
135128  37.510  -36.475  55.746 0.0000000000
53882  37.321  -36.244  55.412 0.0000000000
53915  37.019  -36.113  52.891 0.0000000000
53905  37.996  -36.561  53.435 0.0000000000
133130  38.602  -37.062  52.858 0.0000000000
52633  38.397  -37.328  52.033 0.0000000000
55120  35.300  -36.509  50.796 0.0000000000
55119  35.890  -36.518  51.211 0.0000000000
52670  37.442  -38.121  50.728 0.0000000000
52651  37.561  -37.495  51.044 0.0000000000
52669  38.077  -38.042  51.076 0.0000000000
52668  38.698  -37.988  51.191 0.0000000000
130666  38.644  -38.692  50.996 0.0000000000
132035  39.972  -39.012  50.458 0.0000000000
52688  39.252  -39.211  50.323 0.0000000000
52722  38.293  -39.270  47.781 0.0000000000
52704  39.234  -39.439  49.075 0.0000000000
52721  39.140  -39.326  47.966 0.0000000000
53987  40.656  -38.612  47.564 0.0000000000
53970  39.799  -38.909  47.296 0.0000000000
54007  37.785  -38.697  46.192 0.0000000000
54028  37.522  -38.441  45.220 0.0000000000
54029  36.355  -38.441  45.363 0.0000000000
55183  33.865  -37.528  46.746 0.0000000000
152477  34.330  -38.133  46.710 0.0000000000
55182  34.195  -37.918  46.047 0.0000000000
55233  34.288  -37.687  44.558 0.0000000000
55207  34.653  -38.124  45.355 0.0000000000
55232  35.106  -38.060  44.389 0.0000000000
54051  35.930  -38.277  44.707 0.0000000000
68040  43.396  -25.787  40.334 0.0000000000
150460  42.811  -24.810  39.884 0.0000000000
68041  42.571  -25.779  39.813 0.0000000000
67076  40.960  -26.888  38.468 0.0000000000
68052  41.092  -25.958  38.992 0.0000000000
68067  40.498  -26.219  38.320 0.0000000000
143133  40.698  -25.056  38.724 0.0000000000
68068  40.023  -26.369  37.616 0.0000000000
131327  38.776  -28.475  38.729 0.0000000000
66103  39.214  -28.228  38.041 0.0000000000
66143  37.892  -27.167  36.630 0.0000000000
129125  60.388  -9.469  25.106 0.0000000000
83841  60.226  -9.226  24.096 0.0000000000
128853  61.064  -8.979  24.598 0.0000000000
71836  44.654  -21.846  40.681 0.0000000000
134144  44.049  -22.207  40.467 0.0000000000
70920  43.442  -22.662  40.169 0.0000000000
70001  42.864  -23.261  39.808 0.0000000000
51501  23.642  -40.957  49.159 0.0000000000
50554  23.315  -41.277  48.855 0.0000000000
50539  23.355  -41.447  49.612 0.0000000000
49600  23.080  -41.998  50.252 0.0000000000
55101  26.150  -36.145  54.555 0.0000000000
140460  26.363  -35.597  54.146 0.0000000000
55111  24.978  -36.760  52.910 0.0000000000
55121  24.539  -37.103  52.024 0.0000000000
53941  24.489  -38.138  50.576 0.0000000000
139465  24.205  -38.895  50.937 0.0000000000
51499  23.703  -39.887  50.033 0.0000000000
76683  44.172  -16.062  34.281 0.0000000000
76659  45.382  -16.059  38.068 0.0000000000
77625  45.467  -15.467  37.471 0.0000000000
136118  45.425  -14.901  35.599 0.0000000000
142210  44.872  -15.422  35.837 0.0000000000
143247  18.534  -42.497  56.924 0.0000000000
47355  18.171  -42.503  56.505 0.0000000000
47356  17.418  -42.773  56.810 0.0000000000
40812  9.235  -50.836  53.400 0.0000000000
38731  8.134  -52.434  53.766 0.0000000000
37579  7.537  -52.930  54.257 0.0000000000
38709  7.253  -52.506  54.942 0.0000000000
57369  40.167  -35.795  46.902 0.0000000000
56368  39.536  -36.680  46.069 0.0000000000
55204  39.709  -37.388  45.775 0.0000000000
57310  32.874  -34.788  49.872 0.0000000000
57321  32.844  -34.830  48.894 0.0000000000
147112  33.248  -35.370  48.580 0.0000000000
57332  33.306  -35.559  47.849 0.0000000000
58374  32.202  -34.147  46.388 0.0000000000
63847  37.638  -29.377  40.734 0.0000000000
62705  36.007  -29.908  40.506 0.0000000000
81863  55.420  -11.542  29.639 0.0000000000
80855  55.899  -11.833  30.143 0.0000000000
80854  56.916  -11.840  30.167 0.0000000000
82831  56.808  -9.804  27.260 0.0000000000
83821  56.175  -9.855  26.733 0.0000000000
74768  43.421  -17.853  38.082 0.0000000000
74756  43.155  -18.588  38.444 0.0000000000
73793  42.588  -18.958  38.168 0.0000000000
73786  42.246  -19.589  38.420 0.0000000000
137631  40.965  -22.246  38.886 0.0000000000
71868  40.582  -21.478  38.411 0.0000000000
74725  47.099  -17.850  40.718 0.0000000000
74726  46.456  -17.918  40.238 0.0000000000
74741  45.923  -17.610  39.712 0.0000000000
75706  46.022  -17.053  39.507 0.0000000000
74754  44.649  -17.660  39.111 0.0000000000
133026  16.844  -44.982  48.541 0.0000000000
47471  15.995  -44.899  48.609 0.0000000000
55050  34.652  -36.407  57.505 0.0000000000
149896  34.559  -36.081  56.864 0.0000000000
56247  33.502  -35.337  55.869 0.0000000000
57242  32.952  -34.853  55.419 0.0000000000
58276  27.825  -34.176  52.912 0.0000000000
58263  29.202  -33.609  53.783 0.0000000000
58275  28.833  -33.580  52.834 0.0000000000
58274  30.075  -33.239  52.388 0.0000000000
58292  30.362  -33.442  51.587 0.0000000000
59392  28.446  -33.697  49.727 0.0000000000
59393  27.821  -33.841  49.212 0.0000000000
58332  27.300  -34.297  49.609 0.0000000000
58333  26.728  -34.793  49.079 0.0000000000
59490  36.204  -33.758  41.577 0.0000000000
78700  51.830  -13.968  33.283 0.0000000000
78716  52.065  -13.844  32.813 0.0000000000
79778  51.907  -13.333  31.828 0.0000000000
79806  50.282  -12.709  29.758 0.0000000000
80867  50.358  -12.381  28.767 0.0000000000
81872  51.789  -11.731  28.895 0.0000000000
52610  25.781  -37.537  55.679 0.0000000000
52597  25.272  -38.176  55.488 0.0000000000
52596  25.712  -37.870  56.134 0.0000000000
51433  25.191  -38.367  56.198 0.0000000000
51434  24.716  -38.803  56.564 0.0000000000
55052  28.612  -35.728  58.433 0.0000000000
55065  28.039  -35.550  57.587 0.0000000000
79722  51.174  -13.095  35.688 0.0000000000
79736  50.121  -13.646  34.765 0.0000000000
49558  22.006  -40.841  52.694 0.0000000000
49572  21.940  -41.407  51.810 0.0000000000
48531  21.052  -41.410  52.466 0.0000000000
48532  20.356  -41.629  52.313 0.0000000000
48513  19.191  -41.741  52.944 0.0000000000
47406  16.655  -43.472  53.839 0.0000000000
47422  17.463  -43.255  53.296 0.0000000000
47438  15.176  -43.755  51.716 0.0000000000
47448  14.949  -43.722  50.773 0.0000000000
46288  13.828  -44.646  51.792 0.0000000000
46298  13.378  -45.191  51.293 0.0000000000
45190  12.571  -45.151  56.559 0.0000000000
42989  10.814  -47.384  53.853 0.0000000000
131467  11.134  -47.668  53.151 0.0000000000
63820  40.409  -29.110  42.926 0.0000000000
63811  39.843  -29.720  43.429 0.0000000000
60470  39.274  -32.674  46.485 0.0000000000
61554  38.942  -31.231  45.359 0.0000000000
60489  37.091  -32.882  44.505 0.0000000000
138365  36.605  -35.866  54.449 0.0000000000
53895  37.066  -36.083  54.746 0.0000000000
132325  36.509  -36.055  52.576 0.0000000000
53938  35.871  -38.012  50.219 0.0000000000
53951  36.258  -38.736  49.841 0.0000000000
52691  36.900  -38.982  50.428 0.0000000000
52689  38.354  -39.427  49.799 0.0000000000
140365  37.365  -39.348  49.626 0.0000000000
52706  37.787  -39.411  48.630 0.0000000000
52723  37.426  -39.190  47.741 0.0000000000
53989  38.034  -38.916  47.015 0.0000000000
55234  33.690  -37.209  44.726 0.0000000000
146625  33.649  -37.520  42.674 0.0000000000
144191  42.660  -27.477  39.859 0.0000000000
67063  42.192  -26.689  39.782 0.0000000000
66099  42.002  -27.520  39.488 0.0000000000
66100  41.289  -27.544  38.869 0.0000000000
66118  40.888  -27.261  38.190 0.0000000000
65087  37.681  -28.357  37.619 0.0000000000
65088  37.052  -28.536  36.956 0.0000000000
83830  58.671  -10.020  25.291 0.0000000000
130374  59.612  -9.715  25.843 0.0000000000
73772  43.470  -19.853  39.488 0.0000000000
154116  43.248  -20.468  39.581 0.0000000000
71844  42.498  -21.703  39.615 0.0000000000
71851  41.732  -21.880  39.343 0.0000000000
69093  40.205  -24.104  38.381 0.0000000000
74691  47.917  -18.817  42.006 0.0000000000
73742  46.605  -20.012  41.324 0.0000000000
74709  46.718  -18.809  40.868 0.0000000000
73757  45.485  -19.294  40.306 0.0000000000
49652  20.562  -42.603  47.649 0.0000000000
49633  21.141  -42.072  48.274 0.0000000000
49635  19.506  -42.364  48.841 0.0000000000
49604  18.813  -42.419  50.097 0.0000000000
58223  30.050  -34.201  56.765 0.0000000000
58222  31.021  -34.093  56.412 0.0000000000
58224  29.447  -34.199  56.287 0.0000000000
57252  28.426  -34.497  55.364 0.0000000000
57269  26.940  -35.095  53.957 0.0000000000
57276  27.454  -34.573  53.562 0.0000000000
57289  25.878  -34.848  51.529 0.0000000000
56302  25.424  -35.724  50.025 0.0000000000
53977  24.713  -38.167  48.378 0.0000000000
52712  24.364  -39.022  48.884 0.0000000000
78742  49.072  -13.697  31.422 0.0000000000
52541  27.160  -37.252  59.263 0.0000000000
78634  47.931  -14.498  39.834 0.0000000000
79692  48.407  -13.531  39.484 0.0000000000
79711  48.450  -13.099  37.439 0.0000000000
79724  48.756  -13.229  36.264 0.0000000000
79737  48.726  -13.594  35.095 0.0000000000
78689  46.621  -14.545  33.994 0.0000000000
77641  45.712  -14.793  34.520 0.0000000000
77649  46.077  -14.734  33.587 0.0000000000
48476  19.756  -41.735  54.899 0.0000000000
151003  18.791  -42.139  55.198 0.0000000000
149950  17.718  -42.506  54.760 0.0000000000
47373  17.655  -42.690  56.012 0.0000000000
47389  17.508  -42.740  55.394 0.0000000000
139288  16.686  -43.340  54.527 0.0000000000
146005  15.964  -43.345  54.487 0.0000000000
46279  14.839  -43.570  54.418 0.0000000000
44049  10.772  -46.649  56.821 0.0000000000
42950  10.227  -47.384  54.967 0.0000000000
42966  10.469  -47.787  54.124 0.0000000000
41904  10.261  -48.544  53.634 0.0000000000
39739  9.910  -50.752  51.883 0.0000000000
59429  40.112  -33.704  47.149 0.0000000000
59430  39.452  -33.610  46.685 0.0000000000
58404  38.542  -34.685  45.455 0.0000000000
135902  38.636  -35.757  45.051 0.0000000000
56379  39.194  -36.716  44.843 0.0000000000
55229  38.749  -37.475  44.071 0.0000000000
56293  34.977  -35.880  51.218 0.0000000000
56300  34.674  -36.287  50.356 0.0000000000
55130  35.014  -36.975  49.941 0.0000000000
55150  34.788  -38.159  48.822 0.0000000000
53973  34.694  -38.347  47.935 0.0000000000
57351  33.302  -35.658  46.817 0.0000000000
65053  40.046  -28.505  39.665 0.0000000000
65054  39.056  -28.628  39.480 0.0000000000
65037  37.688  -29.059  39.933 0.0000000000
65071  37.585  -28.662  38.491 0.0000000000
83810  58.462  -9.607  27.144 0.0000000000
83818  58.578  -9.734  26.243 0.0000000000
83843  57.103  -9.902  24.798 0.0000000000
75738  43.416  -16.853  36.538 0.0000000000
75739  42.803  -17.519  36.440 0.0000000000
72861  41.555  -19.765  38.013 0.0000000000
72862  40.911  -20.013  37.676 0.0000000000
72877  40.103  -20.169  37.129 0.0000000000
75679  47.764  -17.304  40.986 0.0000000000
77599  47.636  -15.621  40.242 0.0000000000
77612  46.531  -15.899  39.253 0.0000000000
75717  45.683  -16.777  39.090 0.0000000000
76651  45.899  -16.285  38.821 0.0000000000
76660  44.832  -16.315  37.812 0.0000000000
150495  37.126  -37.131  57.452 0.0000000000
52568  37.240  -36.931  57.016 0.0000000000
52581  36.766  -36.792  57.081 0.0000000000
53868  36.708  -36.517  56.738 0.0000000000
55076  36.216  -36.086  56.086 0.0000000000
137895  35.714  -36.063  56.384 0.0000000000
150883  36.348  -35.865  55.188 0.0000000000
55088  35.441  -35.457  54.233 0.0000000000
56274  35.146  -35.386  53.282 0.0000000000
58221  32.061  -34.338  55.947 0.0000000000
58233  32.377  -34.224  55.017 0.0000000000
131811  30.822  -33.458  54.309 0.0000000000
58245  32.520  -34.110  54.127 0.0000000000
57251  33.180  -34.676  54.561 0.0000000000
57266  33.849  -34.988  54.156 0.0000000000
57274  34.024  -34.796  53.299 0.0000000000
56284  34.619  -35.140  52.766 0.0000000000
57287  34.023  -34.759  52.314 0.0000000000
58291  31.381  -33.780  51.407 0.0000000000
58290  32.255  -34.101  51.188 0.0000000000
58310  32.272  -34.236  50.292 0.0000000000
58330  31.693  -33.903  49.857 0.0000000000
59389  31.470  -33.647  49.098 0.0000000000
59406  30.242  -33.231  48.212 0.0000000000
56312  25.667  -35.941  49.012 0.0000000000
61586  36.157  -31.617  42.581 0.0000000000
78730  54.692  -14.107  32.147 0.0000000000
79779  51.215  -13.197  31.609 0.0000000000
79793  51.932  -12.938  31.073 0.0000000000
80841  51.359  -12.468  30.229 0.0000000000
79774  54.977  -13.585  31.623 0.0000000000
80838  54.753  -12.480  30.542 0.0000000000
80856  55.086  -12.029  30.102 0.0000000000
80858  53.373  -11.797  29.704 0.0000000000
81864  54.750  -11.741  29.721 0.0000000000
81870  54.841  -11.346  29.174 0.0000000000
81875  54.901  -10.825  28.492 0.0000000000
82828  54.867  -10.331  27.528 0.0000000000
82834  53.856  -10.515  26.985 0.0000000000
52637  24.307  -39.071  52.589 0.0000000000
51465  24.010  -39.556  52.627 0.0000000000
50499  23.674  -39.870  52.830 0.0000000000
50489  23.148  -40.199  53.060 0.0000000000
51442  24.581  -38.963  54.561 0.0000000000
50487  24.277  -39.328  54.383 0.0000000000
49557  22.639  -40.398  53.318 0.0000000000
142367  22.226  -40.651  53.878 0.0000000000
149269  22.397  -40.595  54.794 0.0000000000
49522  21.947  -40.736  55.629 0.0000000000
150074  26.125  -37.830  58.309 0.0000000000
51426  24.968  -38.671  57.509 0.0000000000
51435  24.497  -39.085  57.168 0.0000000000
51417  24.816  -38.802  58.718 0.0000000000
50447  24.076  -39.458  57.421 0.0000000000
49521  22.707  -40.294  56.295 0.0000000000
48474  21.059  -41.284  55.254 0.0000000000
128600  20.393  -41.648  55.772 0.0000000000
149475  19.957  -41.795  56.194 0.0000000000
48457  19.587  -42.039  56.633 0.0000000000
48436  20.529  -41.607  57.342 0.0000000000
48437  19.715  -41.950  57.412 0.0000000000
53839  39.015  -37.300  57.390 0.0000000000
52552  37.460  -37.179  57.515 0.0000000000
52553  36.788  -37.379  58.062 0.0000000000
52554  36.471  -37.451  58.283 0.0000000000
53854  35.306  -37.168  58.329 0.0000000000
129837  34.623  -36.816  58.111 0.0000000000
56223  32.828  -35.615  57.894 0.0000000000
57232  29.944  -34.512  57.515 0.0000000000
57233  29.052  -34.557  56.888 0.0000000000
56248  28.138  -34.982  56.293 0.0000000000
56249  27.390  -35.549  55.728 0.0000000000
55078  27.100  -35.831  56.294 0.0000000000
55079  26.703  -36.220  55.654 0.0000000000
55090  25.822  -36.871  54.680 0.0000000000
53908  25.102  -37.865  53.931 0.0000000000
130504  42.628  -17.525  35.143 0.0000000000
78668  52.173  -13.761  34.376 0.0000000000
79734  51.642  -13.376  35.077 0.0000000000
78684  51.571  -13.967  33.816 0.0000000000
131789  50.963  -14.016  33.451 0.0000000000
79746  49.317  -13.872  34.316 0.0000000000
78703  47.953  -14.631  33.092 0.0000000000
78702  48.750  -14.314  33.109 0.0000000000
78719  48.749  -14.260  32.656 0.0000000000
141017  48.728  -14.161  32.316 0.0000000000
145096  48.659  -14.085  31.956 0.0000000000
50511  22.823  -40.695  51.180 0.0000000000
49584  23.003  -42.007  51.065 0.0000000000
49585  21.594  -42.028  50.821 0.0000000000
153850  21.168  -41.764  51.106 0.0000000000
140408  20.052  -42.264  50.648 0.0000000000
49603  19.375  -42.504  50.665 0.0000000000
48576  18.252  -42.527  50.330 0.0000000000
47403  19.104  -41.626  53.783 0.0000000000
48534  19.041  -41.979  52.410 0.0000000000
151027  18.025  -42.821  52.852 0.0000000000
138606  18.496  -42.342  52.695 0.0000000000
48555  18.257  -42.686  51.221 0.0000000000
48594  17.721  -42.795  49.623 0.0000000000
47457  17.007  -43.205  49.323 0.0000000000
48595  16.114  -43.470  49.503 0.0000000000
142191  15.465  -44.082  49.125 0.0000000000
47459  14.599  -44.574  49.375 0.0000000000
46310  15.180  -45.074  48.697 0.0000000000
139006  15.430  -44.110  56.294 0.0000000000
46261  14.943  -44.029  55.644 0.0000000000
46271  13.949  -43.959  55.028 0.0000000000
145175  11.147  -46.278  55.862 0.0000000000
44060  11.577  -45.809  54.985 0.0000000000
44073  11.045  -46.604  54.368 0.0000000000
45209  12.186  -45.222  54.685 0.0000000000
45233  12.766  -45.894  51.200 0.0000000000
44160  12.539  -46.964  50.743 0.0000000000
35315  6.590  -54.686  54.572 0.0000000000
34170  6.469  -55.489  54.132 0.0000000000
69995  44.717  -23.540  40.875 0.0000000000
65051  42.475  -28.154  39.594 0.0000000000
65034  40.910  -28.454  40.293 0.0000000000
138887  40.064  -28.638  40.543 0.0000000000
63832  39.182  -29.432  41.694 0.0000000000
63833  38.249  -29.610  41.521 0.0000000000
62668  36.646  -30.918  42.726 0.0000000000
62648  39.940  -29.794  44.272 0.0000000000
62649  39.381  -30.244  43.994 0.0000000000
62635  38.795  -30.848  44.595 0.0000000000
62650  38.631  -30.565  43.767 0.0000000000
62652  37.167  -30.970  43.274 0.0000000000
154690  36.077  -32.941  42.711 0.0000000000
59478  36.330  -33.614  42.516 0.0000000000
58426  36.766  -34.367  42.215 0.0000000000
57420  37.186  -35.473  41.210 0.0000000000
57398  37.815  -35.973  43.803 0.0000000000
57399  37.631  -35.401  43.261 0.0000000000
139777  36.970  -36.048  40.486 0.0000000000
55288  36.454  -37.474  40.311 0.0000000000
55289  35.803  -38.117  40.527 0.0000000000
55164  41.470  -37.645  47.804 0.0000000000
129638  38.030  -37.117  56.195 0.0000000000
134597  38.073  -36.933  55.515 0.0000000000
52594  38.808  -37.275  54.722 0.0000000000
53894  37.722  -36.355  54.297 0.0000000000
52608  38.895  -37.126  54.012 0.0000000000
128911  40.011  -37.632  51.544 0.0000000000
138023  37.012  -36.425  52.085 0.0000000000
53925  36.268  -37.051  50.713 0.0000000000
53924  36.950  -36.925  51.214 0.0000000000
52634  37.642  -37.033  51.737 0.0000000000
129128  39.555  -37.776  51.491 0.0000000000
52648  39.867  -38.177  50.992 0.0000000000
52666  40.601  -38.540  50.487 0.0000000000
53969  41.038  -38.882  48.414 0.0000000000
55165  41.031  -38.030  47.079 0.0000000000
55181  39.888  -38.148  45.947 0.0000000000
54026  39.283  -38.498  45.674 0.0000000000
54006  38.716  -38.776  46.280 0.0000000000
53991  34.780  -38.403  47.112 0.0000000000
54009  35.374  -38.564  46.808 0.0000000000
140834  35.786  -38.569  46.154 0.0000000000
132241  34.467  -37.708  42.442 0.0000000000
55278  34.586  -37.933  41.659 0.0000000000
69066  43.171  -23.978  40.068 0.0000000000
69067  42.441  -24.002  39.580 0.0000000000
68051  41.845  -25.785  39.442 0.0000000000
69078  41.817  -24.066  39.301 0.0000000000
69079  41.135  -23.963  38.933 0.0000000000
69094  39.594  -24.661  37.893 0.0000000000
66102  40.122  -28.121  38.080 0.0000000000
66119  40.448  -27.466  37.804 0.0000000000
66121  38.465  -27.832  37.432 0.0000000000
67093  40.020  -26.943  37.363 0.0000000000
139173  39.575  -26.319  37.185 0.0000000000
68069  39.415  -25.506  37.392 0.0000000000
82832  55.271  -10.004  26.499 0.0000000000
82836  55.266  -10.020  25.395 0.0000000000
47338  19.075  -42.400  57.116 0.0000000000
47388  18.478  -42.006  54.458 0.0000000000
47390  16.999  -43.180  55.049 0.0000000000
48473  21.693  -40.917  54.596 0.0000000000
48493  19.672  -41.520  54.022 0.0000000000
48510  20.951  -41.253  53.394 0.0000000000
49544  22.904  -40.341  54.371 0.0000000000
49559  21.717  -41.113  52.535 0.0000000000
50448  23.523  -39.752  57.830 0.0000000000
50474  23.884  -39.590  54.629 0.0000000000
50488  23.925  -39.665  53.769 0.0000000000
50512  23.005  -41.559  50.838 0.0000000000
50523  23.330  -40.228  51.013 0.0000000000
51415  25.582  -38.222  57.924 0.0000000000
51427  24.620  -39.020  57.901 0.0000000000
51452  24.132  -39.511  53.354 0.0000000000
51486  23.491  -40.108  50.533 0.0000000000
51500  23.639  -40.569  49.386 0.0000000000
52551  38.473  -37.236  57.093 0.0000000000
52566  39.053  -37.379  56.528 0.0000000000
52569  36.742  -37.156  57.677 0.0000000000
52578  39.546  -37.473  55.921 0.0000000000
52580  37.383  -36.670  56.401 0.0000000000
52607  39.421  -37.466  54.090 0.0000000000
52649  38.954  -37.715  51.494 0.0000000000
53884  36.545  -36.385  56.583 0.0000000000
53906  37.367  -36.214  53.603 0.0000000000
55064  35.250  -36.259  56.968 0.0000000000
55066  27.262  -35.913  57.083 0.0000000000
55102  25.379  -36.988  53.989 0.0000000000
55131  24.699  -37.277  50.053 0.0000000000
56263  26.853  -35.586  54.602 0.0000000000
57222  30.961  -34.704  57.801 0.0000000000
57223  29.237  -34.917  57.748 0.0000000000
57254  27.277  -35.204  54.510 0.0000000000
57268  27.499  -34.797  54.112 0.0000000000
57300  25.882  -34.981  50.537 0.0000000000
57322  26.263  -35.375  48.480 0.0000000000
58234  31.342  -33.888  55.529 0.0000000000
58236  29.356  -33.925  55.489 0.0000000000
58262  30.386  -33.304  53.689 0.0000000000
58331  27.851  -33.991  49.968 0.0000000000
63848  37.112  -29.313  40.085 0.0000000000
69065  44.018  -24.099  40.583 0.0000000000
75697  46.470  -17.104  39.941 0.0000000000
75750  42.455  -17.910  35.918 0.0000000000
76666  44.515  -15.782  36.442 0.0000000000
78733  52.378  -13.579  32.291 0.0000000000
79693  47.762  -13.963  39.063 0.0000000000
79732  53.344  -13.490  35.758 0.0000000000
79745  50.067  -14.013  34.185 0.0000000000
83844  56.116  -9.803  25.055 0.0000000000
132087  17.915  -42.577  57.067 0.0000000000
133707  30.804  -33.415  48.904 0.0000000000
134263  22.597  -42.115  50.968 0.0000000000
136154  33.895  -36.045  57.382 0.0000000000
139727  14.879  -43.894  49.909 0.0000000000
140636  47.662  -16.000  40.530 0.0000000000
142030  38.212  -28.522  38.689 0.0000000000
142717  24.778  -38.766  54.046 0.0000000000
144058  38.997  -37.130  53.347 0.0000000000
146950  39.613  -37.540  52.025 0.0000000000
147647  21.962  -41.852  51.365 0.0000000000
148461  28.331  -33.864  50.659 0.0000000000
150294  31.842  -33.532  52.915 0.0000000000
152160  24.708  -38.726  55.917 0.0000000000
153571  20.455  -41.656  56.311 0.0000000000
