#!ascii label  , from subject sub001 vox2ras=TkReg
1227
49481  11.891  -42.394  59.854 0.0000000000
45297  6.964  -46.620  47.125 0.0000000000
141800  4.391  -49.537  58.731 0.0000000000
50459  4.993  -41.039  56.601 0.0000000000
59342  7.448  -34.091  54.713 0.0000000000
45136  6.249  -46.155  61.359 0.0000000000
49461  6.093  -42.053  60.998 0.0000000000
48351  14.901  -42.819  61.867 0.0000000000
41798  9.536  -47.807  60.510 0.0000000000
37538  6.324  -51.463  58.034 0.0000000000
58183  6.401  -34.691  61.428 0.0000000000
137431  5.686  -36.680  54.748 0.0000000000
62469  6.176  -30.937  60.935 0.0000000000
38720  4.381  -52.208  54.624 0.0000000000
44106  6.049  -48.041  53.420 0.0000000000
47359  4.496  -45.127  57.197 0.0000000000
53806  5.744  -38.986  61.899 0.0000000000
47441  8.438  -44.741  52.144 0.0000000000
52714  8.329  -39.483  49.202 0.0000000000
57340  7.849  -36.000  47.910 0.0000000000
60390  12.508  -32.249  54.485 0.0000000000
47279  9.017  -44.621  61.224 0.0000000000
48401  8.015  -43.119  60.084 0.0000000000
150193  14.072  -42.158  60.605 0.0000000000
45126  12.685  -45.258  61.904 0.0000000000
47259  11.300  -44.373  62.322 0.0000000000
42839  8.134  -47.190  62.284 0.0000000000
60312  6.159  -32.503  60.983 0.0000000000
39713  4.414  -51.383  56.669 0.0000000000
42935  4.563  -48.579  55.860 0.0000000000
44037  4.463  -47.114  58.115 0.0000000000
52525  8.057  -39.428  61.496 0.0000000000
146333  5.674  -40.671  61.565 0.0000000000
154442  4.764  -51.105  58.868 0.0000000000
36410  5.443  -53.155  56.880 0.0000000000
37550  4.673  -52.602  57.007 0.0000000000
36438  4.080  -53.991  55.270 0.0000000000
142674  5.838  -44.870  54.541 0.0000000000
144248  7.382  -46.166  52.846 0.0000000000
48515  6.404  -42.944  53.867 0.0000000000
58256  6.482  -34.874  54.682 0.0000000000
140906  6.624  -38.506  52.179 0.0000000000
128715  6.516  -35.692  51.730 0.0000000000
55157  6.699  -37.104  48.643 0.0000000000
58319  7.460  -35.174  51.194 0.0000000000
146412  4.560  -48.126  60.592 0.0000000000
134330  4.449  -46.568  59.895 0.0000000000
47263  5.989  -44.891  61.083 0.0000000000
51413  7.794  -41.110  60.167 0.0000000000
46176  16.575  -43.475  60.208 0.0000000000
46223  14.515  -44.839  58.205 0.0000000000
45144  13.762  -44.874  60.669 0.0000000000
42894  10.875  -46.765  59.523 0.0000000000
39672  7.095  -50.075  59.043 0.0000000000
39657  5.907  -49.892  60.433 0.0000000000
53847  5.574  -38.041  58.588 0.0000000000
154963  5.545  -38.917  55.343 0.0000000000
57216  6.420  -35.677  58.006 0.0000000000
129840  6.421  -33.316  58.484 0.0000000000
60336  6.859  -31.949  58.189 0.0000000000
51428  15.295  -40.106  57.753 0.0000000000
49480  20.933  -41.208  59.389 0.0000000000
52503  22.352  -38.850  63.235 0.0000000000
51389  18.473  -40.159  60.914 0.0000000000
51410  16.883  -40.555  59.619 0.0000000000
37596  4.563  -53.688  52.484 0.0000000000
39749  5.494  -51.536  52.246 0.0000000000
128586  4.846  -50.251  53.787 0.0000000000
140306  5.055  -46.953  55.138 0.0000000000
135143  4.588  -42.702  56.881 0.0000000000
48402  4.440  -43.539  59.318 0.0000000000
50436  4.491  -41.709  58.910 0.0000000000
52549  5.013  -39.637  59.256 0.0000000000
55010  6.557  -37.173  61.921 0.0000000000
40832  7.123  -50.442  51.354 0.0000000000
141880  8.716  -47.761  50.746 0.0000000000
46325  9.223  -45.940  48.663 0.0000000000
51466  6.569  -40.211  52.799 0.0000000000
50526  8.736  -41.490  50.904 0.0000000000
48622  8.108  -43.615  47.571 0.0000000000
50574  6.918  -41.103  46.648 0.0000000000
54041  6.508  -38.863  45.766 0.0000000000
63595  8.220  -29.020  60.579 0.0000000000
60334  9.648  -31.976  57.936 0.0000000000
62514  11.371  -30.696  57.588 0.0000000000
59324  9.862  -33.362  55.088 0.0000000000
58298  10.307  -35.184  51.583 0.0000000000
48382  10.703  -43.139  60.190 0.0000000000
48418  9.837  -43.155  59.154 0.0000000000
49496  11.232  -42.154  58.548 0.0000000000
49471  12.655  -42.494  60.554 0.0000000000
48365  12.747  -43.308  62.371 0.0000000000
49458  11.661  -42.887  60.730 0.0000000000
149842  10.644  -44.098  61.857 0.0000000000
44237  6.503  -47.600  46.699 0.0000000000
46342  6.448  -45.511  46.636 0.0000000000
39702  4.410  -50.774  57.578 0.0000000000
139715  4.456  -49.257  57.263 0.0000000000
42904  4.519  -48.879  58.476 0.0000000000
46247  16.746  -43.266  57.309 0.0000000000
39683  4.491  -50.827  58.663 0.0000000000
38661  4.619  -52.020  57.703 0.0000000000
39692  4.432  -50.839  58.190 0.0000000000
38687  4.450  -51.991  56.661 0.0000000000
136827  5.246  -42.711  55.429 0.0000000000
48494  5.996  -43.107  54.352 0.0000000000
49547  5.296  -41.848  55.317 0.0000000000
59343  7.081  -34.160  54.961 0.0000000000
57279  6.489  -35.615  53.080 0.0000000000
58284  6.897  -35.094  53.104 0.0000000000
58321  6.860  -35.308  51.507 0.0000000000
58282  7.643  -34.953  52.719 0.0000000000
43973  5.378  -46.611  61.273 0.0000000000
146141  5.415  -45.800  60.974 0.0000000000
46164  6.172  -45.289  61.237 0.0000000000
50434  7.946  -41.904  59.844 0.0000000000
52548  8.506  -39.848  60.160 0.0000000000
47238  15.590  -43.717  61.540 0.0000000000
45148  14.827  -44.347  60.724 0.0000000000
45133  15.510  -45.553  62.765 0.0000000000
43971  11.374  -46.863  61.315 0.0000000000
42871  11.427  -46.849  60.936 0.0000000000
42885  10.309  -47.391  60.438 0.0000000000
40701  8.194  -48.813  59.994 0.0000000000
45128  7.691  -46.354  61.594 0.0000000000
41758  6.943  -48.256  61.956 0.0000000000
42850  5.885  -47.489  61.600 0.0000000000
145058  4.818  -49.022  60.557 0.0000000000
143372  6.321  -36.199  60.065 0.0000000000
56218  6.179  -36.469  58.652 0.0000000000
143371  6.414  -35.018  59.790 0.0000000000
61386  6.112  -31.503  60.886 0.0000000000
59274  6.373  -33.284  59.332 0.0000000000
60322  6.392  -32.306  59.107 0.0000000000
59288  6.469  -33.058  57.953 0.0000000000
61414  6.608  -31.823  58.945 0.0000000000
50404  18.965  -40.597  61.423 0.0000000000
37597  4.497  -53.066  53.248 0.0000000000
38742  4.783  -52.422  52.836 0.0000000000
39733  4.627  -51.366  53.737 0.0000000000
144106  4.598  -47.052  56.388 0.0000000000
143357  4.736  -47.985  55.533 0.0000000000
45191  4.669  -46.317  56.065 0.0000000000
46263  4.796  -45.481  55.876 0.0000000000
47358  4.649  -44.656  56.407 0.0000000000
48370  5.000  -44.219  60.472 0.0000000000
46195  4.465  -45.112  59.640 0.0000000000
153444  4.762  -43.107  60.244 0.0000000000
52517  5.990  -39.660  62.348 0.0000000000
51405  4.753  -40.610  60.346 0.0000000000
52536  4.891  -39.805  60.147 0.0000000000
128970  4.637  -40.871  58.765 0.0000000000
147915  5.164  -39.208  59.876 0.0000000000
142031  5.450  -38.576  60.093 0.0000000000
55011  6.348  -37.743  61.548 0.0000000000
45168  12.907  -45.147  58.343 0.0000000000
45189  13.492  -44.831  57.017 0.0000000000
38673  6.713  -51.604  57.212 0.0000000000
38697  6.810  -52.084  55.958 0.0000000000
36418  6.401  -52.557  56.394 0.0000000000
35289  5.036  -54.297  55.980 0.0000000000
144791  5.438  -54.394  55.792 0.0000000000
37580  4.093  -53.505  54.744 0.0000000000
37586  4.085  -53.548  54.026 0.0000000000
140289  5.536  -50.316  52.758 0.0000000000
39748  6.016  -51.248  51.867 0.0000000000
41941  6.547  -49.321  52.428 0.0000000000
150456  8.033  -45.905  52.481 0.0000000000
44163  7.922  -47.721  51.687 0.0000000000
45234  8.544  -46.298  51.694 0.0000000000
45258  9.289  -46.557  49.552 0.0000000000
140651  9.296  -45.382  50.395 0.0000000000
55073  5.670  -37.379  55.671 0.0000000000
134419  5.697  -39.679  54.406 0.0000000000
139887  5.811  -38.437  53.650 0.0000000000
52677  7.357  -39.248  50.841 0.0000000000
52657  7.004  -39.617  51.435 0.0000000000
134950  9.057  -40.957  49.814 0.0000000000
49621  9.176  -42.544  48.722 0.0000000000
50572  8.350  -40.950  47.768 0.0000000000
49654  7.272  -42.339  47.026 0.0000000000
51530  7.696  -40.041  47.540 0.0000000000
57342  7.028  -36.555  48.121 0.0000000000
55197  6.986  -37.970  46.951 0.0000000000
55195  7.242  -37.479  46.619 0.0000000000
149122  8.125  -28.029  60.391 0.0000000000
62483  9.244  -30.536  59.814 0.0000000000
62482  9.942  -30.175  59.467 0.0000000000
63659  12.172  -29.987  55.938 0.0000000000
61443  11.953  -31.794  56.106 0.0000000000
128098  11.141  -32.433  56.232 0.0000000000
59323  10.917  -33.134  54.811 0.0000000000
58265  9.770  -34.685  53.086 0.0000000000
59348  11.301  -33.599  53.364 0.0000000000
46179  7.520  -45.353  61.253 0.0000000000
47281  7.065  -44.679  61.043 0.0000000000
47316  8.900  -43.730  59.945 0.0000000000
49455  14.570  -42.305  60.979 0.0000000000
128241  14.929  -45.131  62.966 0.0000000000
48341  13.408  -43.229  62.720 0.0000000000
46140  11.835  -44.999  62.577 0.0000000000
43945  10.500  -46.577  62.533 0.0000000000
42837  9.116  -47.503  62.495 0.0000000000
46143  10.017  -45.523  62.643 0.0000000000
46154  8.885  -45.870  62.152 0.0000000000
140553  6.583  -33.123  62.888 0.0000000000
59258  6.273  -33.514  61.241 0.0000000000
60299  6.279  -32.189  62.757 0.0000000000
62434  5.637  -30.668  63.035 0.0000000000
63586  5.691  -30.170  62.071 0.0000000000
38710  4.404  -52.231  55.393 0.0000000000
40807  4.458  -50.597  55.314 0.0000000000
40789  4.459  -50.100  56.166 0.0000000000
42936  4.470  -48.428  56.788 0.0000000000
45182  4.537  -46.356  57.647 0.0000000000
49459  6.992  -40.948  61.108 0.0000000000
50416  5.908  -41.187  61.281 0.0000000000
51382  7.097  -40.166  62.057 0.0000000000
52515  7.319  -39.576  62.345 0.0000000000
53771  7.252  -38.427  62.884 0.0000000000
54990  6.940  -37.821  62.852 0.0000000000
37528  5.452  -51.393  58.644 0.0000000000
36409  5.896  -52.964  56.934 0.0000000000
36401  5.152  -52.613  57.469 0.0000000000
36411  5.071  -53.126  56.958 0.0000000000
36422  4.636  -53.479  56.167 0.0000000000
35295  4.211  -54.470  55.332 0.0000000000
37556  4.487  -53.023  56.142 0.0000000000
133927  4.403  -52.881  55.640 0.0000000000
140234  5.823  -47.093  53.984 0.0000000000
44105  6.598  -47.882  52.853 0.0000000000
46281  6.625  -45.633  53.685 0.0000000000
144206  6.902  -44.907  53.513 0.0000000000
48538  7.183  -43.342  53.358 0.0000000000
56271  5.906  -35.821  54.434 0.0000000000
129316  5.907  -37.725  53.301 0.0000000000
56278  6.125  -36.279  53.256 0.0000000000
55123  6.194  -37.240  52.150 0.0000000000
53944  6.548  -37.738  50.702 0.0000000000
142113  7.163  -37.950  48.807 0.0000000000
133316  6.301  -36.088  50.256 0.0000000000
57314  6.785  -35.535  49.880 0.0000000000
58339  7.822  -35.281  50.342 0.0000000000
61462  13.190  -31.732  54.106 0.0000000000
59347  12.125  -33.218  53.136 0.0000000000
60400  13.379  -32.035  53.287 0.0000000000
41801  4.482  -49.195  59.822 0.0000000000
141572  4.376  -47.911  59.422 0.0000000000
43993  4.514  -47.086  60.181 0.0000000000
46181  5.045  -45.713  60.680 0.0000000000
48367  6.355  -42.874  60.811 0.0000000000
47301  6.794  -43.859  60.777 0.0000000000
49473  6.841  -42.222  60.530 0.0000000000
153511  6.752  -41.492  60.805 0.0000000000
51403  7.916  -40.314  60.556 0.0000000000
46208  16.752  -43.517  59.471 0.0000000000
46221  16.348  -43.897  58.629 0.0000000000
46209  15.571  -44.483  59.193 0.0000000000
45134  13.617  -44.905  61.558 0.0000000000
131521  11.837  -46.190  59.930 0.0000000000
44016  10.904  -46.642  58.693 0.0000000000
39691  7.056  -50.558  57.855 0.0000000000
39681  6.859  -50.639  58.178 0.0000000000
40692  7.784  -49.246  60.994 0.0000000000
133979  6.781  -50.036  59.733 0.0000000000
39674  6.315  -50.511  59.404 0.0000000000
38635  5.108  -50.536  59.731 0.0000000000
137483  4.474  -49.586  59.944 0.0000000000
53863  5.282  -39.243  57.623 0.0000000000
52590  5.342  -39.506  56.444 0.0000000000
144631  5.461  -38.405  57.328 0.0000000000
55059  5.656  -37.554  56.689 0.0000000000
56243  6.221  -36.076  56.317 0.0000000000
135053  6.409  -34.157  59.686 0.0000000000
58209  6.479  -34.650  58.233 0.0000000000
57240  6.403  -35.208  56.570 0.0000000000
58229  6.699  -34.294  56.068 0.0000000000
59328  6.917  -33.940  55.846 0.0000000000
60366  7.379  -32.609  56.798 0.0000000000
50441  13.510  -41.442  58.536 0.0000000000
48397  19.497  -42.017  59.159 0.0000000000
52496  25.153  -37.604  63.471 0.0000000000
135197  24.343  -36.847  64.135 0.0000000000
138968  23.791  -38.737  62.864 0.0000000000
50400  22.097  -39.777  61.553 0.0000000000
49451  20.575  -41.006  60.841 0.0000000000
48381  18.832  -42.440  60.123 0.0000000000
151680  17.380  -41.895  61.322 0.0000000000
134606  16.685  -41.897  61.179 0.0000000000
52532  18.117  -39.786  60.150 0.0000000000
50412  16.328  -41.503  60.465 0.0000000000
50430  15.126  -41.484  59.893 0.0000000000
51411  14.715  -41.159  59.105 0.0000000000
39741  5.107  -51.347  52.719 0.0000000000
41943  5.308  -49.863  53.379 0.0000000000
40788  4.617  -49.932  54.551 0.0000000000
42967  4.978  -48.617  54.588 0.0000000000
44088  5.607  -47.939  53.987 0.0000000000
46272  5.595  -45.536  54.768 0.0000000000
48477  5.148  -43.580  55.573 0.0000000000
134450  4.762  -42.111  56.278 0.0000000000
44017  4.372  -47.152  59.028 0.0000000000
46224  4.390  -45.406  58.693 0.0000000000
47341  4.436  -44.849  58.023 0.0000000000
48385  4.868  -42.432  60.461 0.0000000000
49487  4.450  -42.627  59.088 0.0000000000
48438  4.427  -43.974  58.128 0.0000000000
49509  4.528  -42.045  57.536 0.0000000000
50452  4.717  -41.211  57.374 0.0000000000
52563  5.034  -39.948  57.839 0.0000000000
53848  5.323  -38.853  59.121 0.0000000000
56193  6.205  -36.980  60.248 0.0000000000
57180  6.616  -35.718  61.953 0.0000000000
141707  7.060  -36.396  63.053 0.0000000000
57173  6.879  -35.747  62.759 0.0000000000
59246  6.870  -34.070  62.953 0.0000000000
153321  6.710  -54.049  54.804 0.0000000000
35287  5.990  -53.785  55.857 0.0000000000
43044  7.409  -48.455  51.943 0.0000000000
138185  8.097  -49.205  51.073 0.0000000000
142854  7.960  -46.066  47.475 0.0000000000
51443  5.630  -40.485  54.591 0.0000000000
50490  6.419  -41.647  53.600 0.0000000000
138934  7.583  -42.134  52.655 0.0000000000
52639  6.638  -39.245  52.609 0.0000000000
50514  7.442  -41.299  52.452 0.0000000000
48559  8.703  -43.278  51.615 0.0000000000
48596  9.441  -43.852  49.636 0.0000000000
47472  8.541  -44.522  47.781 0.0000000000
47484  7.851  -44.909  47.409 0.0000000000
141076  7.022  -44.127  46.945 0.0000000000
141227  7.007  -38.780  47.408 0.0000000000
52746  6.578  -39.430  46.468 0.0000000000
64748  6.211  -28.499  62.028 0.0000000000
64747  6.794  -27.455  61.495 0.0000000000
62468  6.971  -30.476  60.574 0.0000000000
61384  7.678  -30.624  60.202 0.0000000000
60335  8.678  -31.916  58.184 0.0000000000
60365  8.867  -32.559  56.759 0.0000000000
62501  10.746  -30.768  58.374 0.0000000000
148183  9.468  -32.701  56.415 0.0000000000
59325  8.847  -33.361  55.312 0.0000000000
58266  8.693  -34.760  53.167 0.0000000000
58299  8.676  -35.298  51.764 0.0000000000
147245  8.855  -35.427  50.658 0.0000000000
148594  9.777  -35.471  49.892 0.0000000000
49472  11.158  -42.678  59.892 0.0000000000
48399  10.529  -42.870  59.426 0.0000000000
49482  11.200  -42.426  59.204 0.0000000000
50424  12.755  -42.159  59.689 0.0000000000
128063  10.865  -43.562  61.158 0.0000000000
44236  6.727  -47.298  47.033 0.0000000000
45298  6.539  -46.718  46.749 0.0000000000
142454  6.660  -46.038  46.840 0.0000000000
140998  6.640  -45.974  46.869 0.0000000000
141249  4.302  -50.122  58.323 0.0000000000
40751  4.383  -49.950  57.711 0.0000000000
47328  17.367  -42.780  58.204 0.0000000000
47340  17.325  -42.760  57.516 0.0000000000
46235  16.686  -43.245  58.088 0.0000000000
40723  4.281  -50.190  58.921 0.0000000000
150772  4.968  -42.218  55.795 0.0000000000
50465  5.061  -41.483  55.943 0.0000000000
59353  7.176  -34.329  54.185 0.0000000000
58269  6.934  -34.648  53.660 0.0000000000
58268  7.393  -34.573  53.478 0.0000000000
59352  7.642  -34.274  54.061 0.0000000000
45137  5.788  -46.103  61.296 0.0000000000
135527  6.154  -45.770  61.301 0.0000000000
48350  15.763  -42.873  61.391 0.0000000000
46160  15.740  -45.071  62.486 0.0000000000
48338  15.210  -43.923  61.886 0.0000000000
42873  10.372  -47.517  60.999 0.0000000000
42872  11.014  -47.116  60.934 0.0000000000
131021  9.407  -47.704  59.840 0.0000000000
41799  8.688  -48.198  59.938 0.0000000000
41786  8.811  -48.338  60.603 0.0000000000
45129  6.818  -46.458  61.371 0.0000000000
43961  6.628  -46.955  61.499 0.0000000000
43972  5.956  -46.583  61.460 0.0000000000
42862  5.351  -47.164  61.387 0.0000000000
57187  6.453  -35.686  61.039 0.0000000000
57195  6.384  -35.652  60.259 0.0000000000
58189  6.368  -34.904  60.429 0.0000000000
60323  6.296  -32.074  59.938 0.0000000000
61385  6.312  -31.526  60.356 0.0000000000
61399  6.444  -31.712  59.718 0.0000000000
62485  6.568  -31.051  60.332 0.0000000000
138262  4.279  -52.889  54.257 0.0000000000
38732  4.485  -52.115  53.690 0.0000000000
39734  4.483  -51.584  54.244 0.0000000000
45192  4.594  -46.359  56.802 0.0000000000
46251  4.616  -45.611  56.541 0.0000000000
133006  4.491  -44.298  57.264 0.0000000000
48368  5.863  -43.149  60.972 0.0000000000
48369  5.183  -43.352  60.625 0.0000000000
129566  5.517  -42.536  60.883 0.0000000000
52527  5.578  -39.620  61.730 0.0000000000
52535  5.363  -39.207  60.865 0.0000000000
129246  5.916  -38.337  61.061 0.0000000000
55001  6.193  -38.363  62.056 0.0000000000
37548  6.569  -51.826  57.194 0.0000000000
128360  6.567  -52.088  56.830 0.0000000000
34144  5.116  -55.139  55.529 0.0000000000
134082  4.331  -52.924  55.047 0.0000000000
41942  5.927  -49.553  52.914 0.0000000000
41951  6.133  -50.056  52.327 0.0000000000
43017  6.367  -48.754  52.986 0.0000000000
46300  8.034  -45.195  52.489 0.0000000000
46299  8.535  -45.511  51.957 0.0000000000
46307  8.991  -45.801  51.036 0.0000000000
47440  8.996  -45.057  51.317 0.0000000000
55084  5.574  -37.649  54.863 0.0000000000
53903  5.573  -38.434  54.602 0.0000000000
52697  7.796  -38.896  49.991 0.0000000000
52676  8.175  -39.564  50.388 0.0000000000
51502  8.660  -40.126  49.811 0.0000000000
51514  8.788  -40.440  48.833 0.0000000000
52730  7.904  -39.248  48.212 0.0000000000
57341  7.381  -36.185  48.123 0.0000000000
56341  7.178  -36.765  47.520 0.0000000000
56340  7.519  -36.499  47.384 0.0000000000
65857  7.837  -26.600  59.727 0.0000000000
65856  8.090  -27.366  59.682 0.0000000000
63612  9.526  -29.667  59.813 0.0000000000
64767  9.048  -28.308  59.587 0.0000000000
61442  12.446  -31.312  55.638 0.0000000000
61433  12.260  -30.839  56.201 0.0000000000
60377  12.251  -32.023  55.267 0.0000000000
60378  11.480  -32.543  55.464 0.0000000000
132971  11.764  -32.692  54.735 0.0000000000
59338  11.042  -33.443  54.081 0.0000000000
60391  11.831  -32.953  53.970 0.0000000000
46178  8.495  -45.340  61.571 0.0000000000
47280  7.973  -44.913  60.907 0.0000000000
47298  9.276  -43.916  60.465 0.0000000000
49483  10.477  -42.470  58.690 0.0000000000
49456  13.843  -42.733  61.663 0.0000000000
49435  13.696  -43.048  62.577 0.0000000000
49446  13.653  -43.010  62.373 0.0000000000
48354  12.098  -43.797  62.378 0.0000000000
48343  12.156  -43.978  62.475 0.0000000000
47243  11.348  -44.562  62.414 0.0000000000
46141  10.962  -45.088  62.910 0.0000000000
46142  10.567  -45.239  62.837 0.0000000000
131263  10.098  -45.566  62.691 0.0000000000
46152  10.319  -44.876  62.474 0.0000000000
47278  9.924  -43.982  61.224 0.0000000000
47261  9.951  -45.047  62.544 0.0000000000
139830  9.294  -45.104  61.980 0.0000000000
46162  8.220  -45.740  61.637 0.0000000000
62433  6.085  -30.144  63.711 0.0000000000
63578  5.572  -30.024  62.822 0.0000000000
63574  5.786  -29.167  63.223 0.0000000000
39719  4.414  -51.479  55.778 0.0000000000
142782  4.420  -50.843  56.168 0.0000000000
42923  4.499  -48.639  57.774 0.0000000000
44051  4.478  -47.825  57.522 0.0000000000
144486  4.512  -47.056  57.186 0.0000000000
51392  7.693  -40.059  61.207 0.0000000000
51393  7.264  -40.402  61.473 0.0000000000
52526  7.557  -39.848  61.758 0.0000000000
52514  7.911  -39.261  62.115 0.0000000000
53789  6.964  -39.084  62.704 0.0000000000
53770  7.804  -38.370  62.996 0.0000000000
38649  5.015  -51.036  59.095 0.0000000000
37540  5.296  -52.063  58.016 0.0000000000
37529  4.954  -51.617  58.451 0.0000000000
37542  4.810  -52.534  57.423 0.0000000000
36412  4.776  -53.080  56.720 0.0000000000
36421  4.830  -53.678  56.342 0.0000000000
153932  4.640  -53.052  56.491 0.0000000000
36431  4.407  -53.775  55.699 0.0000000000
133928  4.483  -52.692  56.188 0.0000000000
38698  4.413  -52.098  56.024 0.0000000000
46282  6.152  -45.486  54.224 0.0000000000
45219  6.254  -46.346  53.867 0.0000000000
47410  6.352  -43.641  54.041 0.0000000000
47409  6.843  -43.979  53.672 0.0000000000
47427  7.400  -44.258  53.234 0.0000000000
48514  6.701  -43.240  53.661 0.0000000000
57262  6.203  -35.306  54.909 0.0000000000
138460  5.831  -36.472  53.904 0.0000000000
57270  6.131  -35.696  53.810 0.0000000000
57290  6.501  -35.837  52.385 0.0000000000
145628  6.308  -36.169  52.705 0.0000000000
56295  6.240  -36.395  52.069 0.0000000000
155042  6.716  -38.108  51.153 0.0000000000
153223  6.424  -37.469  51.150 0.0000000000
132235  6.189  -36.997  50.592 0.0000000000
56304  6.197  -36.204  51.200 0.0000000000
58320  7.014  -35.076  51.066 0.0000000000
57301  6.953  -35.138  50.576 0.0000000000
57313  7.334  -35.254  50.084 0.0000000000
58340  7.364  -35.119  50.747 0.0000000000
62535  12.988  -30.346  54.892 0.0000000000
61450  13.371  -30.834  54.297 0.0000000000
61461  13.705  -31.223  53.614 0.0000000000
42874  4.438  -48.346  60.154 0.0000000000
42886  4.378  -47.808  60.007 0.0000000000
42875  4.526  -47.658  60.435 0.0000000000
46166  5.570  -45.255  60.928 0.0000000000
47284  5.603  -44.279  60.846 0.0000000000
47283  6.185  -43.976  60.917 0.0000000000
47300  7.543  -44.182  60.643 0.0000000000
49485  7.541  -42.473  60.181 0.0000000000
50425  7.221  -41.520  60.499 0.0000000000
51404  7.407  -40.706  60.908 0.0000000000
152886  16.177  -43.723  59.747 0.0000000000
46192  15.910  -44.047  59.326 0.0000000000
45150  13.774  -45.015  59.912 0.0000000000
45149  14.451  -44.685  60.073 0.0000000000
46150  13.937  -44.856  62.246 0.0000000000
133644  14.721  -45.799  63.324 0.0000000000
154634  13.197  -45.269  61.394 0.0000000000
42884  11.003  -46.882  60.407 0.0000000000
42883  11.788  -46.468  60.510 0.0000000000
146823  11.370  -46.541  59.987 0.0000000000
44002  11.539  -46.313  59.299 0.0000000000
42902  10.281  -47.128  58.864 0.0000000000
41828  9.120  -48.075  57.787 0.0000000000
40722  7.540  -49.475  58.920 0.0000000000
39680  7.085  -50.187  58.352 0.0000000000
38672  6.862  -50.968  57.705 0.0000000000
42838  8.640  -47.154  62.501 0.0000000000
152491  8.227  -48.859  61.213 0.0000000000
41757  7.570  -48.342  62.023 0.0000000000
40684  6.277  -48.845  61.567 0.0000000000
40693  7.059  -49.437  61.027 0.0000000000
39656  6.589  -49.819  60.353 0.0000000000
39667  6.126  -50.269  59.996 0.0000000000
38634  5.680  -50.578  59.648 0.0000000000
39668  5.481  -50.253  60.106 0.0000000000
41773  4.638  -48.527  60.593 0.0000000000
152586  4.605  -49.105  60.274 0.0000000000
41800  4.549  -48.841  60.254 0.0000000000
144326  5.366  -38.734  58.179 0.0000000000
151518  5.485  -38.221  57.947 0.0000000000
56229  6.104  -36.613  57.805 0.0000000000
141515  5.959  -36.760  56.960 0.0000000000
137926  6.349  -35.879  57.145 0.0000000000
59265  6.317  -33.307  60.229 0.0000000000
58197  6.372  -33.943  58.789 0.0000000000
142565  6.405  -33.881  58.089 0.0000000000
147743  6.455  -34.958  57.364 0.0000000000
58218  6.452  -34.551  56.878 0.0000000000
58230  6.531  -34.698  56.236 0.0000000000
59311  6.485  -34.128  56.816 0.0000000000
60355  6.749  -32.617  57.462 0.0000000000
59298  6.553  -33.289  57.238 0.0000000000
59297  6.909  -33.228  56.499 0.0000000000
51420  14.306  -41.049  58.509 0.0000000000
51421  13.836  -41.000  57.868 0.0000000000
131857  14.482  -40.537  57.643 0.0000000000
49479  21.693  -40.646  59.401 0.0000000000
49494  20.867  -41.369  58.483 0.0000000000
48396  20.170  -41.595  58.827 0.0000000000
48379  20.122  -41.574  59.658 0.0000000000
53754  22.902  -37.564  63.457 0.0000000000
56157  24.055  -36.424  64.026 0.0000000000
54975  23.659  -37.060  63.835 0.0000000000
53766  23.758  -38.267  63.373 0.0000000000
52502  23.070  -38.850  63.163 0.0000000000
51376  22.729  -39.363  62.176 0.0000000000
52510  22.520  -39.220  62.787 0.0000000000
49452  19.873  -41.283  60.941 0.0000000000
48380  19.473  -42.046  59.900 0.0000000000
48362  19.346  -41.863  60.519 0.0000000000
51381  18.819  -40.196  61.175 0.0000000000
49441  18.119  -41.384  61.287 0.0000000000
50405  18.103  -40.757  61.181 0.0000000000
49442  17.429  -41.447  61.149 0.0000000000
51390  17.843  -40.618  60.903 0.0000000000
137512  18.128  -39.585  59.835 0.0000000000
51409  17.668  -39.944  59.702 0.0000000000
51400  17.467  -40.395  60.165 0.0000000000
51401  16.710  -40.860  59.926 0.0000000000
50421  15.822  -41.563  60.292 0.0000000000
51402  16.071  -41.173  59.839 0.0000000000
51419  15.908  -40.259  58.346 0.0000000000
153695  15.832  -40.688  58.903 0.0000000000
132026  15.143  -40.701  58.548 0.0000000000
50440  14.120  -41.432  59.246 0.0000000000
36475  4.561  -54.352  52.016 0.0000000000
132577  4.773  -53.107  52.497 0.0000000000
39742  4.808  -51.531  53.117 0.0000000000
40820  5.025  -50.717  53.097 0.0000000000
41883  4.528  -49.457  55.404 0.0000000000
44075  4.970  -47.803  55.005 0.0000000000
44089  5.272  -48.064  54.490 0.0000000000
44074  5.378  -47.218  54.578 0.0000000000
45211  5.311  -46.302  54.977 0.0000000000
48458  4.817  -43.879  56.034 0.0000000000
47376  5.051  -44.558  55.632 0.0000000000
148662  4.803  -42.967  56.050 0.0000000000
139327  4.408  -47.162  59.708 0.0000000000
136755  4.384  -46.457  59.416 0.0000000000
47317  4.458  -44.372  59.516 0.0000000000
150105  4.388  -45.279  59.251 0.0000000000
151959  4.404  -44.746  59.242 0.0000000000
141813  4.393  -44.132  58.952 0.0000000000
51395  6.267  -40.690  61.683 0.0000000000
49462  5.380  -41.762  60.963 0.0000000000
50417  5.203  -40.988  61.097 0.0000000000
50435  4.563  -41.129  59.586 0.0000000000
49486  4.497  -42.017  59.722 0.0000000000
48420  4.416  -43.275  58.607 0.0000000000
49499  4.437  -42.327  58.332 0.0000000000
49510  4.429  -42.964  57.793 0.0000000000
135419  4.877  -40.142  58.618 0.0000000000
50446  4.541  -41.436  58.137 0.0000000000
51424  4.746  -40.652  57.991 0.0000000000
144829  5.159  -39.448  58.441 0.0000000000
148963  6.218  -37.624  60.824 0.0000000000
55020  5.844  -37.832  60.168 0.0000000000
56185  6.396  -37.072  61.143 0.0000000000
56192  6.416  -36.369  60.712 0.0000000000
56184  6.547  -36.466  61.535 0.0000000000
56166  7.060  -37.094  63.011 0.0000000000
46222  15.208  -44.630  58.525 0.0000000000
46237  15.761  -44.291  57.994 0.0000000000
46238  15.061  -44.457  57.737 0.0000000000
37565  6.506  -52.783  55.826 0.0000000000
36437  6.608  -53.501  55.243 0.0000000000
36420  5.850  -53.303  56.457 0.0000000000
36419  6.082  -53.100  56.421 0.0000000000
36464  4.403  -54.306  52.507 0.0000000000
40825  6.392  -50.603  51.823 0.0000000000
39760  6.597  -51.350  51.286 0.0000000000
45235  6.946  -47.003  52.772 0.0000000000
43045  6.886  -48.555  52.446 0.0000000000
44131  7.231  -47.742  52.319 0.0000000000
44130  8.537  -47.036  51.305 0.0000000000
43060  8.033  -48.473  51.362 0.0000000000
43059  8.561  -48.565  50.687 0.0000000000
41956  8.037  -50.036  50.654 0.0000000000
43067  9.045  -48.285  49.870 0.0000000000
46313  9.319  -45.964  49.907 0.0000000000
45279  9.150  -46.646  48.534 0.0000000000
45295  8.521  -46.675  47.753 0.0000000000
150334  8.755  -46.169  47.939 0.0000000000
52604  5.423  -39.635  55.757 0.0000000000
51444  5.496  -40.093  55.142 0.0000000000
52621  5.972  -39.275  53.758 0.0000000000
50503  6.263  -40.734  53.559 0.0000000000
50502  6.690  -41.238  53.143 0.0000000000
49573  7.432  -42.673  53.047 0.0000000000
50501  7.107  -41.738  52.932 0.0000000000
132028  6.310  -38.228  52.865 0.0000000000
151686  6.552  -38.714  52.692 0.0000000000
50513  7.965  -40.891  51.704 0.0000000000
51478  7.126  -40.309  52.040 0.0000000000
49587  8.195  -42.080  51.938 0.0000000000
48580  9.130  -43.861  50.787 0.0000000000
49605  8.951  -42.554  50.837 0.0000000000
49636  8.746  -43.064  47.999 0.0000000000
149041  9.284  -43.318  48.828 0.0000000000
142258  7.494  -44.194  47.274 0.0000000000
47485  7.078  -44.775  47.070 0.0000000000
148787  7.154  -41.684  46.917 0.0000000000
139376  6.682  -40.902  46.311 0.0000000000
55156  6.941  -37.530  48.709 0.0000000000
53996  7.485  -38.512  48.287 0.0000000000
53978  7.163  -38.049  47.773 0.0000000000
54017  6.574  -38.724  46.359 0.0000000000
52761  6.438  -39.418  45.951 0.0000000000
52775  6.537  -39.501  45.425 0.0000000000
65848  7.571  -26.761  60.825 0.0000000000
64753  7.286  -28.257  60.933 0.0000000000
63584  6.639  -28.809  61.503 0.0000000000
63596  7.255  -29.386  60.946 0.0000000000
62467  7.954  -29.900  60.491 0.0000000000
145776  9.155  -31.248  59.389 0.0000000000
144030  8.469  -31.590  58.982 0.0000000000
149062  8.156  -32.409  56.994 0.0000000000
60353  8.852  -32.257  57.451 0.0000000000
63640  11.326  -29.717  57.288 0.0000000000
63641  10.746  -29.122  57.731 0.0000000000
63628  10.957  -29.904  58.108 0.0000000000
63629  10.447  -29.244  58.553 0.0000000000
60379  10.574  -32.890  55.608 0.0000000000
146605  10.264  -32.665  56.381 0.0000000000
59307  9.610  -32.947  55.757 0.0000000000
59340  9.107  -33.945  54.625 0.0000000000
59351  8.380  -34.313  53.973 0.0000000000
59350  9.408  -34.314  53.826 0.0000000000
58279  10.095  -34.960  52.359 0.0000000000
58280  9.082  -35.130  52.432 0.0000000000
140782  9.430  -35.278  51.830 0.0000000000
58318  8.301  -35.323  50.897 0.0000000000
58317  9.180  -35.375  51.123 0.0000000000
59359  11.590  -33.862  52.617 0.0000000000
47297  10.067  -43.622  60.355 0.0000000000
140025  10.114  -43.358  59.672 0.0000000000
49507  10.867  -41.908  58.087 0.0000000000
49470  13.511  -42.559  61.155 0.0000000000
49457  12.641  -42.925  61.521 0.0000000000
48366  11.819  -43.455  61.828 0.0000000000
48355  11.234  -43.778  62.090 0.0000000000
47260  10.609  -44.709  62.543 0.0000000000
131967  6.141  -45.978  46.424 0.0000000000
47487  6.449  -45.031  46.465 0.0000000000
40769  4.418  -50.517  56.884 0.0000000000
141805  4.476  -49.289  58.019 0.0000000000
142380  4.435  -48.044  58.531 0.0000000000
153007  4.645  -50.903  59.007 0.0000000000
38650  4.637  -51.419  58.399 0.0000000000
136785  4.517  -51.484  57.971 0.0000000000
145791  4.495  -52.020  57.285 0.0000000000
133890  4.540  -52.372  56.823 0.0000000000
38674  4.461  -51.615  57.374 0.0000000000
47393  5.401  -44.056  55.179 0.0000000000
47392  5.831  -44.046  54.604 0.0000000000
48495  5.560  -43.310  54.996 0.0000000000
49546  5.666  -42.322  54.682 0.0000000000
58255  6.777  -34.536  54.405 0.0000000000
58270  6.467  -35.004  53.853 0.0000000000
58303  6.874  -35.429  52.305 0.0000000000
150250  7.222  -35.183  52.529 0.0000000000
136570  7.490  -35.162  52.365 0.0000000000
58301  7.665  -35.251  51.879 0.0000000000
143412  4.981  -47.132  61.158 0.0000000000
43983  4.986  -46.744  61.035 0.0000000000
46165  5.803  -45.596  61.176 0.0000000000
47262  6.278  -44.764  61.089 0.0000000000
49484  8.368  -42.651  59.503 0.0000000000
136122  8.346  -41.412  59.410 0.0000000000
51412  8.326  -40.628  59.763 0.0000000000
52562  8.803  -40.076  59.222 0.0000000000
46159  15.839  -43.887  61.167 0.0000000000
147296  15.468  -43.923  60.445 0.0000000000
129202  15.276  -44.090  61.580 0.0000000000
45143  14.419  -44.487  61.448 0.0000000000
137287  11.937  -46.212  61.637 0.0000000000
43970  12.003  -46.462  61.188 0.0000000000
42859  11.434  -46.894  61.038 0.0000000000
42895  10.150  -47.306  59.613 0.0000000000
40709  8.050  -48.805  59.413 0.0000000000
40710  7.677  -49.292  59.407 0.0000000000
43949  7.957  -46.963  62.117 0.0000000000
41745  7.627  -47.675  62.118 0.0000000000
42840  7.348  -47.125  61.743 0.0000000000
41759  6.272  -48.059  61.754 0.0000000000
40685  5.724  -48.700  61.396 0.0000000000
40695  5.033  -49.462  60.491 0.0000000000
141059  5.179  -47.777  61.318 0.0000000000
42863  4.797  -47.773  61.011 0.0000000000
55033  5.886  -37.303  59.299 0.0000000000
55045  5.851  -37.224  58.412 0.0000000000
142057  6.242  -36.356  59.468 0.0000000000
57196  6.390  -35.592  59.597 0.0000000000
57203  6.409  -35.569  58.856 0.0000000000
140129  6.070  -31.760  61.181 0.0000000000
131834  6.297  -32.603  59.972 0.0000000000
142084  6.194  -32.164  60.569 0.0000000000
60338  6.387  -32.732  59.208 0.0000000000
59299  6.459  -33.638  57.540 0.0000000000
134227  6.423  -32.823  58.615 0.0000000000
60337  6.517  -32.447  58.356 0.0000000000
50420  22.011  -40.132  60.093 0.0000000000
54985  22.173  -37.801  63.185 0.0000000000
150086  19.504  -40.655  61.515 0.0000000000
52513  19.157  -39.689  61.052 0.0000000000
52522  19.504  -39.266  60.961 0.0000000000
51418  16.485  -40.357  58.917 0.0000000000
40813  4.770  -50.916  53.559 0.0000000000
44050  4.577  -47.798  56.123 0.0000000000
42952  4.693  -48.594  55.137 0.0000000000
44063  4.777  -47.166  55.646 0.0000000000
45201  4.940  -46.281  55.496 0.0000000000
48459  4.619  -43.662  56.617 0.0000000000
46182  4.652  -45.487  60.162 0.0000000000
45152  4.428  -45.864  59.721 0.0000000000
47302  4.657  -44.687  60.078 0.0000000000
48386  4.629  -43.748  60.051 0.0000000000
51384  5.788  -40.233  61.994 0.0000000000
51396  5.214  -40.136  61.171 0.0000000000
51414  4.720  -40.334  59.439 0.0000000000
45180  13.694  -44.975  57.849 0.0000000000
46239  14.311  -44.654  57.391 0.0000000000
38686  6.726  -51.860  56.758 0.0000000000
145667  6.670  -52.134  56.289 0.0000000000
138116  6.276  -53.079  55.961 0.0000000000
35288  5.449  -53.778  56.237 0.0000000000
37574  4.207  -53.533  55.267 0.0000000000
36446  3.899  -54.111  54.862 0.0000000000
136193  4.188  -54.698  53.109 0.0000000000
129045  4.277  -53.895  53.200 0.0000000000
40826  5.815  -50.796  52.310 0.0000000000
41950  6.825  -49.769  51.828 0.0000000000
150737  7.514  -45.223  52.919 0.0000000000
148107  7.801  -46.854  52.222 0.0000000000
44162  9.040  -47.021  50.376 0.0000000000
45242  9.009  -46.470  50.657 0.0000000000
53890  5.542  -38.277  55.457 0.0000000000
52603  5.590  -39.282  54.903 0.0000000000
51467  6.324  -39.710  53.275 0.0000000000
52679  6.729  -38.525  51.431 0.0000000000
52659  6.811  -39.106  51.907 0.0000000000
51489  7.605  -39.961  51.250 0.0000000000
50541  9.209  -42.032  49.790 0.0000000000
50556  9.021  -41.502  48.685 0.0000000000
128546  8.601  -42.081  47.838 0.0000000000
49653  7.924  -42.697  47.418 0.0000000000
138099  7.770  -41.788  47.278 0.0000000000
50573  7.442  -40.935  47.143 0.0000000000
51531  7.076  -40.106  46.944 0.0000000000
56342  6.904  -36.963  47.893 0.0000000000
55172  7.033  -37.423  47.803 0.0000000000
56361  7.118  -37.281  47.255 0.0000000000
55196  7.137  -37.574  46.798 0.0000000000
55219  6.824  -38.099  46.242 0.0000000000
65847  7.580  -26.933  60.280 0.0000000000
62466  8.840  -29.745  60.230 0.0000000000
64752  8.991  -28.994  60.077 0.0000000000
61396  9.993  -30.905  59.108 0.0000000000
62523  11.823  -30.314  56.752 0.0000000000
61434  11.813  -31.181  56.853 0.0000000000
60351  11.234  -31.594  57.344 0.0000000000
147042  11.432  -31.900  56.719 0.0000000000
59339  10.154  -33.746  54.360 0.0000000000
59349  10.431  -34.003  53.591 0.0000000000
59360  10.736  -34.215  52.847 0.0000000000
46163  7.212  -45.679  61.305 0.0000000000
140665  6.492  -45.576  61.296 0.0000000000
47299  8.444  -44.194  60.544 0.0000000000
48383  8.141  -43.693  60.241 0.0000000000
47315  9.578  -43.531  59.761 0.0000000000
48400  8.669  -43.357  59.666 0.0000000000
49444  14.670  -42.453  61.256 0.0000000000
148916  14.536  -43.337  62.154 0.0000000000
48352  14.157  -42.924  62.121 0.0000000000
47241  13.936  -44.021  62.407 0.0000000000
47226  13.154  -44.244  62.551 0.0000000000
48353  13.310  -43.194  62.689 0.0000000000
47227  12.419  -44.187  62.625 0.0000000000
45115  12.177  -45.229  62.363 0.0000000000
43958  11.720  -45.947  62.217 0.0000000000
42847  10.739  -47.153  61.587 0.0000000000
42848  9.990  -47.384  62.019 0.0000000000
41755  9.374  -47.848  61.867 0.0000000000
42836  9.859  -47.027  62.523 0.0000000000
43947  9.181  -46.760  62.658 0.0000000000
45120  8.867  -46.327  62.433 0.0000000000
47245  10.271  -44.929  62.591 0.0000000000
46153  9.761  -45.410  62.477 0.0000000000
45127  8.527  -46.221  62.065 0.0000000000
46155  7.955  -45.977  61.543 0.0000000000
59257  6.454  -33.840  62.237 0.0000000000
59247  6.204  -32.811  62.043 0.0000000000
60300  6.009  -31.893  61.895 0.0000000000
61361  6.031  -31.043  63.424 0.0000000000
61371  5.800  -31.326  62.679 0.0000000000
61378  5.798  -31.271  61.745 0.0000000000
62456  5.812  -30.845  61.573 0.0000000000
62455  5.962  -30.384  61.524 0.0000000000
39727  4.438  -51.498  54.955 0.0000000000
41867  4.466  -49.843  56.890 0.0000000000
41866  4.469  -49.276  56.375 0.0000000000
150834  4.508  -47.631  56.769 0.0000000000
46252  4.577  -45.800  57.205 0.0000000000
50415  6.515  -41.174  61.094 0.0000000000
51394  6.819  -40.591  61.606 0.0000000000
51383  6.462  -40.243  62.178 0.0000000000
52516  6.698  -39.686  62.454 0.0000000000
53790  6.329  -39.047  62.469 0.0000000000
142928  6.688  -38.450  62.614 0.0000000000
37539  5.886  -51.875  57.984 0.0000000000
132967  6.241  -52.171  57.362 0.0000000000
36400  5.677  -52.496  57.444 0.0000000000
37530  4.749  -51.998  58.029 0.0000000000
35283  5.135  -53.681  56.456 0.0000000000
35290  4.578  -54.239  55.729 0.0000000000
37566  4.409  -53.375  55.703 0.0000000000
154109  5.896  -47.557  53.686 0.0000000000
44087  6.307  -47.177  53.420 0.0000000000
45218  6.760  -46.319  53.296 0.0000000000
46290  7.067  -45.644  53.262 0.0000000000
137609  6.350  -44.570  54.086 0.0000000000
47426  7.909  -44.523  52.726 0.0000000000
48537  7.790  -43.606  52.988 0.0000000000
56257  5.869  -35.845  55.038 0.0000000000
142489  5.597  -37.481  54.003 0.0000000000
55103  5.927  -37.030  53.318 0.0000000000
55112  6.151  -37.466  52.777 0.0000000000
56286  6.151  -36.762  52.715 0.0000000000
129502  6.387  -37.866  52.302 0.0000000000
53928  6.533  -37.838  51.589 0.0000000000
53943  6.855  -38.299  50.662 0.0000000000
53958  7.313  -38.319  49.585 0.0000000000
52715  7.802  -38.825  49.067 0.0000000000
53959  6.765  -37.835  49.669 0.0000000000
53960  6.475  -37.342  49.631 0.0000000000
56314  6.400  -36.740  49.518 0.0000000000
57302  6.561  -35.388  50.882 0.0000000000
148550  6.591  -36.179  49.409 0.0000000000
57328  6.959  -36.087  48.832 0.0000000000
57327  7.330  -35.686  49.143 0.0000000000
57326  7.806  -35.459  49.425 0.0000000000
61451  12.893  -31.327  54.960 0.0000000000
60401  12.689  -32.512  53.652 0.0000000000
60412  13.607  -32.412  52.516 0.0000000000
44235  7.267  -47.313  47.119 0.0000000000
41814  4.479  -49.189  59.415 0.0000000000
141339  4.475  -48.712  59.117 0.0000000000
140170  4.437  -48.552  59.738 0.0000000000
45146  4.655  -46.295  60.312 0.0000000000
43984  4.719  -46.935  60.632 0.0000000000
47285  5.083  -44.968  60.552 0.0000000000
46180  6.634  -45.124  61.217 0.0000000000
47282  6.516  -44.358  60.967 0.0000000000
135312  7.263  -43.245  60.473 0.0000000000
48384  6.623  -42.921  60.697 0.0000000000
153319  6.478  -43.575  60.811 0.0000000000
49460  6.485  -42.011  60.712 0.0000000000
147216  16.994  -43.359  59.086 0.0000000000
46220  16.832  -43.360  58.695 0.0000000000
144669  16.449  -43.793  59.016 0.0000000000
143134  15.817  -44.360  58.699 0.0000000000
46210  15.239  -44.782  59.094 0.0000000000
46193  15.209  -44.454  59.767 0.0000000000
45156  14.554  -44.848  59.450 0.0000000000
45166  14.621  -44.902  58.943 0.0000000000
45167  13.814  -44.964  58.678 0.0000000000
144860  12.275  -45.620  58.751 0.0000000000
46149  15.298  -45.558  63.042 0.0000000000
131840  14.004  -44.650  61.803 0.0000000000
43980  13.384  -45.232  60.967 0.0000000000
43981  12.792  -45.809  61.014 0.0000000000
133740  12.489  -46.034  60.660 0.0000000000
43992  12.423  -45.891  60.207 0.0000000000
44001  12.286  -45.757  59.485 0.0000000000
151406  11.888  -45.921  59.011 0.0000000000
44015  11.554  -46.128  58.448 0.0000000000
42903  9.706  -47.537  58.298 0.0000000000
132304  6.597  -51.414  57.617 0.0000000000
41770  8.704  -48.400  61.375 0.0000000000
40691  8.282  -48.890  60.693 0.0000000000
40702  7.801  -49.288  60.075 0.0000000000
40682  7.450  -48.997  61.589 0.0000000000
39666  7.262  -49.623  60.229 0.0000000000
39665  7.326  -49.686  59.487 0.0000000000
39673  6.892  -50.231  59.003 0.0000000000
38646  6.450  -50.855  58.675 0.0000000000
38647  5.875  -50.963  59.094 0.0000000000
38648  5.372  -50.867  59.263 0.0000000000
39659  4.962  -50.039  60.193 0.0000000000
131604  4.623  -50.155  59.884 0.0000000000
39675  4.715  -50.663  59.360 0.0000000000
39682  4.434  -50.288  59.374 0.0000000000
40711  4.354  -49.809  59.525 0.0000000000
52575  5.206  -39.730  57.085 0.0000000000
51439  5.217  -40.157  56.515 0.0000000000
53879  5.401  -39.041  56.812 0.0000000000
53891  5.458  -38.950  56.024 0.0000000000
133531  5.682  -37.571  57.676 0.0000000000
53878  5.522  -38.284  56.328 0.0000000000
135304  5.905  -36.832  56.213 0.0000000000
141113  5.909  -36.346  55.574 0.0000000000
58184  6.372  -34.107  60.557 0.0000000000
140473  6.473  -34.781  59.140 0.0000000000
57247  6.268  -35.432  55.687 0.0000000000
58242  6.523  -34.816  55.454 0.0000000000
59310  6.585  -33.738  56.679 0.0000000000
58241  6.768  -34.442  55.233 0.0000000000
59327  7.397  -33.672  55.509 0.0000000000
128169  12.943  -41.948  58.939 0.0000000000
50442  12.576  -41.712  58.181 0.0000000000
147431  13.753  -40.770  57.143 0.0000000000
47327  18.170  -42.590  58.393 0.0000000000
53752  24.920  -37.231  64.015 0.0000000000
50409  22.470  -39.782  60.789 0.0000000000
50410  21.627  -40.210  60.879 0.0000000000
50401  21.442  -39.935  61.741 0.0000000000
49468  20.721  -41.166  60.232 0.0000000000
48398  18.876  -42.467  59.482 0.0000000000
47313  18.160  -42.656  59.100 0.0000000000
145238  17.478  -42.989  59.369 0.0000000000
49454  18.418  -41.839  61.183 0.0000000000
48349  17.670  -42.177  61.246 0.0000000000
47257  17.233  -42.886  61.142 0.0000000000
135666  16.753  -42.660  61.312 0.0000000000
144663  16.710  -42.083  61.300 0.0000000000
49443  15.714  -42.249  61.073 0.0000000000
53818  19.634  -38.964  60.506 0.0000000000
53819  19.252  -39.299  60.498 0.0000000000
52531  18.679  -39.429  60.069 0.0000000000
52524  18.098  -40.134  60.567 0.0000000000
51391  17.255  -40.926  60.609 0.0000000000
154467  16.732  -41.446  60.693 0.0000000000
50407  15.861  -42.015  60.839 0.0000000000
50413  15.489  -41.845  60.586 0.0000000000
130156  14.977  -41.851  60.552 0.0000000000
50422  14.565  -41.817  60.323 0.0000000000
146865  16.174  -40.826  59.353 0.0000000000
50431  14.656  -41.469  59.711 0.0000000000
130887  14.080  -41.775  59.967 0.0000000000
50423  13.477  -42.142  60.270 0.0000000000
50432  13.533  -41.815  59.458 0.0000000000
39750  5.110  -52.014  52.501 0.0000000000
40819  5.360  -50.948  52.633 0.0000000000
41928  5.699  -48.910  53.586 0.0000000000
39726  4.593  -50.858  54.283 0.0000000000
143829  4.698  -49.181  54.702 0.0000000000
41929  5.030  -49.343  54.086 0.0000000000
42991  5.310  -48.602  54.156 0.0000000000
45210  5.750  -46.334  54.429 0.0000000000
46273  5.188  -45.486  55.315 0.0000000000
142570  5.447  -44.757  55.005 0.0000000000
150718  4.852  -41.601  56.394 0.0000000000
151527  4.358  -45.831  59.202 0.0000000000
45169  4.412  -46.257  58.626 0.0000000000
46240  4.501  -45.613  57.920 0.0000000000
49474  4.507  -42.908  59.826 0.0000000000
50426  4.735  -41.469  60.452 0.0000000000
153663  4.492  -43.515  57.323 0.0000000000
143962  4.711  -41.772  56.817 0.0000000000
51432  4.973  -40.450  57.238 0.0000000000
53836  5.589  -38.143  59.457 0.0000000000
55000  6.548  -37.806  62.289 0.0000000000
132553  6.754  -37.303  62.517 0.0000000000
56176  6.760  -36.585  62.420 0.0000000000
58177  6.695  -34.854  62.464 0.0000000000
50443  11.661  -41.824  58.067 0.0000000000
46236  16.386  -43.979  57.952 0.0000000000
46248  15.761  -44.143  57.141 0.0000000000
139006  15.430  -44.110  56.294 0.0000000000
46250  14.128  -44.424  56.617 0.0000000000
37549  6.292  -52.424  56.981 0.0000000000
36430  6.319  -53.644  55.547 0.0000000000
39761  5.861  -51.924  51.593 0.0000000000
133522  7.080  -49.086  52.108 0.0000000000
41949  7.488  -49.141  51.660 0.0000000000
41957  7.502  -49.741  51.380 0.0000000000
40838  8.322  -50.735  49.781 0.0000000000
44197  9.262  -47.337  49.444 0.0000000000
45296  7.605  -46.655  47.307 0.0000000000
50477  5.399  -40.973  55.285 0.0000000000
50476  5.588  -41.336  54.674 0.0000000000
50491  6.004  -41.537  54.094 0.0000000000
134900  5.854  -40.825  54.151 0.0000000000
49574  6.764  -42.382  53.428 0.0000000000
49588  8.071  -42.937  52.572 0.0000000000
133317  6.369  -38.906  53.153 0.0000000000
52658  6.868  -39.633  51.883 0.0000000000
51479  6.758  -40.114  52.350 0.0000000000
50515  6.908  -40.798  52.657 0.0000000000
48560  8.335  -43.897  52.366 0.0000000000
136219  8.843  -44.240  51.501 0.0000000000
138999  9.368  -44.640  50.302 0.0000000000
139615  9.396  -45.333  49.365 0.0000000000
49622  9.340  -42.980  49.737 0.0000000000
47460  9.372  -44.631  48.870 0.0000000000
136237  9.045  -45.210  48.241 0.0000000000
46339  8.451  -45.549  47.711 0.0000000000
46340  7.449  -45.415  47.242 0.0000000000
139318  7.085  -46.001  47.098 0.0000000000
46341  6.743  -45.377  46.925 0.0000000000
47486  6.691  -44.739  46.719 0.0000000000
48624  6.822  -43.814  46.662 0.0000000000
52731  7.241  -39.293  47.483 0.0000000000
52745  6.760  -39.396  46.949 0.0000000000
54016  6.742  -38.723  46.947 0.0000000000
51543  6.778  -40.166  46.517 0.0000000000
51544  6.534  -40.246  46.085 0.0000000000
64744  6.125  -28.459  62.686 0.0000000000
63577  5.787  -29.304  62.450 0.0000000000
63585  6.062  -29.565  61.815 0.0000000000
150067  6.444  -30.727  60.756 0.0000000000
61398  6.918  -31.173  59.725 0.0000000000
61413  7.228  -31.472  58.906 0.0000000000
61397  8.227  -31.080  59.724 0.0000000000
154677  7.706  -31.787  58.338 0.0000000000
60354  7.645  -32.125  57.562 0.0000000000
59309  7.631  -33.017  56.105 0.0000000000
59326  8.034  -33.335  55.538 0.0000000000
62502  10.429  -30.088  58.848 0.0000000000
61411  10.309  -31.461  58.357 0.0000000000
60352  10.506  -31.912  57.665 0.0000000000
132421  9.820  -32.456  57.152 0.0000000000
59308  8.629  -32.859  55.991 0.0000000000
59341  8.054  -33.898  54.857 0.0000000000
58267  7.884  -34.613  53.271 0.0000000000
58281  8.130  -35.132  52.344 0.0000000000
58300  8.038  -35.290  51.345 0.0000000000
150101  7.795  -35.227  50.869 0.0000000000
58338  8.308  -35.352  50.532 0.0000000000
58356  8.471  -35.488  49.664 0.0000000000
58337  9.652  -35.453  50.412 0.0000000000
131419  8.156  -35.636  48.638 0.0000000000
37541  4.982  -52.110  58.071 0.0000000000
38660  6.046  -51.369  58.512 0.0000000000
39658  5.355  -49.839  60.389 0.0000000000
40683  6.896  -48.968  61.678 0.0000000000
40694  6.360  -49.431  60.987 0.0000000000
40703  4.677  -49.571  60.204 0.0000000000
40712  4.344  -49.700  59.289 0.0000000000
41744  8.243  -47.708  62.301 0.0000000000
41746  7.146  -47.576  61.881 0.0000000000
41756  8.610  -48.108  62.142 0.0000000000
41760  5.458  -48.213  61.407 0.0000000000
41771  8.045  -48.614  61.710 0.0000000000
41772  4.934  -48.343  61.038 0.0000000000
41785  9.552  -47.932  61.163 0.0000000000
42835  10.490  -47.031  62.103 0.0000000000
42849  6.698  -47.390  61.668 0.0000000000
42860  10.943  -47.174  61.152 0.0000000000
42861  10.217  -47.502  61.438 0.0000000000
43944  11.139  -46.281  62.515 0.0000000000
43946  9.815  -46.487  62.689 0.0000000000
43948  8.583  -46.746  62.430 0.0000000000
43959  11.169  -46.676  61.973 0.0000000000
43960  7.500  -46.726  61.657 0.0000000000
43962  5.953  -47.079  61.569 0.0000000000
43969  13.524  -44.826  61.874 0.0000000000
43982  11.959  -46.510  60.942 0.0000000000
43991  13.090  -45.501  60.425 0.0000000000
44246  6.331  -47.540  46.211 0.0000000000
45116  11.280  -45.575  62.710 0.0000000000
45117  10.714  -46.022  62.792 0.0000000000
45118  10.013  -46.132  62.791 0.0000000000
45119  9.561  -46.104  62.699 0.0000000000
45121  8.233  -46.578  62.047 0.0000000000
45125  14.614  -46.018  62.957 0.0000000000
45135  6.891  -46.008  61.317 0.0000000000
45138  5.390  -46.107  61.080 0.0000000000
45142  15.157  -44.592  61.739 0.0000000000
45145  5.011  -46.271  60.835 0.0000000000
46139  12.702  -44.622  62.376 0.0000000000
46144  9.285  -45.916  62.479 0.0000000000
46148  15.921  -45.311  62.846 0.0000000000
46151  13.137  -44.913  62.032 0.0000000000
46161  9.111  -45.524  62.126 0.0000000000
46177  15.887  -43.677  60.832 0.0000000000
46194  15.060  -44.745  59.475 0.0000000000
47228  11.557  -44.891  62.658 0.0000000000
47229  10.980  -44.858  62.839 0.0000000000
47239  15.709  -44.742  62.636 0.0000000000
47240  15.827  -44.923  63.099 0.0000000000
47242  12.088  -44.091  62.501 0.0000000000
47244  10.651  -44.963  62.728 0.0000000000
47258  16.343  -43.186  61.204 0.0000000000
47277  16.591  -43.321  60.886 0.0000000000
47295  18.216  -42.791  59.746 0.0000000000
47312  18.905  -42.431  58.727 0.0000000000
47329  4.387  -44.731  58.769 0.0000000000
48336  13.071  -43.733  62.820 0.0000000000
48339  14.741  -44.207  62.310 0.0000000000
48340  14.039  -43.241  62.593 0.0000000000
48342  12.836  -43.629  62.649 0.0000000000
48611  9.083  -43.893  48.309 0.0000000000
49438  20.378  -40.736  61.338 0.0000000000
49440  18.958  -41.181  61.453 0.0000000000
49445  13.917  -42.834  61.844 0.0000000000
49447  13.362  -42.962  62.129 0.0000000000
49467  21.356  -40.720  60.166 0.0000000000
49469  20.016  -41.472  60.347 0.0000000000
49495  12.012  -42.015  58.950 0.0000000000
49560  6.203  -42.330  53.982 0.0000000000
50406  17.380  -41.139  60.934 0.0000000000
50414  13.945  -42.310  60.931 0.0000000000
51372  23.155  -39.104  62.688 0.0000000000
51377  21.980  -39.562  62.257 0.0000000000
51380  19.428  -39.861  61.442 0.0000000000
51441  5.308  -40.571  55.898 0.0000000000
51453  5.958  -40.083  53.944 0.0000000000
51488  8.482  -40.443  50.726 0.0000000000
51529  8.332  -39.967  48.187 0.0000000000
52497  24.439  -37.773  63.581 0.0000000000
52523  18.890  -39.651  60.664 0.0000000000
52544  18.351  -39.354  59.627 0.0000000000
52638  6.748  -39.661  52.298 0.0000000000
52678  6.825  -39.070  51.193 0.0000000000
53751  25.716  -37.219  63.847 0.0000000000
53753  23.808  -37.521  63.726 0.0000000000
53767  22.942  -38.234  63.411 0.0000000000
53768  22.226  -38.253  63.290 0.0000000000
53942  7.181  -38.686  50.529 0.0000000000
54984  23.271  -36.915  63.586 0.0000000000
55132  6.212  -37.042  51.489 0.0000000000
56324  6.753  -36.620  48.682 0.0000000000
56360  7.269  -37.054  47.033 0.0000000000
58283  7.275  -34.906  52.995 0.0000000000
58302  7.250  -35.235  51.774 0.0000000000
60364  10.775  -32.276  56.971 0.0000000000
61412  9.446  -31.587  58.710 0.0000000000
61425  10.965  -31.329  57.958 0.0000000000
62443  5.608  -30.711  62.317 0.0000000000
62484  8.463  -30.405  60.178 0.0000000000
62530  12.593  -30.598  55.507 0.0000000000
63597  6.482  -30.118  61.228 0.0000000000
129332  5.693  -39.005  54.230 0.0000000000
131244  9.095  -46.366  62.601 0.0000000000
133045  15.399  -41.118  59.379 0.0000000000
133220  9.589  -29.012  59.587 0.0000000000
134620  4.733  -47.425  60.846 0.0000000000
134640  9.897  -44.582  61.960 0.0000000000
135709  14.273  -45.393  62.509 0.0000000000
136518  10.557  -45.442  62.852 0.0000000000
136774  9.489  -46.043  62.688 0.0000000000
137759  16.488  -43.885  57.135 0.0000000000
138135  9.172  -43.325  50.583 0.0000000000
139476  16.032  -44.186  58.978 0.0000000000
139673  15.500  -44.737  62.244 0.0000000000
139846  6.565  -40.118  45.156 0.0000000000
140532  6.414  -34.212  57.474 0.0000000000
141422  5.650  -49.328  60.892 0.0000000000
145158  6.201  -35.290  54.325 0.0000000000
147434  12.690  -45.596  61.475 0.0000000000
149057  7.692  -47.260  62.034 0.0000000000
149283  7.715  -35.751  48.577 0.0000000000
149581  8.095  -32.646  56.487 0.0000000000
149641  16.182  -44.093  57.585 0.0000000000
149686  18.647  -39.615  60.350 0.0000000000
150021  22.673  -37.353  63.260 0.0000000000
150327  12.896  -45.730  60.687 0.0000000000
151736  3.935  -53.843  54.517 0.0000000000
152138  4.244  -49.945  58.905 0.0000000000
152551  11.195  -43.777  61.818 0.0000000000
152692  5.190  -48.874  60.996 0.0000000000
153278  12.766  -43.551  62.546 0.0000000000
153426  11.391  -33.043  54.385 0.0000000000
153454  21.531  -40.071  61.373 0.0000000000
153479  8.094  -48.193  62.141 0.0000000000
154142  8.466  -45.053  47.719 0.0000000000
154583  14.460  -42.136  60.734 0.0000000000
155003  6.508  -45.135  53.885 0.0000000000
