#!ascii label  , from subject sub001 vox2ras=TkReg
1222
139128  35.376  -40.050  40.943 0.0000000000
75837  48.909  -17.400  28.775 0.0000000000
67153  40.114  -26.616  33.671 0.0000000000
43064  14.583  -48.473  48.797 0.0000000000
59405  31.182  -33.384  48.128 0.0000000000
72886  39.197  -20.616  35.293 0.0000000000
49666  22.886  -42.267  45.748 0.0000000000
44190  19.425  -48.102  48.943 0.0000000000
52757  27.285  -39.270  45.510 0.0000000000
75832  53.138  -17.555  28.721 0.0000000000
139777  36.970  -36.048  40.486 0.0000000000
59513  38.686  -33.144  39.920 0.0000000000
52806  40.860  -39.073  41.759 0.0000000000
154090  50.793  -12.820  27.393 0.0000000000
79837  54.118  -13.710  24.897 0.0000000000
76708  45.322  -15.552  31.361 0.0000000000
71968  47.525  -21.583  30.990 0.0000000000
72938  42.704  -20.185  31.641 0.0000000000
69149  43.642  -24.606  33.536 0.0000000000
134432  33.866  -41.563  46.034 0.0000000000
37602  13.493  -53.850  51.290 0.0000000000
140672  9.263  -55.445  51.227 0.0000000000
34170  6.469  -55.489  54.132 0.0000000000
56392  32.209  -36.468  43.353 0.0000000000
55168  30.405  -36.769  47.181 0.0000000000
63915  36.424  -29.853  36.505 0.0000000000
61647  42.703  -31.382  38.223 0.0000000000
82840  57.100  -10.146  23.934 0.0000000000
75834  51.238  -17.347  28.416 0.0000000000
73876  50.439  -19.982  30.135 0.0000000000
142131  36.474  -38.071  40.154 0.0000000000
54121  38.537  -37.789  39.782 0.0000000000
52809  38.287  -39.642  41.185 0.0000000000
78755  47.435  -14.770  29.881 0.0000000000
79806  50.282  -12.709  29.758 0.0000000000
77705  49.138  -15.085  28.035 0.0000000000
77736  51.715  -15.223  26.866 0.0000000000
29534  6.832  -61.150  53.786 0.0000000000
75786  43.367  -17.088  31.440 0.0000000000
75766  42.408  -17.368  33.612 0.0000000000
70074  39.058  -23.595  33.915 0.0000000000
134468  41.114  -23.172  33.027 0.0000000000
139168  41.552  -26.018  33.535 0.0000000000
65119  42.996  -28.524  35.272 0.0000000000
44217  16.787  -47.353  48.536 0.0000000000
134724  18.229  -49.278  51.023 0.0000000000
41953  16.120  -50.374  49.668 0.0000000000
39745  15.250  -52.438  52.142 0.0000000000
39766  13.958  -50.995  49.487 0.0000000000
38751  10.014  -52.333  50.896 0.0000000000
35336  7.422  -55.996  52.665 0.0000000000
57373  32.678  -34.831  45.016 0.0000000000
55235  30.593  -36.491  44.162 0.0000000000
57353  29.762  -34.420  45.988 0.0000000000
48618  25.789  -43.711  47.206 0.0000000000
49648  28.027  -42.143  47.725 0.0000000000
58433  42.321  -34.609  40.725 0.0000000000
60573  40.807  -31.990  39.378 0.0000000000
131730  41.994  -18.354  35.697 0.0000000000
154047  39.321  -21.469  36.935 0.0000000000
68098  38.024  -25.138  35.285 0.0000000000
46334  23.706  -45.208  47.766 0.0000000000
44187  22.044  -47.566  49.559 0.0000000000
46336  21.256  -45.741  47.099 0.0000000000
46321  18.274  -45.234  48.159 0.0000000000
47471  15.995  -44.899  48.609 0.0000000000
58379  27.824  -34.454  46.800 0.0000000000
56335  25.717  -36.755  47.432 0.0000000000
144207  25.259  -40.929  45.028 0.0000000000
59490  36.204  -33.758  41.577 0.0000000000
59516  35.773  -32.469  40.045 0.0000000000
135489  37.545  -35.022  39.526 0.0000000000
56417  40.580  -36.278  39.918 0.0000000000
82838  53.703  -10.597  25.956 0.0000000000
79828  52.213  -13.839  25.932 0.0000000000
145660  53.859  -15.738  26.614 0.0000000000
76716  46.148  -15.843  29.988 0.0000000000
131009  47.938  -19.106  29.377 0.0000000000
74859  45.587  -18.612  29.543 0.0000000000
72958  44.799  -20.274  30.748 0.0000000000
143433  44.761  -22.098  32.852 0.0000000000
72925  40.665  -19.927  32.773 0.0000000000
71001  42.289  -21.981  32.854 0.0000000000
51584  34.159  -40.750  43.115 0.0000000000
50628  37.670  -41.263  43.697 0.0000000000
77666  47.248  -14.627  32.030 0.0000000000
43058  12.179  -48.325  50.267 0.0000000000
39757  11.664  -51.464  49.985 0.0000000000
153059  11.681  -54.715  50.663 0.0000000000
34185  10.788  -57.133  51.874 0.0000000000
31887  8.792  -58.102  52.008 0.0000000000
31876  7.383  -58.570  52.490 0.0000000000
133585  5.836  -58.095  53.957 0.0000000000
151450  4.635  -57.577  54.544 0.0000000000
54082  33.337  -38.400  41.801 0.0000000000
52768  32.070  -39.729  43.641 0.0000000000
52740  31.686  -39.048  46.339 0.0000000000
55186  28.104  -37.207  46.667 0.0000000000
65133  38.163  -28.342  34.604 0.0000000000
144756  37.092  -31.608  37.597 0.0000000000
61729  39.164  -31.057  36.037 0.0000000000
63942  41.174  -29.463  35.284 0.0000000000
51568  40.634  -40.617  44.483 0.0000000000
82874  57.421  -10.891  21.403 0.0000000000
81896  54.723  -11.835  23.805 0.0000000000
79875  56.544  -13.033  22.632 0.0000000000
75836  49.707  -17.018  28.476 0.0000000000
74854  51.025  -18.564  29.336 0.0000000000
75814  49.217  -18.123  29.087 0.0000000000
54111  36.024  -38.929  40.408 0.0000000000
139695  37.245  -39.054  40.313 0.0000000000
51618  36.908  -40.257  41.412 0.0000000000
77707  48.022  -16.023  28.845 0.0000000000
78765  48.517  -14.657  28.685 0.0000000000
137763  49.294  -15.767  28.225 0.0000000000
76749  49.818  -16.251  28.160 0.0000000000
29535  5.809  -61.214  53.845 0.0000000000
75765  43.045  -16.821  33.321 0.0000000000
135521  42.975  -16.932  35.102 0.0000000000
68128  39.687  -25.733  33.624 0.0000000000
135622  40.365  -25.285  33.435 0.0000000000
67152  41.048  -26.740  33.731 0.0000000000
66172  42.817  -27.411  34.427 0.0000000000
66173  41.345  -27.498  34.188 0.0000000000
44218  15.707  -47.356  48.562 0.0000000000
136706  16.687  -48.948  49.017 0.0000000000
137163  15.222  -49.367  48.896 0.0000000000
39764  15.363  -50.917  49.656 0.0000000000
41961  14.363  -49.659  49.017 0.0000000000
59417  31.844  -33.742  46.831 0.0000000000
58392  31.429  -33.954  45.212 0.0000000000
59432  30.408  -33.569  46.066 0.0000000000
47456  24.925  -44.786  48.997 0.0000000000
62706  35.301  -30.725  40.372 0.0000000000
59476  43.486  -33.886  41.405 0.0000000000
70041  38.605  -23.335  36.354 0.0000000000
69109  38.591  -24.141  36.629 0.0000000000
47495  23.125  -44.554  46.456 0.0000000000
46335  22.088  -45.850  47.382 0.0000000000
143839  21.711  -44.322  46.585 0.0000000000
47483  19.319  -44.387  47.685 0.0000000000
47469  18.044  -44.329  48.294 0.0000000000
46322  17.162  -45.704  48.442 0.0000000000
145090  27.319  -34.251  48.697 0.0000000000
51542  24.250  -40.251  46.569 0.0000000000
52744  24.791  -39.660  46.162 0.0000000000
49679  23.631  -42.278  45.406 0.0000000000
48631  24.270  -43.768  45.806 0.0000000000
59502  36.221  -33.724  40.769 0.0000000000
57440  37.273  -35.581  39.623 0.0000000000
54093  39.822  -38.748  40.806 0.0000000000
55297  39.008  -37.226  39.584 0.0000000000
55275  41.029  -37.772  41.048 0.0000000000
55274  41.925  -37.419  41.341 0.0000000000
54080  42.043  -38.565  42.409 0.0000000000
79813  49.997  -12.971  28.057 0.0000000000
80880  51.866  -12.068  25.985 0.0000000000
80881  51.368  -12.671  26.572 0.0000000000
134359  52.693  -16.432  27.506 0.0000000000
77719  53.210  -15.901  26.969 0.0000000000
76761  53.680  -16.544  27.644 0.0000000000
76717  45.381  -16.028  30.523 0.0000000000
75817  45.967  -17.755  29.447 0.0000000000
75796  44.655  -16.945  30.306 0.0000000000
136876  42.941  -18.988  31.153 0.0000000000
74843  43.461  -19.054  30.711 0.0000000000
72937  43.537  -20.337  31.497 0.0000000000
71954  44.952  -20.917  31.973 0.0000000000
71956  43.095  -20.933  32.158 0.0000000000
73818  40.185  -19.263  35.413 0.0000000000
74810  40.589  -18.789  33.854 0.0000000000
72916  39.606  -20.050  33.980 0.0000000000
69151  42.159  -24.260  33.222 0.0000000000
70995  41.698  -22.612  32.890 0.0000000000
70079  42.805  -23.454  33.228 0.0000000000
145203  44.310  -22.871  33.352 0.0000000000
50617  33.702  -41.013  44.336 0.0000000000
50615  35.234  -41.571  44.412 0.0000000000
77668  45.838  -14.942  32.529 0.0000000000
77679  46.670  -14.797  31.584 0.0000000000
77686  46.574  -15.088  30.646 0.0000000000
136181  21.249  -47.882  49.577 0.0000000000
44126  20.044  -48.397  50.602 0.0000000000
38750  14.645  -52.836  51.109 0.0000000000
139869  14.843  -52.881  52.871 0.0000000000
37593  13.898  -53.775  52.116 0.0000000000
36461  12.895  -54.822  52.429 0.0000000000
41947  11.598  -48.857  50.731 0.0000000000
40830  12.131  -50.871  49.748 0.0000000000
151269  10.971  -50.117  50.975 0.0000000000
37604  9.377  -53.637  51.333 0.0000000000
37615  10.655  -53.881  50.492 0.0000000000
35367  10.642  -55.453  50.714 0.0000000000
34197  11.001  -56.071  50.995 0.0000000000
34198  10.536  -56.773  51.231 0.0000000000
33083  9.662  -57.996  52.093 0.0000000000
33100  9.264  -57.492  51.545 0.0000000000
35325  7.057  -55.286  53.562 0.0000000000
33085  7.528  -57.629  52.311 0.0000000000
149484  6.542  -56.990  53.291 0.0000000000
31864  6.515  -58.508  53.182 0.0000000000
33074  6.238  -57.503  53.608 0.0000000000
131286  33.680  -37.292  43.681 0.0000000000
146625  33.649  -37.520  42.674 0.0000000000
55266  32.309  -37.690  42.392 0.0000000000
52797  32.273  -39.196  42.491 0.0000000000
55267  31.768  -37.598  42.671 0.0000000000
55210  30.471  -36.687  45.157 0.0000000000
54032  30.792  -37.818  44.952 0.0000000000
54011  31.372  -38.126  46.886 0.0000000000
142243  27.059  -36.857  46.183 0.0000000000
128560  27.953  -35.518  46.569 0.0000000000
54012  27.977  -38.167  46.451 0.0000000000
51511  28.711  -40.448  47.865 0.0000000000
72969  47.535  -20.388  29.904 0.0000000000
72967  49.079  -20.503  30.011 0.0000000000
144423  48.979  -21.888  31.247 0.0000000000
65107  37.076  -28.458  36.091 0.0000000000
67111  37.553  -26.883  35.436 0.0000000000
63934  37.275  -29.280  35.525 0.0000000000
135633  36.874  -32.779  39.794 0.0000000000
60578  36.043  -31.845  38.766 0.0000000000
60556  38.431  -32.502  39.559 0.0000000000
61625  41.741  -31.947  39.291 0.0000000000
144801  40.120  -31.581  37.807 0.0000000000
145101  40.650  -31.243  36.784 0.0000000000
62781  40.867  -30.707  36.121 0.0000000000
61700  42.223  -30.782  37.013 0.0000000000
129950  42.889  -30.050  36.541 0.0000000000
51570  38.963  -41.043  44.058 0.0000000000
82865  57.248  -10.511  22.221 0.0000000000
79851  53.797  -12.827  24.655 0.0000000000
81888  54.322  -11.436  24.429 0.0000000000
79850  54.600  -13.206  24.291 0.0000000000
79862  56.208  -13.309  23.291 0.0000000000
79860  57.964  -13.828  23.109 0.0000000000
137398  22.947  -41.308  46.806 0.0000000000
49668  21.524  -42.729  46.652 0.0000000000
75833  52.201  -17.435  28.455 0.0000000000
148511  53.561  -18.371  29.874 0.0000000000
74853  51.965  -18.716  29.637 0.0000000000
55288  36.454  -37.474  40.311 0.0000000000
55300  37.139  -36.689  39.637 0.0000000000
54123  37.137  -37.958  39.814 0.0000000000
52824  38.403  -39.063  40.583 0.0000000000
52795  39.711  -39.814  41.982 0.0000000000
79795  49.648  -13.241  30.604 0.0000000000
79808  48.701  -13.847  29.029 0.0000000000
79814  49.421  -13.485  28.442 0.0000000000
79821  49.951  -13.877  27.634 0.0000000000
78785  51.132  -14.603  26.924 0.0000000000
77721  50.565  -15.193  27.325 0.0000000000
76747  51.345  -16.590  27.878 0.0000000000
29533  7.753  -61.122  54.121 0.0000000000
77669  45.083  -15.496  32.985 0.0000000000
76718  44.108  -16.589  31.126 0.0000000000
76698  43.770  -16.391  32.949 0.0000000000
75787  42.716  -17.659  31.833 0.0000000000
73863  41.952  -19.040  31.962 0.0000000000
70989  38.844  -22.031  34.471 0.0000000000
140475  39.352  -21.775  33.774 0.0000000000
70082  39.792  -23.204  33.543 0.0000000000
151522  41.416  -24.640  33.271 0.0000000000
68125  42.753  -24.986  33.463 0.0000000000
67140  43.206  -26.547  34.101 0.0000000000
65127  44.133  -27.903  34.932 0.0000000000
50585  33.429  -41.361  46.717 0.0000000000
44191  18.628  -48.081  48.755 0.0000000000
153281  18.905  -48.934  49.913 0.0000000000
43061  18.035  -48.669  49.041 0.0000000000
41946  17.517  -49.986  51.109 0.0000000000
40822  17.073  -50.566  51.941 0.0000000000
39754  14.804  -52.239  50.285 0.0000000000
38761  13.465  -52.573  50.126 0.0000000000
39739  9.910  -50.752  51.883 0.0000000000
38740  9.222  -52.233  52.489 0.0000000000
36474  8.793  -54.073  51.905 0.0000000000
35349  8.711  -55.884  51.446 0.0000000000
36462  8.222  -54.525  52.498 0.0000000000
141788  7.312  -54.505  53.788 0.0000000000
35314  6.874  -54.803  54.102 0.0000000000
56381  32.762  -35.651  44.188 0.0000000000
56393  31.450  -36.159  43.450 0.0000000000
57401  31.489  -35.418  43.948 0.0000000000
150723  30.374  -35.258  44.987 0.0000000000
56332  29.874  -36.291  46.635 0.0000000000
50604  27.077  -41.788  45.496 0.0000000000
51541  27.757  -40.463  45.922 0.0000000000
49649  27.456  -42.596  47.205 0.0000000000
71951  47.235  -21.711  31.773 0.0000000000
63898  35.936  -29.894  37.283 0.0000000000
59501  40.906  -33.679  40.439 0.0000000000
154051  39.883  -32.885  40.013 0.0000000000
59500  41.614  -33.268  40.582 0.0000000000
60537  42.027  -32.928  40.463 0.0000000000
83843  57.103  -9.902  24.798 0.0000000000
29523  3.996  -59.896  54.260 0.0000000000
73806  41.837  -18.750  36.892 0.0000000000
73808  40.533  -19.411  36.428 0.0000000000
71888  39.340  -20.930  36.409 0.0000000000
70975  38.656  -22.314  35.396 0.0000000000
69142  38.750  -24.378  34.189 0.0000000000
68129  38.732  -25.814  34.013 0.0000000000
140382  23.874  -45.609  49.411 0.0000000000
45240  23.392  -46.408  50.583 0.0000000000
46319  22.883  -46.212  48.688 0.0000000000
45255  21.985  -47.223  48.725 0.0000000000
45272  20.326  -46.909  47.951 0.0000000000
47497  20.420  -44.121  47.141 0.0000000000
143032  19.368  -45.821  47.878 0.0000000000
45274  18.625  -46.699  48.149 0.0000000000
144785  17.536  -47.019  48.384 0.0000000000
45277  15.997  -46.469  48.550 0.0000000000
45278  15.171  -46.760  48.571 0.0000000000
59420  29.464  -33.220  47.437 0.0000000000
59422  28.088  -33.546  47.804 0.0000000000
57357  26.829  -35.664  46.752 0.0000000000
54014  26.385  -38.078  45.801 0.0000000000
55155  25.172  -37.398  47.877 0.0000000000
52743  25.369  -39.092  45.746 0.0000000000
51558  26.384  -40.175  44.864 0.0000000000
48640  25.888  -43.206  45.561 0.0000000000
47478  25.122  -44.278  47.367 0.0000000000
60508  35.833  -32.388  42.327 0.0000000000
141316  35.262  -31.712  40.636 0.0000000000
59503  35.763  -32.888  40.565 0.0000000000
131128  37.126  -33.761  40.104 0.0000000000
58454  38.004  -33.894  39.841 0.0000000000
56426  38.198  -36.543  39.158 0.0000000000
57437  38.611  -35.701  39.007 0.0000000000
58452  39.805  -34.780  39.502 0.0000000000
57419  41.810  -35.549  40.557 0.0000000000
56400  43.111  -36.348  41.675 0.0000000000
81879  53.024  -10.883  26.401 0.0000000000
80887  52.557  -12.062  25.510 0.0000000000
78799  53.551  -14.180  25.378 0.0000000000
134170  51.959  -14.574  26.403 0.0000000000
78784  52.881  -14.599  25.936 0.0000000000
75816  47.421  -17.174  29.170 0.0000000000
75815  48.532  -17.976  29.089 0.0000000000
132769  46.866  -17.908  29.247 0.0000000000
74858  46.381  -18.605  29.394 0.0000000000
143087  46.097  -19.751  29.717 0.0000000000
74842  44.256  -18.033  29.996 0.0000000000
73879  44.700  -19.608  30.211 0.0000000000
130452  45.590  -20.675  30.800 0.0000000000
71953  45.782  -20.947  31.792 0.0000000000
71918  45.939  -21.993  32.983 0.0000000000
74793  42.015  -17.956  34.895 0.0000000000
74809  41.282  -18.408  33.439 0.0000000000
73848  41.351  -19.481  32.398 0.0000000000
71003  40.902  -21.613  32.771 0.0000000000
71939  41.590  -21.306  32.511 0.0000000000
71938  42.404  -21.332  32.444 0.0000000000
154073  43.751  -22.126  32.964 0.0000000000
133389  34.841  -40.889  42.617 0.0000000000
51601  36.524  -40.868  42.199 0.0000000000
50630  35.971  -41.509  43.821 0.0000000000
50599  37.288  -42.030  45.332 0.0000000000
78744  47.468  -14.629  30.890 0.0000000000
77696  47.272  -15.562  29.419 0.0000000000
45257  13.552  -46.650  49.355 0.0000000000
44160  12.539  -46.964  50.743 0.0000000000
43065  13.432  -48.058  49.226 0.0000000000
41962  13.272  -49.515  49.243 0.0000000000
39767  13.132  -51.086  49.506 0.0000000000
129561  12.818  -53.058  50.301 0.0000000000
146290  10.665  -52.069  50.429 0.0000000000
37614  11.367  -53.309  50.298 0.0000000000
36488  12.235  -54.274  50.707 0.0000000000
35365  12.173  -54.988  51.118 0.0000000000
34177  11.639  -56.704  53.179 0.0000000000
30710  8.756  -59.319  52.877 0.0000000000
33084  8.312  -57.382  51.821 0.0000000000
146070  8.047  -58.123  52.127 0.0000000000
30725  7.858  -59.433  52.677 0.0000000000
141886  6.997  -59.426  52.955 0.0000000000
30698  6.098  -59.310  53.706 0.0000000000
30699  5.239  -59.579  54.205 0.0000000000
33057  5.657  -56.613  54.371 0.0000000000
31857  5.330  -58.543  54.305 0.0000000000
30684  4.695  -58.896  54.505 0.0000000000
54095  34.639  -38.579  41.127 0.0000000000
54081  34.046  -38.471  41.538 0.0000000000
52813  34.159  -39.836  41.442 0.0000000000
51621  33.521  -40.031  41.914 0.0000000000
51586  32.783  -40.250  43.340 0.0000000000
51572  32.608  -40.251  44.296 0.0000000000
54052  30.890  -38.225  43.977 0.0000000000
52755  31.949  -39.607  44.721 0.0000000000
51555  32.601  -40.302  45.296 0.0000000000
58378  28.562  -33.943  46.695 0.0000000000
56349  28.828  -35.591  46.539 0.0000000000
56333  29.252  -36.484  47.016 0.0000000000
146049  28.515  -39.795  47.258 0.0000000000
53976  28.948  -38.319  47.897 0.0000000000
55154  29.746  -37.874  48.596 0.0000000000
73887  49.641  -19.807  29.846 0.0000000000
68083  38.149  -25.673  36.163 0.0000000000
67142  37.943  -26.978  34.409 0.0000000000
66175  39.101  -27.682  34.169 0.0000000000
61613  35.258  -31.430  39.855 0.0000000000
61653  35.605  -31.281  37.993 0.0000000000
149190  36.246  -31.056  36.842 0.0000000000
61650  38.788  -31.654  38.264 0.0000000000
61675  38.595  -31.549  37.299 0.0000000000
61731  37.696  -30.676  35.793 0.0000000000
62822  38.770  -29.953  35.015 0.0000000000
63944  39.470  -29.445  34.797 0.0000000000
66174  40.723  -28.101  34.394 0.0000000000
65120  42.221  -28.694  35.206 0.0000000000
51600  37.462  -40.682  42.340 0.0000000000
51598  39.282  -40.244  42.525 0.0000000000
52781  40.832  -39.782  43.157 0.0000000000
51566  42.084  -40.102  44.740 0.0000000000
52780  42.264  -39.342  43.432 0.0000000000
82863  58.956  -9.855  21.703 0.0000000000
82842  55.415  -10.312  24.493 0.0000000000
82855  55.627  -10.740  23.679 0.0000000000
79849  55.776  -13.492  23.829 0.0000000000
80901  55.922  -12.642  22.955 0.0000000000
81903  56.321  -11.588  22.369 0.0000000000
81913  56.724  -11.980  21.772 0.0000000000
80925  57.947  -12.619  20.944 0.0000000000
150007  49.660  -17.660  28.776 0.0000000000
149979  35.482  -39.464  40.693 0.0000000000
52811  36.050  -39.866  40.759 0.0000000000
77706  48.609  -15.515  28.547 0.0000000000
76750  48.950  -16.436  28.528 0.0000000000
146144  5.245  -60.450  54.065 0.0000000000
68127  40.660  -25.980  33.493 0.0000000000
43069  15.389  -48.024  48.665 0.0000000000
43063  15.687  -48.756  48.812 0.0000000000
59418  31.265  -33.383  47.159 0.0000000000
154088  31.331  -33.501  46.478 0.0000000000
134885  30.742  -33.354  46.571 0.0000000000
46309  24.588  -45.297  49.737 0.0000000000
150509  25.278  -44.887  49.704 0.0000000000
62685  35.935  -30.425  41.244 0.0000000000
48632  23.293  -43.192  45.720 0.0000000000
47496  22.386  -44.651  46.527 0.0000000000
48633  22.538  -43.893  46.181 0.0000000000
50588  23.249  -41.476  45.901 0.0000000000
50587  24.025  -40.917  45.822 0.0000000000
58445  36.958  -34.584  40.441 0.0000000000
57430  36.912  -35.624  40.111 0.0000000000
54092  40.628  -38.606  41.184 0.0000000000
54106  40.226  -38.012  40.577 0.0000000000
54091  41.474  -38.407  41.717 0.0000000000
80874  50.621  -12.415  27.914 0.0000000000
138300  51.151  -11.851  28.158 0.0000000000
80873  51.042  -12.277  27.363 0.0000000000
79830  50.985  -13.157  27.025 0.0000000000
76745  52.954  -16.970  28.118 0.0000000000
135475  53.837  -17.101  28.388 0.0000000000
75831  54.753  -17.270  28.712 0.0000000000
30697  8.962  -60.110  54.473 0.0000000000
147500  44.791  -16.173  30.984 0.0000000000
73862  42.534  -19.425  31.509 0.0000000000
73861  43.205  -19.663  31.207 0.0000000000
73831  39.530  -19.885  34.936 0.0000000000
73830  40.031  -19.306  34.409 0.0000000000
72901  39.300  -20.511  34.448 0.0000000000
69150  43.053  -24.180  33.340 0.0000000000
50603  33.771  -41.326  45.170 0.0000000000
50602  34.422  -41.734  45.511 0.0000000000
76696  45.229  -15.409  32.189 0.0000000000
77680  45.970  -14.931  31.827 0.0000000000
77687  45.954  -15.173  30.939 0.0000000000
44189  20.447  -47.941  49.122 0.0000000000
44156  20.648  -48.019  50.102 0.0000000000
44157  19.765  -48.085  49.880 0.0000000000
37592  14.096  -53.403  51.449 0.0000000000
36471  13.262  -54.330  51.909 0.0000000000
36473  9.433  -54.637  51.130 0.0000000000
36491  10.256  -54.717  50.676 0.0000000000
35368  9.879  -55.458  50.882 0.0000000000
34214  10.234  -56.182  50.949 0.0000000000
35348  9.478  -56.146  51.130 0.0000000000
34199  9.760  -56.922  51.105 0.0000000000
135051  6.752  -56.193  53.384 0.0000000000
34171  6.207  -56.499  53.889 0.0000000000
56380  33.177  -36.634  43.829 0.0000000000
55234  33.690  -37.209  44.726 0.0000000000
135347  32.843  -37.181  42.872 0.0000000000
55250  32.102  -37.137  42.755 0.0000000000
55185  30.317  -36.568  46.239 0.0000000000
55184  30.842  -37.308  46.318 0.0000000000
55167  30.997  -37.258  47.546 0.0000000000
137022  30.386  -36.950  48.013 0.0000000000
55211  26.942  -38.049  45.776 0.0000000000
55187  27.361  -37.556  46.102 0.0000000000
54013  27.362  -38.494  45.873 0.0000000000
72956  47.100  -20.990  30.420 0.0000000000
72955  47.901  -21.036  30.341 0.0000000000
65108  36.665  -29.256  36.711 0.0000000000
65088  37.052  -28.536  36.956 0.0000000000
65122  36.816  -29.158  36.007 0.0000000000
65121  37.224  -28.450  35.447 0.0000000000
59514  37.747  -33.009  39.928 0.0000000000
60557  37.495  -32.397  39.372 0.0000000000
138020  42.109  -31.633  38.522 0.0000000000
61648  41.334  -31.675  38.474 0.0000000000
61672  41.939  -31.333  37.714 0.0000000000
61701  41.405  -31.039  36.906 0.0000000000
61671  42.759  -30.951  37.571 0.0000000000
83860  57.898  -10.033  23.695 0.0000000000
82852  57.976  -10.017  22.835 0.0000000000
82853  57.143  -10.231  23.084 0.0000000000
78811  54.948  -14.015  24.667 0.0000000000
50570  23.171  -41.194  47.823 0.0000000000
50571  22.470  -41.565  47.312 0.0000000000
50555  22.638  -41.527  48.371 0.0000000000
51528  23.550  -40.774  46.971 0.0000000000
75811  52.524  -18.027  29.163 0.0000000000
75812  51.639  -17.969  29.021 0.0000000000
73885  51.149  -19.342  29.943 0.0000000000
73875  51.956  -19.566  30.210 0.0000000000
147774  36.866  -37.304  39.836 0.0000000000
52825  37.670  -39.311  40.607 0.0000000000
52808  39.215  -39.356  41.197 0.0000000000
51616  38.845  -40.019  41.865 0.0000000000
144882  47.850  -14.341  30.378 0.0000000000
79796  48.558  -13.753  30.266 0.0000000000
78754  48.047  -14.358  29.506 0.0000000000
78764  49.224  -14.276  28.184 0.0000000000
78773  49.782  -14.735  27.584 0.0000000000
78772  50.408  -14.461  27.274 0.0000000000
76748  50.507  -16.777  28.211 0.0000000000
76764  50.540  -16.025  27.724 0.0000000000
152014  51.743  -17.034  28.182 0.0000000000
29550  7.418  -60.686  53.566 0.0000000000
76689  44.349  -16.003  33.443 0.0000000000
76697  44.505  -15.934  32.593 0.0000000000
75774  42.490  -17.415  32.708 0.0000000000
74817  42.137  -18.192  32.253 0.0000000000
70988  39.210  -22.646  33.880 0.0000000000
129015  39.781  -24.011  33.493 0.0000000000
134697  41.089  -25.300  33.367 0.0000000000
69152  40.611  -24.514  33.323 0.0000000000
68126  41.903  -25.193  33.391 0.0000000000
67151  42.472  -25.893  33.660 0.0000000000
65128  43.318  -27.944  34.858 0.0000000000
132605  43.732  -28.400  35.332 0.0000000000
44192  17.819  -47.857  48.658 0.0000000000
44159  18.533  -48.620  49.210 0.0000000000
44193  17.216  -48.307  48.823 0.0000000000
145701  17.051  -49.776  49.799 0.0000000000
40828  16.754  -50.510  50.642 0.0000000000
40823  16.354  -51.085  51.347 0.0000000000
40829  15.971  -51.001  50.368 0.0000000000
40834  14.572  -50.628  49.304 0.0000000000
39753  15.420  -51.634  50.217 0.0000000000
39765  14.619  -51.483  49.695 0.0000000000
39755  14.047  -52.072  49.954 0.0000000000
149780  13.800  -51.491  49.660 0.0000000000
37594  8.894  -53.125  52.145 0.0000000000
37595  8.339  -53.619  52.750 0.0000000000
57352  32.749  -34.777  46.304 0.0000000000
137046  33.132  -35.341  45.826 0.0000000000
57372  33.214  -35.532  45.116 0.0000000000
57386  32.069  -34.981  44.257 0.0000000000
58407  31.999  -34.351  44.759 0.0000000000
58376  30.285  -34.017  45.670 0.0000000000
58393  30.775  -34.240  45.041 0.0000000000
57374  30.210  -34.781  45.395 0.0000000000
56370  30.192  -35.759  45.621 0.0000000000
56348  29.629  -35.350  46.167 0.0000000000
48629  26.541  -43.054  46.123 0.0000000000
49665  27.235  -42.436  46.212 0.0000000000
48628  26.926  -42.882  46.803 0.0000000000
63882  35.844  -29.549  38.155 0.0000000000
63899  35.514  -30.123  38.011 0.0000000000
58442  41.422  -34.599  40.418 0.0000000000
143590  41.710  -33.900  40.615 0.0000000000
59487  43.716  -33.517  41.369 0.0000000000
59499  42.493  -33.331  40.699 0.0000000000
60520  43.226  -33.242  40.989 0.0000000000
73807  41.324  -19.009  36.693 0.0000000000
70974  38.911  -21.882  36.427 0.0000000000
69123  38.400  -24.086  35.633 0.0000000000
70058  38.528  -23.161  35.429 0.0000000000
150594  38.387  -24.477  34.803 0.0000000000
136584  38.424  -25.134  34.420 0.0000000000
46318  23.466  -45.713  48.701 0.0000000000
45270  22.254  -46.588  48.141 0.0000000000
45292  21.552  -46.361  47.583 0.0000000000
45271  21.297  -46.961  48.167 0.0000000000
45293  20.802  -46.344  47.485 0.0000000000
48619  20.919  -42.993  46.856 0.0000000000
48635  20.969  -43.853  46.787 0.0000000000
48620  20.358  -43.349  47.272 0.0000000000
46320  18.924  -45.098  47.917 0.0000000000
46338  19.710  -45.295  47.627 0.0000000000
45273  19.404  -46.690  47.982 0.0000000000
143976  18.752  -45.936  48.081 0.0000000000
45275  17.884  -46.187  48.253 0.0000000000
46323  16.475  -45.706  48.544 0.0000000000
148342  15.757  -45.636  48.583 0.0000000000
46324  15.096  -45.980  48.571 0.0000000000
59407  29.349  -33.299  48.454 0.0000000000
134653  28.440  -33.468  48.690 0.0000000000
57322  26.263  -35.375  48.480 0.0000000000
58351  26.875  -34.748  48.022 0.0000000000
56334  26.209  -36.180  46.971 0.0000000000
56351  26.603  -36.616  46.459 0.0000000000
56352  26.045  -36.847  46.777 0.0000000000
51560  24.770  -40.398  45.531 0.0000000000
52760  25.243  -39.756  45.444 0.0000000000
52759  25.850  -39.523  45.132 0.0000000000
143244  25.974  -40.981  44.919 0.0000000000
50605  26.297  -41.822  45.108 0.0000000000
49677  25.715  -42.583  45.158 0.0000000000
47494  23.936  -44.451  46.357 0.0000000000
47493  24.689  -44.189  46.462 0.0000000000
47479  24.290  -44.688  47.075 0.0000000000
47467  24.583  -44.729  48.070 0.0000000000
59479  35.845  -33.086  41.957 0.0000000000
60509  35.494  -32.478  41.548 0.0000000000
59491  35.684  -33.089  41.195 0.0000000000
58455  37.149  -34.784  40.003 0.0000000000
135761  36.659  -33.824  40.406 0.0000000000
140242  38.280  -34.935  39.180 0.0000000000
55299  37.505  -37.141  39.506 0.0000000000
56427  37.504  -36.324  39.344 0.0000000000
55298  38.184  -37.333  39.469 0.0000000000
55296  39.890  -36.801  39.726 0.0000000000
56425  39.190  -36.370  39.253 0.0000000000
56424  39.938  -36.156  39.464 0.0000000000
57436  39.480  -35.627  39.253 0.0000000000
57429  40.306  -35.536  39.631 0.0000000000
57428  41.010  -35.489  40.228 0.0000000000
56416  41.250  -36.356  40.519 0.0000000000
55273  42.783  -37.332  41.890 0.0000000000
56409  42.528  -36.700  41.282 0.0000000000
82834  53.856  -10.515  26.985 0.0000000000
81876  53.207  -10.796  27.686 0.0000000000
79839  52.484  -12.978  25.503 0.0000000000
79838  53.280  -13.368  25.074 0.0000000000
78800  52.852  -13.842  25.486 0.0000000000
77735  52.537  -15.290  26.531 0.0000000000
77734  53.404  -15.352  26.286 0.0000000000
78783  53.809  -14.881  25.784 0.0000000000
76729  46.892  -16.205  29.454 0.0000000000
76730  46.454  -16.925  29.430 0.0000000000
73890  46.603  -19.376  29.504 0.0000000000
137961  46.001  -19.185  29.560 0.0000000000
75797  43.806  -17.486  30.647 0.0000000000
72959  43.972  -19.843  30.750 0.0000000000
142445  44.096  -18.997  30.205 0.0000000000
73878  45.256  -20.114  30.291 0.0000000000
71970  46.223  -21.048  31.232 0.0000000000
72935  45.075  -20.683  31.309 0.0000000000
145921  44.673  -21.436  32.419 0.0000000000
71935  45.552  -21.491  32.487 0.0000000000
130504  42.628  -17.525  35.143 0.0000000000
73841  40.202  -19.554  33.491 0.0000000000
73840  40.808  -19.061  33.007 0.0000000000
70997  39.944  -22.410  33.459 0.0000000000
71920  40.181  -21.501  33.255 0.0000000000
70996  40.784  -22.369  32.949 0.0000000000
70994  42.573  -22.694  33.098 0.0000000000
71002  41.425  -21.992  32.745 0.0000000000
71937  43.082  -21.681  32.770 0.0000000000
71000  43.192  -22.264  33.123 0.0000000000
50647  35.499  -41.186  43.041 0.0000000000
50631  34.881  -41.252  43.626 0.0000000000
49674  35.816  -42.144  45.719 0.0000000000
131564  35.874  -41.750  44.843 0.0000000000
135538  47.653  -14.573  31.650 0.0000000000
77678  47.161  -14.735  31.394 0.0000000000
77697  46.711  -15.472  29.865 0.0000000000
76728  47.553  -16.422  29.114 0.0000000000
138796  22.744  -46.941  50.069 0.0000000000
45232  22.881  -47.005  51.026 0.0000000000
44154  22.343  -47.661  50.574 0.0000000000
43039  18.737  -49.101  50.866 0.0000000000
46312  13.659  -45.868  49.489 0.0000000000
44161  12.189  -47.657  50.819 0.0000000000
43057  12.650  -47.780  49.998 0.0000000000
43066  12.887  -48.622  49.507 0.0000000000
41963  12.278  -49.204  49.757 0.0000000000
39756  12.457  -51.651  49.765 0.0000000000
38762  12.643  -52.354  49.971 0.0000000000
134225  11.879  -52.150  49.949 0.0000000000
39746  10.179  -51.444  51.000 0.0000000000
36490  11.023  -54.738  50.508 0.0000000000
36489  11.509  -54.092  50.467 0.0000000000
141702  12.141  -53.561  50.397 0.0000000000
34184  11.209  -56.467  51.631 0.0000000000
148248  11.326  -56.747  52.350 0.0000000000
31862  10.072  -58.316  52.936 0.0000000000
31874  9.224  -58.639  52.533 0.0000000000
31863  9.534  -58.978  53.300 0.0000000000
35335  8.080  -55.456  52.115 0.0000000000
34186  8.117  -56.413  51.826 0.0000000000
30712  7.567  -60.113  53.145 0.0000000000
131651  5.970  -60.350  53.745 0.0000000000
31852  4.998  -57.862  54.505 0.0000000000
31846  4.438  -58.381  54.522 0.0000000000
55277  35.229  -38.020  41.113 0.0000000000
55264  33.819  -37.833  41.950 0.0000000000
54096  33.685  -39.212  41.603 0.0000000000
147151  34.112  -40.246  41.742 0.0000000000
52796  33.009  -39.230  42.061 0.0000000000
52782  32.271  -39.694  42.939 0.0000000000
51604  32.808  -39.880  42.507 0.0000000000
149639  33.159  -40.610  44.057 0.0000000000
55252  30.832  -36.761  43.525 0.0000000000
54069  30.945  -37.620  43.373 0.0000000000
54053  30.606  -37.317  44.106 0.0000000000
54031  31.256  -38.401  45.790 0.0000000000
52756  31.280  -38.760  44.777 0.0000000000
149296  31.609  -39.170  45.495 0.0000000000
52739  32.146  -39.684  45.804 0.0000000000
51540  32.599  -40.325  46.282 0.0000000000
52725  32.218  -39.621  46.753 0.0000000000
59421  28.602  -33.484  47.240 0.0000000000
59433  29.193  -33.455  46.820 0.0000000000
56350  28.242  -36.298  46.595 0.0000000000
55170  28.920  -37.013  47.366 0.0000000000
50568  28.114  -41.346  47.325 0.0000000000
52741  28.116  -39.773  46.475 0.0000000000
51526  28.165  -40.564  46.851 0.0000000000
51510  29.178  -39.861  48.609 0.0000000000
52711  28.962  -39.226  48.065 0.0000000000
53975  29.376  -38.391  48.496 0.0000000000
53993  29.287  -37.680  48.037 0.0000000000
74856  48.614  -18.634  29.301 0.0000000000
73888  48.728  -19.583  29.616 0.0000000000
67110  37.861  -26.587  35.977 0.0000000000
66177  37.608  -27.747  34.818 0.0000000000
67127  37.522  -26.888  34.881 0.0000000000
67141  38.676  -27.080  34.067 0.0000000000
66176  38.367  -27.711  34.360 0.0000000000
60539  35.430  -32.155  40.270 0.0000000000
60559  35.567  -31.964  39.560 0.0000000000
60577  37.065  -31.912  38.494 0.0000000000
61652  36.316  -31.569  37.759 0.0000000000
61678  35.945  -31.167  37.209 0.0000000000
61677  36.708  -31.304  36.988 0.0000000000
60554  40.320  -32.592  39.950 0.0000000000
60575  39.045  -31.976  39.148 0.0000000000
60574  39.924  -32.054  39.279 0.0000000000
61703  39.302  -31.419  36.769 0.0000000000
61674  39.445  -31.550  37.587 0.0000000000
61704  38.419  -31.356  36.486 0.0000000000
61705  37.472  -31.146  36.306 0.0000000000
61730  38.333  -30.930  35.865 0.0000000000
62803  38.216  -30.346  35.433 0.0000000000
62802  38.982  -30.602  35.412 0.0000000000
63932  40.675  -30.123  35.402 0.0000000000
62820  39.988  -29.991  35.153 0.0000000000
63943  40.395  -29.436  34.993 0.0000000000
65131  40.084  -28.710  34.572 0.0000000000
65130  40.924  -28.802  34.856 0.0000000000
154729  41.565  -28.894  35.151 0.0000000000
134915  41.929  -29.360  35.532 0.0000000000
63914  43.157  -29.533  36.221 0.0000000000
50629  37.030  -41.160  43.047 0.0000000000
51583  37.814  -40.898  43.061 0.0000000000
51569  39.743  -40.968  44.380 0.0000000000
51581  39.308  -40.587  43.386 0.0000000000
51580  40.256  -40.356  43.693 0.0000000000
51597  40.001  -40.089  42.814 0.0000000000
147435  41.704  -39.790  43.982 0.0000000000
52779  43.098  -39.190  43.517 0.0000000000
82864  58.013  -10.163  21.902 0.0000000000
82873  58.081  -10.465  20.999 0.0000000000
82884  57.759  -11.285  20.702 0.0000000000
82843  54.663  -10.644  24.821 0.0000000000
81887  54.901  -11.007  24.014 0.0000000000
81895  55.323  -11.492  23.412 0.0000000000
80913  55.774  -11.908  22.847 0.0000000000
80912  56.313  -12.295  22.372 0.0000000000
80911  56.905  -12.681  21.966 0.0000000000
75835  50.351  -17.505  28.602 0.0000000000
75813  50.886  -17.902  28.917 0.0000000000
136694  50.131  -18.244  29.112 0.0000000000
73886  50.309  -19.135  29.625 0.0000000000
54110  36.845  -38.678  40.170 0.0000000000
52826  36.874  -39.446  40.610 0.0000000000
52810  37.543  -39.790  41.109 0.0000000000
77695  47.828  -15.084  29.048 0.0000000000
77722  49.814  -15.515  27.755 0.0000000000
76690  43.680  -16.440  33.868 0.0000000000
76684  43.544  -16.468  34.737 0.0000000000
75758  42.915  -16.937  34.326 0.0000000000
69141  39.227  -24.351  33.768 0.0000000000
139090  39.757  -24.815  33.541 0.0000000000
153865  42.071  -26.806  34.009 0.0000000000
144282  42.083  -27.610  34.434 0.0000000000
65129  42.519  -28.078  34.799 0.0000000000
44194  16.224  -48.095  48.683 0.0000000000
41959  16.061  -49.616  49.106 0.0000000000
41960  15.316  -50.166  49.166 0.0000000000
139471  7.907  -53.253  53.535 0.0000000000
58391  32.157  -34.208  45.522 0.0000000000
58375  31.698  -33.768  46.015 0.0000000000
59443  30.802  -33.784  45.503 0.0000000000
47477  25.760  -44.040  47.914 0.0000000000
47465  26.100  -44.125  48.632 0.0000000000
47455  25.700  -44.557  49.210 0.0000000000
63850  35.528  -29.905  39.676 0.0000000000
141144  43.000  -34.887  41.190 0.0000000000
58432  42.988  -34.163  41.111 0.0000000000
58424  43.531  -34.565  41.664 0.0000000000
70961  38.656  -22.649  36.121 0.0000000000
70960  38.901  -22.675  36.921 0.0000000000
47480  23.600  -44.860  46.905 0.0000000000
46351  22.814  -45.210  47.066 0.0000000000
46352  21.816  -45.141  46.784 0.0000000000
48621  19.785  -43.768  47.533 0.0000000000
48608  18.940  -43.228  47.949 0.0000000000
47468  18.619  -44.215  47.970 0.0000000000
140969  17.599  -45.122  48.367 0.0000000000
56322  25.956  -36.071  47.912 0.0000000000
52729  24.405  -39.600  47.219 0.0000000000
50607  24.650  -41.280  45.209 0.0000000000
48641  25.046  -43.187  45.392 0.0000000000
48642  24.188  -42.980  45.457 0.0000000000
54107  39.287  -38.074  40.197 0.0000000000
55287  39.820  -37.471  40.069 0.0000000000
55286  40.645  -37.143  40.355 0.0000000000
55285  41.370  -37.048  40.839 0.0000000000
55260  42.706  -38.146  42.331 0.0000000000
80861  49.753  -12.832  28.816 0.0000000000
137172  51.056  -11.907  28.806 0.0000000000
81880  52.247  -11.182  26.712 0.0000000000
81881  51.497  -11.661  26.984 0.0000000000
140386  51.819  -13.092  26.014 0.0000000000
76762  51.946  -16.310  27.513 0.0000000000
77720  52.238  -15.816  27.118 0.0000000000
77718  54.075  -16.070  27.105 0.0000000000
76760  54.446  -16.397  27.516 0.0000000000
76744  54.516  -16.747  28.053 0.0000000000
75795  45.569  -16.832  29.805 0.0000000000
75818  45.069  -17.798  29.663 0.0000000000
74829  43.136  -18.160  31.030 0.0000000000
153229  43.715  -18.362  30.464 0.0000000000
72936  44.371  -20.501  31.351 0.0000000000
71955  44.067  -20.920  32.012 0.0000000000
71936  43.892  -21.590  32.546 0.0000000000
74794  41.164  -18.796  35.795 0.0000000000
138486  41.433  -18.399  35.127 0.0000000000
74802  40.692  -18.720  34.819 0.0000000000
70080  41.939  -23.363  33.045 0.0000000000
130138  43.467  -22.841  33.213 0.0000000000
148862  34.132  -41.055  43.852 0.0000000000
50616  34.434  -41.461  44.574 0.0000000000
50601  35.104  -41.818  45.172 0.0000000000
77658  46.466  -14.736  32.788 0.0000000000
77667  46.689  -14.698  32.190 0.0000000000
44155  21.537  -47.972  50.304 0.0000000000
44125  20.944  -48.422  50.857 0.0000000000
38739  14.551  -53.186  52.119 0.0000000000
38729  14.202  -53.453  53.088 0.0000000000
36460  13.513  -54.219  52.921 0.0000000000
35333  12.517  -55.432  52.882 0.0000000000
43042  11.656  -48.035  51.195 0.0000000000
41954  11.641  -49.888  50.281 0.0000000000
40831  11.304  -50.719  50.356 0.0000000000
37603  9.969  -53.252  50.815 0.0000000000
37616  9.915  -54.036  50.790 0.0000000000
35366  11.399  -55.342  50.796 0.0000000000
33082  10.398  -57.698  52.322 0.0000000000
33099  10.077  -57.436  51.500 0.0000000000
34187  7.660  -56.882  52.217 0.0000000000
34178  7.038  -56.911  52.706 0.0000000000
33073  6.793  -57.714  52.825 0.0000000000
55265  33.050  -37.699  42.093 0.0000000000
54083  32.587  -38.429  42.185 0.0000000000
54084  31.794  -38.388  42.604 0.0000000000
52783  31.690  -39.189  42.996 0.0000000000
52726  31.865  -38.825  47.292 0.0000000000
57356  27.504  -35.156  46.699 0.0000000000
135255  27.286  -36.055  46.437 0.0000000000
130114  27.533  -36.742  46.394 0.0000000000
139803  28.455  -42.312  48.566 0.0000000000
50553  28.613  -41.465  48.198 0.0000000000
151615  47.982  -19.792  29.671 0.0000000000
72968  48.317  -20.398  29.935 0.0000000000
72954  49.263  -21.340  30.540 0.0000000000
66122  37.621  -27.912  36.985 0.0000000000
66144  37.392  -27.806  36.282 0.0000000000
144926  37.565  -27.199  35.922 0.0000000000
66163  37.381  -27.594  35.465 0.0000000000
63946  37.692  -28.719  34.996 0.0000000000
60558  36.149  -32.375  39.593 0.0000000000
143681  36.704  -32.271  39.216 0.0000000000
60576  38.125  -31.920  38.902 0.0000000000
137427  40.451  -31.703  38.496 0.0000000000
61673  40.865  -31.472  37.572 0.0000000000
61728  40.003  -31.138  36.373 0.0000000000
62801  39.889  -30.597  35.604 0.0000000000
131718  41.820  -30.489  36.372 0.0000000000
62799  42.356  -29.860  36.091 0.0000000000
150033  42.455  -30.352  36.579 0.0000000000
128188  38.197  -41.673  45.077 0.0000000000
50612  38.292  -41.327  44.261 0.0000000000
50611  38.965  -41.358  44.750 0.0000000000
50597  39.595  -41.430  45.141 0.0000000000
138681  40.403  -41.230  45.209 0.0000000000
80893  53.681  -11.892  24.734 0.0000000000
81883  53.967  -11.033  25.146 0.0000000000
80892  54.288  -12.292  24.280 0.0000000000
80903  54.768  -12.564  23.847 0.0000000000
79861  56.951  -13.638  23.150 0.0000000000
79874  57.327  -13.343  22.417 0.0000000000
50589  22.518  -41.857  46.332 0.0000000000
49667  22.225  -42.795  46.094 0.0000000000
49650  21.903  -42.127  46.865 0.0000000000
49651  21.270  -42.369  47.334 0.0000000000
52713  24.103  -39.670  48.277 0.0000000000
51527  23.842  -40.187  47.720 0.0000000000
75810  53.351  -18.008  29.381 0.0000000000
74852  52.892  -18.534  29.721 0.0000000000
74841  52.556  -19.063  30.100 0.0000000000
56418  36.812  -36.623  39.960 0.0000000000
54122  37.870  -37.900  39.706 0.0000000000
54109  37.634  -38.642  40.126 0.0000000000
54108  38.463  -38.387  40.135 0.0000000000
52823  39.056  -38.737  40.584 0.0000000000
52807  40.180  -39.278  41.453 0.0000000000
79807  49.298  -13.238  29.446 0.0000000000
79820  50.497  -13.261  27.444 0.0000000000
78786  50.706  -13.882  27.064 0.0000000000
153090  51.181  -15.198  27.099 0.0000000000
76763  51.346  -15.772  27.330 0.0000000000
76746  52.149  -16.796  27.942 0.0000000000
29549  8.104  -60.571  53.676 0.0000000000
76709  44.641  -15.997  31.720 0.0000000000
76710  43.830  -16.347  32.005 0.0000000000
75773  43.112  -16.841  32.345 0.0000000000
74830  42.536  -18.578  31.579 0.0000000000
71904  39.047  -21.191  34.455 0.0000000000
138151  40.428  -22.965  33.283 0.0000000000
70081  40.511  -23.638  33.279 0.0000000000
147868  41.299  -23.938  33.160 0.0000000000
67139  44.129  -26.674  34.282 0.0000000000
66170  44.584  -27.275  34.579 0.0000000000
66171  43.704  -27.322  34.461 0.0000000000
66162  45.059  -27.950  35.102 0.0000000000
50584  34.058  -41.815  46.774 0.0000000000
44158  19.104  -48.372  49.552 0.0000000000
43056  18.401  -49.165  49.980 0.0000000000
43062  17.667  -49.129  49.397 0.0000000000
43041  17.872  -49.448  50.494 0.0000000000
150694  15.822  -51.504  50.943 0.0000000000
131145  15.358  -52.100  51.060 0.0000000000
145742  14.191  -52.650  50.384 0.0000000000
37612  13.703  -53.211  50.710 0.0000000000
39747  9.682  -51.798  51.784 0.0000000000
38752  9.492  -52.715  51.563 0.0000000000
138986  8.737  -54.999  51.695 0.0000000000
36453  7.741  -54.084  53.312 0.0000000000
36463  7.649  -54.969  53.033 0.0000000000
56369  33.400  -36.311  44.909 0.0000000000
57400  31.998  -35.639  43.729 0.0000000000
56394  30.924  -35.939  43.850 0.0000000000
57387  31.365  -34.657  44.504 0.0000000000
57402  30.985  -35.291  44.213 0.0000000000
56382  30.572  -35.727  44.592 0.0000000000
51557  27.242  -40.126  45.152 0.0000000000
51556  27.677  -39.767  45.803 0.0000000000
134765  27.371  -40.991  45.448 0.0000000000
50569  27.715  -42.051  46.908 0.0000000000
129060  27.114  -43.393  48.264 0.0000000000
48605  27.715  -42.886  48.170 0.0000000000
71950  48.085  -21.925  31.723 0.0000000000
65089  36.475  -29.194  37.534 0.0000000000
58444  40.095  -33.846  39.866 0.0000000000
59512  39.568  -33.216  39.959 0.0000000000
59511  40.263  -33.141  40.149 0.0000000000
60538  40.817  -32.959  40.423 0.0000000000
59489  42.374  -33.752  40.744 0.0000000000
60553  41.304  -32.532  40.143 0.0000000000
60552  42.267  -32.438  39.959 0.0000000000
78798  54.478  -14.527  25.334 0.0000000000
30700  4.465  -59.927  54.381 0.0000000000
74783  42.142  -18.417  36.385 0.0000000000
74784  41.801  -18.681  36.270 0.0000000000
72885  39.716  -19.993  35.986 0.0000000000
71895  38.863  -21.446  35.409 0.0000000000
70075  38.719  -22.908  34.543 0.0000000000
132912  38.564  -23.751  34.684 0.0000000000
69153  39.019  -25.024  33.831 0.0000000000
67154  39.197  -26.502  33.846 0.0000000000
129445  23.903  -45.792  50.193 0.0000000000
45253  23.224  -46.173  49.565 0.0000000000
45254  22.567  -46.846  49.090 0.0000000000
129956  22.856  -45.817  47.948 0.0000000000
44188  21.353  -47.656  48.883 0.0000000000
44213  20.664  -47.560  48.394 0.0000000000
44214  19.858  -47.686  48.262 0.0000000000
48634  21.623  -43.443  46.459 0.0000000000
47481  20.938  -44.828  46.866 0.0000000000
46337  20.489  -45.558  47.278 0.0000000000
47482  20.122  -44.681  47.366 0.0000000000
45294  20.023  -46.140  47.651 0.0000000000
44215  18.988  -47.521  48.300 0.0000000000
44216  18.217  -47.265  48.336 0.0000000000
45276  16.981  -46.421  48.454 0.0000000000
44219  14.849  -47.433  48.671 0.0000000000
135003  30.474  -33.192  47.322 0.0000000000
152122  28.735  -33.323  47.865 0.0000000000
58363  27.911  -33.958  47.181 0.0000000000
59408  27.790  -33.756  48.428 0.0000000000
58350  27.494  -34.108  47.811 0.0000000000
57334  27.226  -34.731  47.123 0.0000000000
55188  26.740  -37.416  46.022 0.0000000000
54033  26.793  -38.683  45.521 0.0000000000
52728  24.922  -38.895  46.641 0.0000000000
53995  25.096  -38.178  47.277 0.0000000000
55171  25.614  -37.439  46.938 0.0000000000
54034  26.078  -38.793  45.477 0.0000000000
52758  26.648  -39.397  45.106 0.0000000000
134869  26.787  -41.000  45.023 0.0000000000
49676  26.521  -42.575  45.510 0.0000000000
141313  25.892  -43.499  46.318 0.0000000000
141273  25.206  -43.685  45.948 0.0000000000
48630  25.314  -43.846  46.651 0.0000000000
47466  25.375  -44.436  48.366 0.0000000000
62686  35.424  -31.269  41.234 0.0000000000
61587  35.569  -31.777  41.844 0.0000000000
60521  35.382  -32.404  40.894 0.0000000000
154468  36.162  -33.367  40.524 0.0000000000
59515  36.346  -32.986  40.260 0.0000000000
58453  39.040  -33.998  39.634 0.0000000000
56428  37.183  -36.149  39.614 0.0000000000
57439  37.446  -35.807  39.375 0.0000000000
57438  37.957  -35.735  38.973 0.0000000000
58443  40.625  -34.645  40.026 0.0000000000
56410  41.901  -36.487  40.907 0.0000000000
57418  42.615  -35.730  41.067 0.0000000000
81884  53.133  -11.417  25.433 0.0000000000
81885  52.486  -11.482  25.908 0.0000000000
80886  53.105  -12.437  25.061 0.0000000000
79829  51.436  -13.716  26.511 0.0000000000
76751  48.182  -16.875  28.895 0.0000000000
75838  48.166  -17.542  29.039 0.0000000000
128337  47.803  -18.169  29.167 0.0000000000
74857  47.151  -18.809  29.301 0.0000000000
73889  47.295  -19.656  29.566 0.0000000000
72970  46.659  -20.266  29.857 0.0000000000
74860  44.804  -18.763  29.777 0.0000000000
73891  45.446  -19.506  29.815 0.0000000000
72971  45.859  -20.288  30.061 0.0000000000
72957  46.341  -20.855  30.540 0.0000000000
71952  46.562  -21.346  31.954 0.0000000000
71934  46.492  -21.696  32.624 0.0000000000
154559  46.124  -21.301  32.298 0.0000000000
75759  42.389  -17.498  34.394 0.0000000000
75767  41.813  -17.808  33.936 0.0000000000
74801  41.270  -18.308  34.323 0.0000000000
75775  41.884  -17.912  33.066 0.0000000000
74818  41.527  -18.660  32.650 0.0000000000
72939  41.955  -19.920  31.864 0.0000000000
71921  39.489  -20.894  33.782 0.0000000000
72915  40.110  -20.468  33.302 0.0000000000
71940  40.760  -20.872  32.746 0.0000000000
72924  41.391  -20.391  32.351 0.0000000000
72923  42.150  -20.685  32.109 0.0000000000
71919  44.015  -22.553  33.042 0.0000000000
151999  44.723  -22.529  33.291 0.0000000000
51620  34.830  -40.414  41.608 0.0000000000
51619  35.879  -40.494  41.445 0.0000000000
51602  35.623  -40.968  42.234 0.0000000000
50646  36.197  -41.213  42.948 0.0000000000
149474  36.529  -41.361  43.411 0.0000000000
50614  36.680  -41.734  44.593 0.0000000000
50613  37.516  -41.604  44.467 0.0000000000
78743  48.120  -14.224  31.302 0.0000000000
77685  47.000  -14.991  30.342 0.0000000000
44124  21.848  -48.229  51.217 0.0000000000
44127  19.340  -48.685  50.290 0.0000000000
46311  14.400  -45.476  48.994 0.0000000000
45256  14.365  -46.525  48.864 0.0000000000
44195  13.967  -47.401  49.027 0.0000000000
44196  13.060  -47.174  49.656 0.0000000000
142995  13.711  -48.896  49.064 0.0000000000
40835  13.675  -50.365  49.280 0.0000000000
40836  12.678  -50.194  49.477 0.0000000000
38772  13.254  -51.871  49.789 0.0000000000
40824  10.574  -50.690  51.045 0.0000000000
39758  10.915  -51.363  50.424 0.0000000000
152815  11.262  -51.923  50.109 0.0000000000
38763  10.638  -52.898  50.446 0.0000000000
137805  11.293  -52.543  50.160 0.0000000000
128757  12.012  -52.844  50.100 0.0000000000
37613  12.890  -53.735  50.732 0.0000000000
36472  12.816  -54.346  51.190 0.0000000000
35346  12.334  -55.333  51.956 0.0000000000
35347  11.675  -55.743  51.414 0.0000000000
35334  11.857  -56.076  52.403 0.0000000000
35324  12.173  -55.999  53.460 0.0000000000
30696  9.129  -59.666  53.779 0.0000000000
29548  8.648  -60.249  53.889 0.0000000000
34200  8.933  -56.762  51.356 0.0000000000
31875  8.329  -58.731  52.376 0.0000000000
30711  8.365  -59.945  53.273 0.0000000000
30713  6.769  -60.252  53.331 0.0000000000
33065  5.839  -56.998  54.041 0.0000000000
31856  5.467  -57.501  54.310 0.0000000000
33050  5.345  -56.784  54.537 0.0000000000
59478  36.330  -33.614  42.516 0.0000000000
55289  35.803  -38.117  40.527 0.0000000000
54094  35.241  -38.763  40.661 0.0000000000
52812  34.806  -39.525  40.975 0.0000000000
154105  34.245  -39.145  41.278 0.0000000000
51603  34.116  -40.474  42.236 0.0000000000
134820  33.441  -40.373  42.732 0.0000000000
51585  33.553  -40.664  43.573 0.0000000000
51571  33.200  -40.743  44.833 0.0000000000
55251  31.436  -37.009  42.960 0.0000000000
54068  31.283  -38.428  43.236 0.0000000000
52769  31.435  -39.053  43.832 0.0000000000
51554  33.219  -40.929  45.860 0.0000000000
51539  32.996  -40.804  46.713 0.0000000000
59419  29.943  -33.312  46.685 0.0000000000
58377  29.612  -33.796  46.332 0.0000000000
57354  29.092  -34.571  46.341 0.0000000000
57355  28.229  -34.800  46.541 0.0000000000
155043  29.363  -36.063  46.521 0.0000000000
144721  29.932  -36.689  47.517 0.0000000000
52742  27.852  -39.070  46.145 0.0000000000
52727  28.425  -38.870  47.099 0.0000000000
53994  28.623  -37.804  47.309 0.0000000000
55169  29.660  -37.003  48.065 0.0000000000
55153  30.271  -37.513  48.603 0.0000000000
74855  49.447  -18.908  29.446 0.0000000000
73877  49.848  -20.635  30.272 0.0000000000
143864  48.868  -22.054  32.053 0.0000000000
68082  38.667  -25.012  36.778 0.0000000000
148583  38.304  -24.769  36.143 0.0000000000
68099  37.754  -26.182  35.342 0.0000000000
68117  38.024  -26.093  34.596 0.0000000000
67155  38.445  -26.487  34.139 0.0000000000
66181  39.559  -27.205  33.912 0.0000000000
62724  35.233  -30.629  39.337 0.0000000000
61626  35.405  -31.301  38.971 0.0000000000
62745  35.350  -30.647  38.402 0.0000000000
62764  35.623  -30.644  37.559 0.0000000000
62763  36.051  -30.594  36.830 0.0000000000
62783  36.554  -30.386  36.325 0.0000000000
60555  39.418  -32.638  39.743 0.0000000000
61651  37.880  -31.687  37.924 0.0000000000
61649  39.639  -31.677  38.456 0.0000000000
61676  37.667  -31.524  37.018 0.0000000000
62782  37.056  -30.589  35.991 0.0000000000
63935  36.824  -29.883  35.930 0.0000000000
62804  37.464  -30.085  35.590 0.0000000000
63933  37.972  -29.589  35.180 0.0000000000
63945  38.502  -29.110  34.758 0.0000000000
62821  39.427  -30.171  35.143 0.0000000000
65132  39.079  -28.430  34.456 0.0000000000
143719  39.847  -27.932  34.211 0.0000000000
66180  40.450  -27.352  33.969 0.0000000000
140960  41.635  -28.251  34.687 0.0000000000
63931  42.701  -29.154  35.675 0.0000000000
63930  43.446  -28.922  35.779 0.0000000000
51617  37.951  -40.242  41.719 0.0000000000
51582  38.418  -40.924  43.536 0.0000000000
51599  38.459  -40.536  42.631 0.0000000000
52794  40.505  -39.571  42.246 0.0000000000
51553  41.063  -40.791  45.044 0.0000000000
51567  41.358  -40.339  44.575 0.0000000000
51579  41.003  -40.104  43.920 0.0000000000
141543  41.554  -39.483  43.271 0.0000000000
52793  41.346  -39.175  42.481 0.0000000000
52792  41.942  -39.016  42.942 0.0000000000
54079  42.689  -38.770  42.843 0.0000000000
83844  56.116  -9.803  25.055 0.0000000000
82841  56.277  -10.176  24.207 0.0000000000
82854  56.384  -10.511  23.380 0.0000000000
143597  55.258  -13.611  24.171 0.0000000000
79864  55.168  -13.083  23.758 0.0000000000
80902  55.264  -12.348  23.366 0.0000000000
79863  55.628  -13.007  23.388 0.0000000000
81894  55.924  -11.169  22.986 0.0000000000
82866  56.563  -10.845  22.587 0.0000000000
82875  56.845  -11.270  21.869 0.0000000000
81912  57.276  -11.665  21.266 0.0000000000
80926  57.336  -12.334  21.348 0.0000000000
80942  57.725  -12.022  20.653 0.0000000000
46303  25.269  -45.179  50.494 0.0000000000
46304  24.560  -45.563  50.568 0.0000000000
46317  24.185  -45.181  48.793 0.0000000000
48616  27.015  -43.113  47.559 0.0000000000
48617  26.437  -43.647  47.915 0.0000000000
49678  24.674  -42.282  45.173 0.0000000000
50586  27.695  -41.443  46.232 0.0000000000
50606  25.469  -41.699  45.055 0.0000000000
51559  25.544  -40.254  45.004 0.0000000000
54015  25.613  -38.224  46.216 0.0000000000
55189  26.174  -37.419  46.320 0.0000000000
57335  26.544  -35.456  47.450 0.0000000000
57388  30.668  -34.932  44.676 0.0000000000
58374  32.202  -34.147  46.388 0.0000000000
59431  31.068  -33.563  45.902 0.0000000000
59488  43.061  -33.608  41.040 0.0000000000
61598  35.279  -31.974  41.219 0.0000000000
61702  40.084  -31.483  37.096 0.0000000000
61706  36.650  -30.912  36.522 0.0000000000
62762  42.888  -30.459  37.006 0.0000000000
62800  41.505  -30.067  35.728 0.0000000000
71967  48.376  -21.589  30.781 0.0000000000
71969  46.804  -21.373  31.122 0.0000000000
130658  36.904  -41.477  43.831 0.0000000000
135859  26.432  -43.308  46.973 0.0000000000
136049  34.435  -41.904  46.209 0.0000000000
136139  34.223  -42.117  47.382 0.0000000000
141238  38.988  -35.017  39.133 0.0000000000
141652  23.440  -44.041  46.004 0.0000000000
141843  48.604  -20.994  30.280 0.0000000000
147267  12.715  -54.779  51.678 0.0000000000
147953  42.156  -37.967  41.987 0.0000000000
150778  31.362  -37.815  42.883 0.0000000000
152636  41.261  -39.776  43.592 0.0000000000
153324  44.054  -28.735  35.803 0.0000000000
154480  18.466  -44.721  48.085 0.0000000000
154862  23.946  -41.574  45.340 0.0000000000
