#!ascii label  , from subject sub001 vox2ras=TkReg
2030
147954  11.451  -57.036  55.702 0.0000000000
70057  46.970  -22.547  34.464 0.0000000000
148613  32.429  -41.395  50.911 0.0000000000
48500  44.498  -43.619  53.642 0.0000000000
46296  24.008  -45.902  51.156 0.0000000000
40706  16.738  -50.734  60.575 0.0000000000
134912  59.381  -17.513  29.867 0.0000000000
72808  55.516  -20.039  41.065 0.0000000000
57396  45.337  -35.442  43.155 0.0000000000
81933  59.181  -11.431  19.117 0.0000000000
128634  30.342  -45.126  58.017 0.0000000000
146123  12.999  -53.206  57.460 0.0000000000
74777  58.315  -18.444  36.410 0.0000000000
71928  53.381  -21.901  32.409 0.0000000000
66139  50.398  -27.500  36.680 0.0000000000
68065  53.539  -24.508  38.373 0.0000000000
63895  46.485  -29.133  37.715 0.0000000000
49660  40.089  -42.034  46.683 0.0000000000
144640  37.887  -44.800  52.485 0.0000000000
147453  24.705  -46.817  58.571 0.0000000000
147432  21.597  -49.893  63.798 0.0000000000
134521  21.230  -49.716  56.853 0.0000000000
40815  16.895  -50.763  52.969 0.0000000000
131056  28.533  -43.584  51.131 0.0000000000
135500  63.755  -14.657  30.940 0.0000000000
78638  63.044  -14.845  38.587 0.0000000000
72860  50.606  -20.666  36.986 0.0000000000
61552  48.861  -31.895  44.024 0.0000000000
51520  46.148  -40.668  47.556 0.0000000000
141217  59.049  -14.296  24.125 0.0000000000
79855  63.532  -13.766  23.641 0.0000000000
146725  65.716  -11.003  19.766 0.0000000000
47274  27.714  -44.989  61.615 0.0000000000
36429  12.542  -55.127  56.192 0.0000000000
36391  10.956  -54.501  60.446 0.0000000000
34133  10.562  -56.380  59.185 0.0000000000
72950  53.446  -19.993  30.649 0.0000000000
66056  51.853  -27.731  41.101 0.0000000000
67040  54.081  -26.682  40.881 0.0000000000
27160  6.556  -62.516  57.124 0.0000000000
66170  44.584  -27.275  34.579 0.0000000000
50552  33.227  -41.326  48.477 0.0000000000
49630  35.558  -43.294  48.698 0.0000000000
48549  35.006  -44.060  51.810 0.0000000000
45197  24.655  -46.784  55.250 0.0000000000
42919  23.430  -48.547  57.418 0.0000000000
44083  22.795  -48.144  53.927 0.0000000000
47446  26.709  -44.579  50.429 0.0000000000
154565  26.718  -45.464  54.619 0.0000000000
128919  19.372  -49.982  62.740 0.0000000000
76724  61.991  -16.367  29.947 0.0000000000
77647  63.543  -14.484  34.668 0.0000000000
76688  61.880  -16.798  33.879 0.0000000000
75715  56.587  -17.803  39.311 0.0000000000
75692  58.871  -16.999  40.698 0.0000000000
128205  47.263  -21.880  32.946 0.0000000000
72914  49.609  -21.249  34.174 0.0000000000
70959  48.659  -21.487  36.099 0.0000000000
59486  44.352  -33.334  41.802 0.0000000000
60518  45.897  -32.084  41.812 0.0000000000
59455  46.763  -33.792  44.051 0.0000000000
49596  41.809  -43.246  50.006 0.0000000000
50562  43.453  -41.521  47.561 0.0000000000
148727  46.007  -43.079  50.574 0.0000000000
76767  56.716  -16.048  26.836 0.0000000000
78809  56.888  -14.293  24.546 0.0000000000
77714  59.125  -15.723  26.920 0.0000000000
77726  61.291  -14.978  26.769 0.0000000000
81978  63.255  -10.821  16.511 0.0000000000
80955  62.027  -12.574  18.850 0.0000000000
128244  64.156  -12.600  20.946 0.0000000000
79904  61.529  -13.175  20.707 0.0000000000
49533  31.887  -43.219  54.453 0.0000000000
49529  33.294  -43.729  54.733 0.0000000000
48413  32.707  -43.932  58.335 0.0000000000
39689  14.703  -51.453  58.661 0.0000000000
40690  13.983  -51.387  63.427 0.0000000000
38631  12.393  -52.571  61.334 0.0000000000
75808  56.463  -17.756  29.204 0.0000000000
74808  59.601  -18.633  33.553 0.0000000000
73858  56.470  -19.793  31.680 0.0000000000
73826  56.019  -19.954  34.795 0.0000000000
73802  54.292  -19.133  36.640 0.0000000000
68111  48.447  -25.535  34.756 0.0000000000
70053  50.460  -23.636  35.611 0.0000000000
67090  52.792  -26.208  37.321 0.0000000000
54078  43.371  -37.748  42.505 0.0000000000
49550  47.483  -42.076  54.115 0.0000000000
31851  9.959  -58.897  55.193 0.0000000000
31838  9.047  -58.801  58.521 0.0000000000
29504  8.450  -60.711  57.315 0.0000000000
70073  45.302  -23.569  34.125 0.0000000000
66167  47.106  -26.995  34.722 0.0000000000
65083  48.143  -28.399  37.169 0.0000000000
65015  49.733  -28.918  41.050 0.0000000000
49673  36.622  -42.272  45.810 0.0000000000
48584  39.214  -43.441  49.223 0.0000000000
47413  41.327  -44.427  52.736 0.0000000000
147570  36.586  -44.531  55.393 0.0000000000
47364  40.234  -44.857  55.517 0.0000000000
46158  24.998  -45.968  62.496 0.0000000000
43942  23.345  -47.281  65.032 0.0000000000
42869  23.485  -48.313  61.196 0.0000000000
41793  21.550  -50.433  60.249 0.0000000000
41825  18.737  -49.978  58.368 0.0000000000
43011  20.519  -48.825  52.307 0.0000000000
41901  18.478  -49.580  54.940 0.0000000000
40765  16.425  -50.644  56.813 0.0000000000
39723  15.145  -52.230  55.054 0.0000000000
37578  13.556  -53.913  54.490 0.0000000000
35333  12.517  -55.432  52.882 0.0000000000
53954  31.461  -38.422  49.321 0.0000000000
52710  29.515  -39.131  48.833 0.0000000000
51475  31.267  -41.347  51.003 0.0000000000
47385  29.082  -44.167  54.283 0.0000000000
47337  27.171  -45.392  58.219 0.0000000000
135525  64.516  -15.658  36.849 0.0000000000
76665  60.731  -16.657  36.973 0.0000000000
71948  50.526  -21.817  31.368 0.0000000000
72881  51.851  -20.120  35.589 0.0000000000
72826  53.420  -20.925  40.208 0.0000000000
70009  52.118  -23.179  38.568 0.0000000000
70939  54.250  -22.970  39.902 0.0000000000
62743  44.459  -30.446  38.165 0.0000000000
62682  47.631  -30.539  41.257 0.0000000000
62645  51.114  -30.082  43.857 0.0000000000
52754  43.706  -39.812  45.059 0.0000000000
54023  46.449  -38.776  45.339 0.0000000000
50517  48.645  -41.735  51.009 0.0000000000
53965  48.991  -39.088  47.967 0.0000000000
56364  48.191  -36.537  45.674 0.0000000000
58370  50.084  -34.686  46.513 0.0000000000
60457  52.285  -32.188  46.698 0.0000000000
79889  58.452  -13.159  21.497 0.0000000000
138978  61.767  -14.299  24.215 0.0000000000
78776  64.090  -14.195  27.193 0.0000000000
130856  28.168  -44.882  63.201 0.0000000000
34151  11.665  -56.542  56.323 0.0000000000
35286  11.307  -56.154  58.068 0.0000000000
34142  11.041  -56.829  57.690 0.0000000000
66045  52.088  -27.912  41.942 0.0000000000
66043  53.650  -27.424  42.777 0.0000000000
28367  6.490  -61.981  54.269 0.0000000000
51483  32.638  -40.838  50.027 0.0000000000
50534  33.465  -42.209  50.050 0.0000000000
49581  32.977  -42.482  51.784 0.0000000000
45222  24.263  -46.166  52.554 0.0000000000
45207  23.879  -46.962  53.955 0.0000000000
45223  23.704  -46.768  52.214 0.0000000000
47465  26.100  -44.125  48.632 0.0000000000
154217  25.501  -45.283  51.125 0.0000000000
46286  25.697  -45.650  52.756 0.0000000000
41783  17.862  -49.992  61.922 0.0000000000
41754  16.797  -50.624  62.946 0.0000000000
75804  60.206  -17.115  29.733 0.0000000000
76707  61.723  -16.923  32.059 0.0000000000
75785  60.385  -17.676  31.147 0.0000000000
75695  55.769  -18.094  40.674 0.0000000000
74705  57.166  -18.641  41.182 0.0000000000
71902  47.034  -22.078  33.592 0.0000000000
71894  47.772  -21.598  34.738 0.0000000000
70055  47.931  -22.602  35.433 0.0000000000
57409  43.808  -35.279  42.188 0.0000000000
58422  44.636  -34.267  42.371 0.0000000000
59473  45.445  -33.477  42.519 0.0000000000
58414  45.912  -34.595  43.410 0.0000000000
138682  43.359  -43.522  51.744 0.0000000000
49594  43.694  -42.901  50.509 0.0000000000
48540  45.109  -43.462  51.863 0.0000000000
76740  58.185  -16.675  27.950 0.0000000000
77730  57.605  -15.843  26.633 0.0000000000
76739  59.077  -16.752  28.396 0.0000000000
76738  60.404  -16.285  28.506 0.0000000000
80986  61.003  -11.773  17.657 0.0000000000
80957  60.163  -12.379  19.124 0.0000000000
79922  61.767  -12.846  19.739 0.0000000000
80939  59.866  -12.697  19.901 0.0000000000
47349  30.659  -44.586  56.263 0.0000000000
48452  32.708  -43.943  56.325 0.0000000000
47321  31.494  -44.866  58.571 0.0000000000
38683  13.539  -52.617  57.701 0.0000000000
39679  13.115  -52.351  60.054 0.0000000000
38658  12.398  -52.881  59.919 0.0000000000
36392  10.199  -54.835  61.276 0.0000000000
140072  10.134  -54.230  62.088 0.0000000000
75831  54.753  -17.270  28.712 0.0000000000
74838  56.446  -18.703  30.431 0.0000000000
74850  54.784  -18.121  29.809 0.0000000000
72933  53.412  -21.002  31.220 0.0000000000
72921  55.541  -21.065  32.537 0.0000000000
150730  55.147  -21.130  33.639 0.0000000000
146219  54.905  -19.508  35.886 0.0000000000
73827  54.282  -20.239  34.852 0.0000000000
132607  49.799  -26.863  35.403 0.0000000000
67123  51.186  -26.272  35.558 0.0000000000
139016  51.961  -26.837  36.815 0.0000000000
76759  55.098  -16.493  27.659 0.0000000000
30675  9.577  -59.491  56.001 0.0000000000
29521  8.557  -60.896  55.638 0.0000000000
69148  44.479  -24.138  33.737 0.0000000000
68113  46.388  -25.479  34.402 0.0000000000
68114  45.457  -25.497  34.271 0.0000000000
65117  45.687  -28.314  35.539 0.0000000000
65104  47.286  -28.163  35.854 0.0000000000
128587  47.996  -28.623  38.077 0.0000000000
65049  48.939  -28.700  39.536 0.0000000000
63861  48.018  -29.262  39.485 0.0000000000
49675  34.981  -42.112  45.955 0.0000000000
48547  37.158  -44.270  50.928 0.0000000000
48586  37.596  -43.698  49.226 0.0000000000
134008  38.876  -44.186  50.920 0.0000000000
48545  39.635  -44.059  50.986 0.0000000000
47415  39.493  -44.772  52.461 0.0000000000
49515  34.767  -43.991  56.377 0.0000000000
48469  34.864  -44.546  55.098 0.0000000000
137808  36.304  -43.941  56.575 0.0000000000
48447  39.455  -44.081  56.975 0.0000000000
48445  41.750  -44.234  56.368 0.0000000000
46191  25.137  -46.247  60.132 0.0000000000
45141  24.349  -46.949  61.410 0.0000000000
43989  24.260  -47.297  60.164 0.0000000000
41841  22.522  -49.560  57.449 0.0000000000
42893  22.885  -49.541  58.944 0.0000000000
41822  21.523  -49.943  58.300 0.0000000000
130931  20.151  -50.327  59.367 0.0000000000
41844  20.024  -49.733  57.106 0.0000000000
44125  20.944  -48.422  50.857 0.0000000000
41939  17.731  -49.971  52.139 0.0000000000
42988  18.201  -49.411  52.712 0.0000000000
129151  17.664  -50.008  53.733 0.0000000000
41862  17.552  -49.961  56.118 0.0000000000
40803  16.779  -50.593  54.526 0.0000000000
149859  15.898  -51.080  55.809 0.0000000000
40804  16.253  -51.277  54.119 0.0000000000
36452  12.963  -54.821  53.322 0.0000000000
52726  31.865  -38.825  47.292 0.0000000000
55152  30.942  -37.500  48.334 0.0000000000
49616  28.770  -42.420  49.386 0.0000000000
50536  29.543  -40.966  49.539 0.0000000000
51485  30.170  -40.401  49.937 0.0000000000
142780  30.095  -42.213  50.971 0.0000000000
49556  30.660  -42.855  52.743 0.0000000000
48509  29.157  -43.856  52.969 0.0000000000
46246  25.977  -45.942  56.992 0.0000000000
46245  26.763  -45.575  56.655 0.0000000000
46219  25.889  -45.923  58.756 0.0000000000
141741  26.370  -45.604  60.100 0.0000000000
43943  22.965  -48.139  64.503 0.0000000000
30658  7.560  -59.166  59.307 0.0000000000
128653  7.750  -58.039  60.098 0.0000000000
78708  64.580  -13.619  32.246 0.0000000000
147670  63.168  -14.380  36.352 0.0000000000
79714  64.391  -13.971  36.271 0.0000000000
77622  63.976  -15.352  37.737 0.0000000000
76647  63.108  -16.100  38.297 0.0000000000
74800  58.993  -18.874  34.796 0.0000000000
75746  60.316  -17.896  34.809 0.0000000000
75737  59.287  -17.699  37.077 0.0000000000
75690  60.617  -17.635  40.876 0.0000000000
131468  49.622  -20.717  35.660 0.0000000000
72913  50.331  -21.141  34.279 0.0000000000
72882  50.963  -20.231  35.992 0.0000000000
73804  52.251  -19.354  37.047 0.0000000000
72858  52.246  -20.450  38.127 0.0000000000
69107  52.468  -24.595  36.845 0.0000000000
149990  51.584  -23.345  36.513 0.0000000000
70036  52.580  -24.031  37.409 0.0000000000
61646  43.917  -31.004  38.608 0.0000000000
61571  47.717  -31.887  42.996 0.0000000000
61595  47.104  -31.173  41.670 0.0000000000
61583  48.317  -31.335  42.836 0.0000000000
62663  49.391  -30.340  42.555 0.0000000000
61568  50.060  -31.006  43.916 0.0000000000
50598  38.973  -41.738  45.555 0.0000000000
50581  40.644  -41.551  46.128 0.0000000000
153559  44.691  -41.101  47.392 0.0000000000
51537  43.593  -40.665  46.302 0.0000000000
51536  44.478  -40.439  46.347 0.0000000000
54025  44.996  -39.105  44.710 0.0000000000
52737  46.011  -39.801  46.417 0.0000000000
49564  48.095  -42.312  52.204 0.0000000000
53963  50.297  -38.294  48.565 0.0000000000
55163  48.959  -38.036  46.828 0.0000000000
55161  50.255  -37.206  47.249 0.0000000000
57348  49.240  -35.563  46.143 0.0000000000
131051  50.984  -35.904  47.371 0.0000000000
78808  57.783  -14.472  24.572 0.0000000000
144272  58.776  -13.739  22.805 0.0000000000
79857  60.446  -13.781  22.725 0.0000000000
79845  59.844  -14.167  23.870 0.0000000000
77693  63.018  -15.263  29.018 0.0000000000
78770  62.675  -14.891  27.373 0.0000000000
78761  64.124  -14.187  28.968 0.0000000000
79812  64.762  -13.545  28.538 0.0000000000
81962  64.172  -11.069  17.657 0.0000000000
79867  64.254  -13.158  22.644 0.0000000000
135807  65.639  -12.870  24.257 0.0000000000
148947  64.715  -13.426  24.870 0.0000000000
130056  29.079  -45.137  59.891 0.0000000000
138561  30.603  -44.997  59.961 0.0000000000
47272  29.465  -44.900  61.503 0.0000000000
36428  12.652  -54.424  56.697 0.0000000000
37547  11.964  -54.259  58.623 0.0000000000
35281  11.748  -54.908  58.288 0.0000000000
35277  10.940  -55.583  59.343 0.0000000000
35273  9.014  -56.061  61.316 0.0000000000
73875  51.956  -19.566  30.210 0.0000000000
72934  52.382  -21.293  31.086 0.0000000000
144932  51.058  -27.484  39.048 0.0000000000
66095  51.614  -27.212  38.508 0.0000000000
66067  52.466  -27.223  40.611 0.0000000000
145205  54.690  -26.818  41.956 0.0000000000
29522  8.033  -61.347  55.010 0.0000000000
28366  7.380  -61.761  54.569 0.0000000000
149824  6.070  -63.086  56.751 0.0000000000
153217  44.427  -26.216  34.219 0.0000000000
63929  44.668  -28.803  36.086 0.0000000000
49664  34.734  -42.341  46.778 0.0000000000
49631  34.609  -42.840  48.703 0.0000000000
48572  35.684  -43.689  50.147 0.0000000000
48527  36.561  -44.450  52.381 0.0000000000
45179  24.807  -46.911  56.995 0.0000000000
44012  24.288  -47.389  58.294 0.0000000000
44046  23.728  -47.849  57.036 0.0000000000
44059  23.156  -48.309  55.751 0.0000000000
42945  21.795  -49.080  55.135 0.0000000000
39737  15.815  -51.794  52.768 0.0000000000
150694  15.822  -51.504  50.943 0.0000000000
137306  27.524  -43.443  48.890 0.0000000000
149953  27.756  -44.304  51.291 0.0000000000
47402  27.833  -44.699  53.328 0.0000000000
139630  26.891  -45.100  52.831 0.0000000000
46268  25.804  -45.980  55.019 0.0000000000
128920  20.124  -50.200  63.109 0.0000000000
77684  62.741  -15.907  30.330 0.0000000000
78709  63.955  -14.279  32.797 0.0000000000
77665  62.811  -15.866  32.271 0.0000000000
76687  62.546  -16.118  33.862 0.0000000000
77640  62.285  -15.620  35.930 0.0000000000
74763  57.306  -18.386  37.511 0.0000000000
75726  58.711  -17.730  37.680 0.0000000000
75704  57.665  -17.403  39.973 0.0000000000
74721  59.116  -18.832  40.998 0.0000000000
71950  48.085  -21.925  31.723 0.0000000000
71916  47.934  -21.838  33.330 0.0000000000
135585  48.909  -20.843  35.222 0.0000000000
71885  50.072  -21.248  36.808 0.0000000000
69090  54.798  -23.888  38.265 0.0000000000
60551  43.174  -32.346  39.899 0.0000000000
61612  44.013  -32.024  40.044 0.0000000000
60519  44.684  -32.792  41.622 0.0000000000
60496  46.410  -32.938  43.067 0.0000000000
131937  47.916  -32.950  44.107 0.0000000000
147382  41.005  -42.603  48.593 0.0000000000
50564  41.762  -41.724  47.239 0.0000000000
49626  42.476  -42.375  48.677 0.0000000000
49610  44.491  -42.366  49.329 0.0000000000
50532  46.170  -42.048  49.281 0.0000000000
77741  55.096  -15.152  25.827 0.0000000000
78810  55.910  -14.044  24.517 0.0000000000
77740  56.719  -15.204  25.708 0.0000000000
145830  58.504  -15.171  25.776 0.0000000000
78794  58.977  -14.848  25.303 0.0000000000
78792  60.683  -14.745  25.411 0.0000000000
151595  60.400  -15.559  27.254 0.0000000000
149448  61.289  -15.898  28.514 0.0000000000
81980  61.631  -11.245  17.006 0.0000000000
80984  62.642  -11.930  17.425 0.0000000000
81932  64.229  -11.876  19.451 0.0000000000
80935  64.959  -11.982  20.766 0.0000000000
80936  63.419  -12.756  20.340 0.0000000000
79884  63.334  -13.113  21.118 0.0000000000
128585  62.777  -13.631  22.324 0.0000000000
50484  32.292  -42.449  53.048 0.0000000000
140155  33.165  -42.686  52.856 0.0000000000
49541  32.677  -43.300  54.267 0.0000000000
49517  33.292  -43.955  56.138 0.0000000000
49490  34.428  -43.268  58.650 0.0000000000
40719  15.643  -50.911  59.490 0.0000000000
40699  15.681  -50.953  61.628 0.0000000000
153844  14.619  -51.473  60.721 0.0000000000
152722  13.144  -51.937  62.314 0.0000000000
37527  11.399  -53.779  60.592 0.0000000000
38633  11.023  -53.157  62.524 0.0000000000
75807  57.553  -17.615  29.225 0.0000000000
74837  59.041  -18.255  31.045 0.0000000000
74828  58.269  -18.468  30.887 0.0000000000
73856  58.402  -19.207  32.216 0.0000000000
148379  57.931  -19.751  33.835 0.0000000000
73859  54.968  -19.784  30.945 0.0000000000
72907  56.609  -20.531  33.372 0.0000000000
73812  57.389  -19.422  35.304 0.0000000000
73800  56.258  -19.185  36.269 0.0000000000
74765  55.500  -18.544  37.931 0.0000000000
74739  54.316  -18.685  39.681 0.0000000000
69135  48.300  -24.752  34.807 0.0000000000
150564  48.652  -23.150  35.647 0.0000000000
143064  50.077  -25.078  34.862 0.0000000000
68095  51.584  -25.479  35.526 0.0000000000
67089  53.370  -25.450  38.023 0.0000000000
139247  53.459  -26.378  38.740 0.0000000000
67072  53.643  -25.537  38.585 0.0000000000
69076  55.077  -23.767  38.962 0.0000000000
56389  44.116  -36.930  42.882 0.0000000000
146838  46.008  -43.271  52.943 0.0000000000
154970  54.410  -15.007  25.766 0.0000000000
77732  55.060  -15.733  26.520 0.0000000000
76742  56.438  -16.910  28.117 0.0000000000
83899  59.771  -9.834  19.542 0.0000000000
82882  58.981  -10.318  19.831 0.0000000000
31850  10.521  -58.248  55.400 0.0000000000
31844  10.684  -57.984  56.282 0.0000000000
139095  9.819  -59.003  56.795 0.0000000000
30663  8.960  -59.462  57.966 0.0000000000
30664  7.492  -59.920  58.823 0.0000000000
28342  7.924  -61.316  57.280 0.0000000000
70986  45.936  -22.519  33.675 0.0000000000
70987  45.160  -22.745  33.753 0.0000000000
70072  45.906  -22.790  34.126 0.0000000000
69137  46.642  -24.385  34.435 0.0000000000
67135  48.133  -26.127  34.706 0.0000000000
66157  49.307  -27.340  35.703 0.0000000000
66168  46.340  -27.105  34.702 0.0000000000
66142  47.991  -27.813  35.798 0.0000000000
66116  49.767  -27.760  37.346 0.0000000000
65048  49.624  -28.108  39.233 0.0000000000
65029  50.106  -28.427  40.484 0.0000000000
64999  51.620  -28.514  42.349 0.0000000000
151290  38.463  -42.353  46.612 0.0000000000
49645  36.356  -42.885  47.328 0.0000000000
48615  37.774  -42.848  47.583 0.0000000000
48600  39.734  -42.818  48.616 0.0000000000
48566  40.961  -43.462  50.115 0.0000000000
48543  41.636  -43.788  51.376 0.0000000000
48502  42.914  -43.943  53.450 0.0000000000
49553  34.003  -43.658  53.396 0.0000000000
48486  35.945  -44.505  54.007 0.0000000000
48504  37.058  -44.584  53.691 0.0000000000
48448  38.100  -43.874  57.225 0.0000000000
47366  38.390  -44.718  55.586 0.0000000000
147762  39.116  -44.986  53.966 0.0000000000
47398  40.667  -44.828  53.943 0.0000000000
47379  42.081  -44.508  54.315 0.0000000000
128265  43.986  -43.700  55.195 0.0000000000
46146  25.597  -45.712  63.704 0.0000000000
45123  24.407  -46.384  63.892 0.0000000000
136356  23.496  -47.756  62.899 0.0000000000
42858  22.702  -49.188  63.004 0.0000000000
42892  23.450  -48.825  59.409 0.0000000000
42870  23.094  -49.302  61.113 0.0000000000
41765  21.665  -50.290  62.127 0.0000000000
134962  19.995  -50.278  61.229 0.0000000000
144396  18.844  -49.994  60.539 0.0000000000
41810  17.700  -50.420  59.438 0.0000000000
44123  22.592  -47.755  51.437 0.0000000000
42984  21.725  -48.680  53.291 0.0000000000
42962  20.440  -49.035  54.209 0.0000000000
148227  18.952  -49.067  51.698 0.0000000000
42986  19.208  -49.063  53.457 0.0000000000
148325  19.656  -49.418  55.440 0.0000000000
41861  18.351  -49.832  56.548 0.0000000000
41846  17.774  -50.080  57.666 0.0000000000
40731  16.620  -50.636  58.332 0.0000000000
40733  15.315  -51.109  57.950 0.0000000000
39710  14.764  -51.751  56.748 0.0000000000
38695  13.837  -52.970  56.136 0.0000000000
39738  15.264  -52.318  53.234 0.0000000000
38717  14.702  -52.890  54.643 0.0000000000
37563  13.329  -53.558  55.989 0.0000000000
35302  12.866  -54.684  55.476 0.0000000000
35313  12.183  -55.825  54.966 0.0000000000
34169  11.836  -56.481  54.283 0.0000000000
33071  11.160  -57.318  53.840 0.0000000000
33072  10.574  -58.080  53.801 0.0000000000
51525  32.616  -40.282  47.293 0.0000000000
52708  32.430  -39.811  48.329 0.0000000000
52692  31.928  -39.610  50.035 0.0000000000
53955  30.302  -38.033  49.195 0.0000000000
52673  30.947  -39.470  50.156 0.0000000000
51462  31.939  -41.688  51.674 0.0000000000
49555  31.496  -42.477  52.989 0.0000000000
48472  30.364  -43.837  54.766 0.0000000000
47350  29.826  -44.606  56.039 0.0000000000
139099  27.985  -44.799  55.038 0.0000000000
47352  28.171  -44.932  56.967 0.0000000000
47323  28.594  -44.977  58.479 0.0000000000
47293  27.502  -45.171  60.331 0.0000000000
46173  26.445  -45.447  61.643 0.0000000000
33032  9.930  -57.756  58.589 0.0000000000
34135  9.077  -57.120  60.153 0.0000000000
78661  64.796  -13.762  35.058 0.0000000000
75764  60.569  -17.908  33.416 0.0000000000
75745  61.288  -17.070  35.255 0.0000000000
77624  61.765  -15.225  37.567 0.0000000000
76650  59.647  -16.794  38.870 0.0000000000
76641  60.892  -16.116  39.697 0.0000000000
77608  62.395  -15.768  39.317 0.0000000000
72953  50.523  -20.736  30.444 0.0000000000
71929  52.382  -22.114  32.522 0.0000000000
71932  49.378  -21.967  32.671 0.0000000000
72912  51.194  -21.532  33.741 0.0000000000
72911  52.668  -21.375  34.037 0.0000000000
73816  53.139  -19.833  35.801 0.0000000000
74767  53.610  -18.817  38.062 0.0000000000
72810  54.189  -20.330  41.033 0.0000000000
70039  49.843  -22.857  36.261 0.0000000000
70957  50.246  -22.220  36.756 0.0000000000
71866  51.975  -21.916  38.010 0.0000000000
70018  53.800  -23.787  38.869 0.0000000000
70928  52.673  -23.117  39.983 0.0000000000
71850  52.379  -22.577  39.537 0.0000000000
71841  53.410  -22.047  40.778 0.0000000000
72842  54.397  -21.421  40.480 0.0000000000
63913  43.988  -29.278  36.365 0.0000000000
63881  45.823  -29.599  37.927 0.0000000000
62722  45.251  -30.937  39.578 0.0000000000
137623  45.967  -30.389  39.453 0.0000000000
62720  47.319  -29.775  39.808 0.0000000000
63830  48.807  -29.744  41.115 0.0000000000
63816  50.436  -29.424  42.445 0.0000000000
63803  52.201  -29.147  43.821 0.0000000000
50595  41.996  -41.036  45.908 0.0000000000
54049  43.898  -38.914  43.763 0.0000000000
55226  45.087  -38.002  43.760 0.0000000000
56376  46.107  -36.952  44.204 0.0000000000
128216  47.006  -43.128  51.816 0.0000000000
49590  47.219  -42.402  50.080 0.0000000000
50545  47.292  -41.490  49.101 0.0000000000
51493  48.882  -40.799  49.559 0.0000000000
51505  47.873  -40.311  48.252 0.0000000000
53984  47.756  -38.985  46.985 0.0000000000
55202  47.203  -37.572  45.162 0.0000000000
57383  47.167  -35.977  44.707 0.0000000000
57382  47.483  -35.259  44.724 0.0000000000
59439  48.861  -33.943  45.236 0.0000000000
59438  49.763  -33.260  45.673 0.0000000000
58360  51.959  -34.916  47.623 0.0000000000
59427  51.055  -33.400  46.696 0.0000000000
60468  50.313  -32.472  45.524 0.0000000000
61534  51.481  -31.547  45.512 0.0000000000
81921  58.229  -11.572  20.122 0.0000000000
80940  59.073  -12.498  20.052 0.0000000000
79887  60.277  -13.352  21.392 0.0000000000
79870  61.056  -13.660  22.099 0.0000000000
141494  62.674  -14.161  24.125 0.0000000000
78791  61.537  -14.662  25.520 0.0000000000
78789  63.209  -14.443  25.949 0.0000000000
79835  63.909  -13.993  25.403 0.0000000000
79826  64.809  -13.574  26.724 0.0000000000
46136  26.553  -45.424  65.021 0.0000000000
47224  26.924  -45.012  64.410 0.0000000000
148856  11.247  -56.909  56.971 0.0000000000
34152  11.150  -57.279  56.346 0.0000000000
64998  52.329  -28.163  42.737 0.0000000000
66036  52.997  -27.814  43.171 0.0000000000
51472  32.430  -41.092  50.663 0.0000000000
50520  32.850  -41.613  50.463 0.0000000000
50507  32.979  -42.189  51.251 0.0000000000
46295  24.363  -45.877  51.842 0.0000000000
45215  23.820  -46.864  53.051 0.0000000000
45230  23.962  -46.179  51.878 0.0000000000
128954  24.920  -45.572  51.303 0.0000000000
131537  24.944  -45.744  52.233 0.0000000000
41784  17.319  -50.520  61.214 0.0000000000
41769  17.036  -50.512  62.076 0.0000000000
40698  16.507  -50.785  61.425 0.0000000000
153766  59.652  -17.153  29.392 0.0000000000
75792  60.741  -17.289  30.574 0.0000000000
75793  59.973  -17.577  30.505 0.0000000000
74723  55.280  -18.870  41.193 0.0000000000
73740  55.952  -19.027  41.419 0.0000000000
72807  56.499  -19.954  40.524 0.0000000000
70973  47.208  -22.077  34.217 0.0000000000
70972  47.420  -22.146  34.963 0.0000000000
154937  44.705  -35.767  42.889 0.0000000000
58423  44.066  -34.610  42.182 0.0000000000
57408  44.573  -35.146  42.562 0.0000000000
58415  45.278  -34.535  42.811 0.0000000000
57384  46.125  -35.336  43.828 0.0000000000
48522  43.742  -43.597  52.369 0.0000000000
48541  44.193  -43.424  51.809 0.0000000000
48521  44.580  -43.588  52.667 0.0000000000
75828  58.374  -17.175  28.779 0.0000000000
75805  59.151  -17.172  29.130 0.0000000000
76727  59.849  -16.765  28.905 0.0000000000
80975  59.769  -11.775  18.664 0.0000000000
80958  59.280  -12.156  19.376 0.0000000000
47334  30.700  -44.859  57.159 0.0000000000
47333  31.533  -44.666  57.279 0.0000000000
128231  31.184  -45.009  57.930 0.0000000000
132564  12.938  -52.710  59.216 0.0000000000
38671  12.902  -52.959  58.337 0.0000000000
135476  53.954  -17.616  29.014 0.0000000000
74851  54.055  -18.010  29.655 0.0000000000
71945  53.683  -21.594  31.775 0.0000000000
71927  54.169  -21.567  32.263 0.0000000000
71910  53.895  -21.670  33.047 0.0000000000
72892  54.765  -20.755  34.315 0.0000000000
72910  53.533  -21.357  33.815 0.0000000000
66156  50.119  -27.203  35.953 0.0000000000
67109  51.080  -26.974  36.118 0.0000000000
67091  51.165  -27.335  36.896 0.0000000000
30683  9.046  -60.217  55.344 0.0000000000
131236  43.793  -23.599  33.396 0.0000000000
69149  43.642  -24.606  33.536 0.0000000000
69139  45.026  -24.714  34.129 0.0000000000
69140  44.257  -25.127  33.837 0.0000000000
65085  46.582  -28.792  37.054 0.0000000000
65105  46.664  -28.540  36.311 0.0000000000
65084  47.267  -28.791  37.734 0.0000000000
63879  47.614  -29.025  38.639 0.0000000000
48526  37.343  -44.593  51.877 0.0000000000
48546  38.108  -44.450  51.154 0.0000000000
47432  38.180  -44.734  51.924 0.0000000000
47431  38.985  -44.620  51.652 0.0000000000
47416  38.617  -44.858  52.488 0.0000000000
138567  35.319  -43.587  57.820 0.0000000000
146558  35.431  -44.094  56.285 0.0000000000
48431  35.766  -43.767  57.197 0.0000000000
45155  25.079  -46.433  59.212 0.0000000000
150484  24.635  -46.710  60.666 0.0000000000
43999  24.363  -47.248  59.239 0.0000000000
41842  21.795  -49.769  57.498 0.0000000000
41823  20.599  -49.995  58.484 0.0000000000
154636  20.681  -49.751  57.001 0.0000000000
132348  17.367  -50.304  52.751 0.0000000000
41924  17.789  -49.910  52.930 0.0000000000
41925  17.202  -50.323  53.598 0.0000000000
40809  16.718  -50.826  53.708 0.0000000000
40810  16.307  -51.275  53.274 0.0000000000
48573  28.519  -43.293  50.395 0.0000000000
50537  29.006  -41.648  49.038 0.0000000000
49599  28.951  -42.596  50.156 0.0000000000
149949  29.554  -42.193  50.460 0.0000000000
49582  29.206  -42.813  51.000 0.0000000000
48529  29.803  -43.281  52.368 0.0000000000
48550  29.113  -43.356  51.733 0.0000000000
45178  25.362  -46.461  57.418 0.0000000000
46234  25.888  -45.984  57.867 0.0000000000
45165  25.280  -46.430  58.283 0.0000000000
46207  25.728  -45.899  59.651 0.0000000000
42846  22.534  -48.967  63.986 0.0000000000
31823  6.655  -59.374  60.375 0.0000000000
31831  7.158  -58.735  60.107 0.0000000000
78740  64.044  -14.166  30.535 0.0000000000
78726  64.299  -13.873  31.260 0.0000000000
78652  63.297  -14.451  37.095 0.0000000000
78643  63.459  -14.774  37.684 0.0000000000
77615  63.478  -14.984  38.248 0.0000000000
144465  63.304  -15.577  38.419 0.0000000000
77616  63.069  -15.118  39.062 0.0000000000
74791  58.599  -18.647  35.632 0.0000000000
74790  59.248  -18.412  35.448 0.0000000000
74776  59.112  -18.150  36.235 0.0000000000
72883  50.222  -20.469  36.182 0.0000000000
72873  50.857  -20.326  36.776 0.0000000000
73792  51.735  -19.935  37.284 0.0000000000
72859  51.404  -20.587  37.441 0.0000000000
69092  53.286  -24.279  38.178 0.0000000000
140479  43.262  -31.402  38.595 0.0000000000
61570  48.258  -31.890  43.497 0.0000000000
139219  47.776  -31.476  42.577 0.0000000000
136820  48.775  -31.448  43.408 0.0000000000
61569  49.366  -31.268  43.646 0.0000000000
61551  49.679  -31.647  44.281 0.0000000000
50583  39.115  -42.145  46.455 0.0000000000
50582  39.796  -41.671  45.876 0.0000000000
51508  45.704  -41.037  47.953 0.0000000000
51522  44.764  -40.767  46.950 0.0000000000
145920  45.861  -40.343  47.025 0.0000000000
146176  46.534  -40.048  47.153 0.0000000000
55147  50.056  -38.094  47.719 0.0000000000
56317  50.994  -36.959  47.904 0.0000000000
56327  50.780  -36.549  47.433 0.0000000000
148747  51.269  -36.370  47.770 0.0000000000
79846  58.308  -14.170  23.987 0.0000000000
79859  58.946  -13.991  23.484 0.0000000000
77683  63.157  -15.337  29.832 0.0000000000
78753  63.586  -14.771  29.389 0.0000000000
78752  64.088  -14.131  29.835 0.0000000000
133134  65.137  -11.041  19.398 0.0000000000
81947  65.401  -10.496  18.610 0.0000000000
81946  66.204  -10.751  19.326 0.0000000000
81930  66.144  -11.188  19.984 0.0000000000
151801  64.145  -13.408  23.275 0.0000000000
80900  65.024  -12.986  23.263 0.0000000000
79854  64.477  -13.418  23.958 0.0000000000
79842  65.619  -12.873  25.352 0.0000000000
136622  28.840  -44.994  60.762 0.0000000000
47273  28.509  -44.942  61.695 0.0000000000
134665  12.308  -55.072  57.001 0.0000000000
36417  12.209  -54.505  57.650 0.0000000000
34136  10.812  -56.656  58.458 0.0000000000
136300  10.980  -56.036  58.700 0.0000000000
35278  10.277  -56.048  59.976 0.0000000000
34129  9.519  -56.442  60.505 0.0000000000
73885  51.149  -19.342  29.943 0.0000000000
72951  52.135  -20.466  30.557 0.0000000000
136249  51.256  -20.357  30.389 0.0000000000
66081  50.910  -27.708  39.807 0.0000000000
66080  51.679  -27.261  39.382 0.0000000000
66068  51.687  -27.472  40.240 0.0000000000
29533  7.753  -61.122  54.121 0.0000000000
27168  5.831  -63.381  55.867 0.0000000000
51524  33.123  -41.027  47.440 0.0000000000
50567  33.627  -41.665  47.493 0.0000000000
50551  33.783  -42.164  49.148 0.0000000000
151118  34.080  -43.348  51.141 0.0000000000
49597  34.707  -43.430  50.488 0.0000000000
146148  34.647  -43.677  51.275 0.0000000000
140091  35.444  -43.877  50.991 0.0000000000
45187  24.781  -46.891  56.119 0.0000000000
44045  24.232  -47.350  56.596 0.0000000000
45188  24.111  -47.227  55.737 0.0000000000
44070  23.414  -47.563  54.407 0.0000000000
44058  23.539  -47.676  55.312 0.0000000000
44071  22.969  -48.190  54.886 0.0000000000
42944  22.609  -48.856  55.350 0.0000000000
42960  22.361  -48.729  54.524 0.0000000000
47454  26.547  -44.293  49.495 0.0000000000
48606  26.815  -43.788  48.778 0.0000000000
47453  27.320  -44.173  50.045 0.0000000000
47435  26.985  -44.699  51.341 0.0000000000
47419  26.949  -44.911  52.178 0.0000000000
46293  26.416  -45.053  51.741 0.0000000000
46269  25.039  -46.160  53.964 0.0000000000
46278  25.649  -45.817  53.651 0.0000000000
45205  25.179  -46.366  54.760 0.0000000000
45196  25.337  -46.425  55.602 0.0000000000
128921  19.337  -49.994  63.616 0.0000000000
77677  62.913  -15.784  31.314 0.0000000000
76714  62.237  -16.439  30.888 0.0000000000
76695  61.647  -17.046  32.874 0.0000000000
135484  62.205  -16.520  33.242 0.0000000000
76681  62.315  -16.254  34.497 0.0000000000
76672  62.330  -15.988  35.219 0.0000000000
76682  61.811  -16.649  34.832 0.0000000000
74749  56.956  -18.092  38.415 0.0000000000
75714  57.377  -17.629  39.177 0.0000000000
149970  57.021  -17.612  39.831 0.0000000000
74704  58.227  -18.511  41.086 0.0000000000
71933  47.107  -21.763  32.448 0.0000000000
147281  47.641  -21.900  32.837 0.0000000000
71893  48.403  -21.203  35.427 0.0000000000
72884  48.387  -21.200  34.810 0.0000000000
152572  49.060  -20.940  35.837 0.0000000000
71886  49.321  -21.270  36.353 0.0000000000
132508  42.755  -32.926  40.484 0.0000000000
130750  44.027  -33.092  41.236 0.0000000000
60536  43.618  -32.753  40.607 0.0000000000
59463  46.400  -33.537  43.413 0.0000000000
60497  45.942  -33.350  42.951 0.0000000000
60486  46.997  -33.015  43.820 0.0000000000
59454  47.576  -33.608  44.250 0.0000000000
49612  41.201  -42.911  49.321 0.0000000000
49627  41.683  -42.511  48.618 0.0000000000
49611  42.125  -42.753  49.340 0.0000000000
49592  45.256  -42.868  50.433 0.0000000000
49593  44.439  -42.698  50.091 0.0000000000
128368  45.064  -42.558  49.777 0.0000000000
50533  45.307  -42.153  49.242 0.0000000000
49609  45.866  -42.595  49.909 0.0000000000
77731  56.033  -15.569  26.286 0.0000000000
147130  55.960  -15.008  25.653 0.0000000000
132225  56.940  -15.671  26.231 0.0000000000
77729  58.430  -15.581  26.395 0.0000000000
77739  57.668  -15.327  25.870 0.0000000000
78782  59.276  -15.211  26.102 0.0000000000
77728  59.898  -15.447  26.751 0.0000000000
142425  61.399  -16.296  29.336 0.0000000000
77694  62.552  -15.769  29.495 0.0000000000
80973  61.359  -12.317  18.118 0.0000000000
80985  61.804  -11.921  17.480 0.0000000000
80972  62.345  -12.282  18.014 0.0000000000
80971  63.311  -11.876  17.828 0.0000000000
80954  63.192  -12.317  18.809 0.0000000000
136925  63.544  -12.439  19.681 0.0000000000
80937  62.742  -12.726  19.646 0.0000000000
79903  62.547  -13.068  20.490 0.0000000000
79885  62.448  -13.416  21.421 0.0000000000
79886  61.630  -13.481  21.514 0.0000000000
50471  31.913  -42.622  53.661 0.0000000000
50470  32.547  -42.864  53.648 0.0000000000
49542  32.372  -43.008  53.980 0.0000000000
48433  32.725  -43.972  57.320 0.0000000000
49518  32.905  -43.892  55.792 0.0000000000
49504  33.114  -43.863  56.737 0.0000000000
49503  33.654  -43.774  57.160 0.0000000000
49491  33.839  -43.478  58.196 0.0000000000
40720  15.056  -51.187  59.495 0.0000000000
132590  14.819  -51.368  60.216 0.0000000000
39677  14.446  -51.593  59.596 0.0000000000
39671  13.005  -52.205  60.936 0.0000000000
39663  13.466  -51.901  61.307 0.0000000000
39664  12.918  -52.112  61.807 0.0000000000
39654  12.669  -52.129  62.737 0.0000000000
38621  12.225  -52.491  62.204 0.0000000000
36390  11.615  -54.176  59.638 0.0000000000
38659  11.892  -53.419  59.977 0.0000000000
74848  57.905  -18.122  30.078 0.0000000000
74849  56.955  -18.255  29.873 0.0000000000
73872  56.503  -19.243  31.079 0.0000000000
73857  57.930  -19.051  31.541 0.0000000000
73846  57.663  -19.654  32.345 0.0000000000
134496  58.250  -19.525  32.782 0.0000000000
73839  57.808  -19.868  33.210 0.0000000000
74840  53.352  -19.031  30.220 0.0000000000
73874  54.175  -19.395  30.503 0.0000000000
72908  55.894  -20.943  33.404 0.0000000000
131964  56.368  -20.650  32.747 0.0000000000
72891  56.390  -20.433  34.042 0.0000000000
73825  56.872  -19.876  34.629 0.0000000000
73799  57.071  -19.076  36.071 0.0000000000
73813  56.565  -19.535  35.468 0.0000000000
73801  55.379  -19.170  36.453 0.0000000000
74780  54.990  -18.827  37.222 0.0000000000
74751  54.983  -18.270  39.014 0.0000000000
74766  54.558  -18.643  38.051 0.0000000000
69121  48.978  -24.234  35.230 0.0000000000
68097  49.143  -25.242  34.856 0.0000000000
67108  51.866  -26.256  36.006 0.0000000000
67107  52.467  -26.065  36.608 0.0000000000
68081  52.259  -25.381  36.268 0.0000000000
148940  53.077  -26.895  40.157 0.0000000000
67061  52.583  -26.871  38.804 0.0000000000
67050  53.339  -26.694  39.410 0.0000000000
138182  54.346  -25.374  39.832 0.0000000000
141872  54.609  -24.360  39.735 0.0000000000
68050  53.991  -24.450  39.129 0.0000000000
150901  55.591  -23.858  39.045 0.0000000000
56399  43.557  -36.821  42.324 0.0000000000
152309  43.772  -37.295  42.662 0.0000000000
77733  54.277  -15.424  26.178 0.0000000000
153744  54.418  -15.823  26.697 0.0000000000
75830  55.835  -17.305  28.628 0.0000000000
76743  55.814  -16.714  27.872 0.0000000000
75829  56.866  -17.286  28.594 0.0000000000
140566  10.312  -58.452  54.515 0.0000000000
31845  10.119  -58.649  56.121 0.0000000000
30676  8.927  -60.325  56.515 0.0000000000
30668  9.310  -59.544  57.085 0.0000000000
30669  8.778  -60.091  57.494 0.0000000000
145951  8.361  -60.013  58.174 0.0000000000
154689  8.415  -60.394  57.779 0.0000000000
28360  7.668  -61.889  55.513 0.0000000000
28353  7.838  -61.718  56.447 0.0000000000
28343  7.293  -61.898  57.143 0.0000000000
71918  45.939  -21.993  32.983 0.0000000000
70993  45.489  -22.373  33.325 0.0000000000
147926  44.623  -23.305  33.716 0.0000000000
145203  44.310  -22.871  33.352 0.0000000000
139027  46.155  -23.468  34.344 0.0000000000
67136  47.282  -26.061  34.552 0.0000000000
148815  48.521  -26.704  34.888 0.0000000000
67126  47.879  -26.873  34.783 0.0000000000
67139  44.129  -26.674  34.282 0.0000000000
67138  44.948  -26.415  34.395 0.0000000000
66169  45.498  -27.173  34.680 0.0000000000
65103  47.899  -28.179  36.346 0.0000000000
66141  48.629  -27.832  36.266 0.0000000000
66117  48.990  -27.984  37.201 0.0000000000
66097  49.880  -27.815  38.309 0.0000000000
66098  49.260  -28.003  37.902 0.0000000000
65030  49.364  -28.870  40.353 0.0000000000
135078  49.623  -28.432  39.887 0.0000000000
65014  50.493  -28.608  41.262 0.0000000000
65000  50.836  -28.813  42.039 0.0000000000
50600  36.468  -41.960  45.273 0.0000000000
50599  37.288  -42.030  45.332 0.0000000000
49661  37.222  -42.442  46.231 0.0000000000
134482  35.271  -42.955  48.051 0.0000000000
49646  35.518  -42.789  47.219 0.0000000000
49629  36.001  -43.171  47.944 0.0000000000
48585  38.371  -43.803  49.713 0.0000000000
48602  37.695  -43.279  48.367 0.0000000000
48601  38.383  -43.407  48.839 0.0000000000
49628  38.434  -42.928  48.101 0.0000000000
153205  39.952  -43.122  49.246 0.0000000000
149732  39.817  -43.504  49.689 0.0000000000
48525  40.979  -44.167  51.926 0.0000000000
48544  40.675  -43.861  51.009 0.0000000000
48524  41.915  -43.965  52.212 0.0000000000
48503  42.162  -44.184  53.031 0.0000000000
49539  33.242  -43.440  54.154 0.0000000000
145646  33.300  -43.226  53.548 0.0000000000
49538  33.889  -43.773  53.952 0.0000000000
48468  35.744  -44.624  54.860 0.0000000000
48487  34.678  -44.381  54.280 0.0000000000
48485  36.947  -44.593  54.634 0.0000000000
47346  39.834  -44.571  56.283 0.0000000000
47347  38.936  -44.525  56.284 0.0000000000
47365  39.316  -44.818  55.545 0.0000000000
47383  38.801  -44.867  54.801 0.0000000000
47382  39.662  -44.949  54.786 0.0000000000
136657  39.959  -44.917  54.173 0.0000000000
47381  40.521  -44.938  54.738 0.0000000000
47362  41.897  -44.637  54.956 0.0000000000
146161  43.241  -43.965  54.830 0.0000000000
137417  25.501  -45.766  62.946 0.0000000000
46147  24.937  -45.978  63.352 0.0000000000
43979  23.868  -47.573  61.375 0.0000000000
45132  24.043  -47.188  62.267 0.0000000000
43968  23.480  -47.970  61.983 0.0000000000
43957  23.015  -48.332  63.441 0.0000000000
42857  23.129  -48.538  62.518 0.0000000000
44033  23.808  -47.931  57.855 0.0000000000
44013  23.794  -48.105  58.761 0.0000000000
42900  23.402  -48.930  58.622 0.0000000000
41807  22.243  -50.011  59.662 0.0000000000
42882  23.019  -49.471  60.031 0.0000000000
41792  22.366  -49.981  60.654 0.0000000000
41778  22.387  -49.927  61.631 0.0000000000
41779  21.646  -50.416  61.199 0.0000000000
41780  20.858  -50.459  61.698 0.0000000000
130471  20.816  -50.518  60.784 0.0000000000
146572  19.197  -50.100  59.186 0.0000000000
136630  19.427  -50.189  59.960 0.0000000000
154269  18.820  -50.040  59.778 0.0000000000
41796  18.266  -50.252  60.031 0.0000000000
41809  18.430  -50.140  59.214 0.0000000000
43037  21.151  -48.621  51.700 0.0000000000
43036  21.806  -48.499  51.966 0.0000000000
43010  21.373  -48.696  52.522 0.0000000000
42961  21.451  -48.906  54.185 0.0000000000
42985  20.763  -48.887  53.290 0.0000000000
43039  18.737  -49.101  50.866 0.0000000000
42965  18.138  -49.635  53.468 0.0000000000
42987  18.553  -49.290  53.272 0.0000000000
42964  18.677  -49.318  54.076 0.0000000000
42963  19.566  -49.114  54.204 0.0000000000
42948  19.211  -49.300  54.870 0.0000000000
41877  19.029  -49.507  55.569 0.0000000000
132320  18.327  -49.742  55.743 0.0000000000
41879  16.832  -50.376  56.148 0.0000000000
41863  17.155  -50.253  57.048 0.0000000000
41847  17.187  -50.406  58.004 0.0000000000
40746  16.543  -50.617  57.620 0.0000000000
40732  15.987  -50.783  58.182 0.0000000000
40747  15.866  -50.862  57.360 0.0000000000
39716  15.508  -51.587  55.442 0.0000000000
39709  15.335  -51.390  56.253 0.0000000000
39717  14.933  -51.990  55.917 0.0000000000
38694  14.310  -52.345  56.419 0.0000000000
38706  14.497  -52.658  55.577 0.0000000000
39744  15.880  -51.703  51.783 0.0000000000
38729  14.202  -53.453  53.088 0.0000000000
38728  14.817  -52.942  53.694 0.0000000000
38718  14.187  -53.463  54.141 0.0000000000
38707  13.915  -53.382  55.191 0.0000000000
37572  13.204  -53.956  55.288 0.0000000000
36445  13.082  -54.449  54.648 0.0000000000
35323  12.595  -55.335  53.781 0.0000000000
35312  12.662  -55.180  54.669 0.0000000000
146652  12.300  -55.759  54.249 0.0000000000
35324  12.173  -55.999  53.460 0.0000000000
34177  11.639  -56.704  53.179 0.0000000000
33081  10.997  -57.229  52.783 0.0000000000
150924  10.669  -57.757  53.133 0.0000000000
52709  32.002  -38.676  48.360 0.0000000000
53953  32.153  -39.238  49.303 0.0000000000
51496  32.395  -40.124  49.587 0.0000000000
52693  31.678  -38.954  49.933 0.0000000000
55154  29.746  -37.874  48.596 0.0000000000
53956  29.868  -38.532  49.031 0.0000000000
51476  30.707  -40.811  50.481 0.0000000000
52654  30.704  -40.051  50.157 0.0000000000
52653  30.903  -40.311  50.367 0.0000000000
139421  31.501  -40.146  50.259 0.0000000000
52635  31.697  -41.192  50.936 0.0000000000
51450  31.830  -41.939  52.364 0.0000000000
50497  31.696  -42.146  52.368 0.0000000000
48489  30.034  -43.660  54.033 0.0000000000
48507  30.867  -43.067  53.468 0.0000000000
47384  29.533  -44.061  54.728 0.0000000000
47369  29.657  -44.300  55.335 0.0000000000
128775  29.114  -44.606  55.814 0.0000000000
129727  27.190  -45.014  53.430 0.0000000000
47386  27.713  -44.847  54.140 0.0000000000
47370  27.193  -45.221  54.920 0.0000000000
46232  27.397  -45.309  57.279 0.0000000000
46244  27.521  -45.184  56.380 0.0000000000
132987  27.973  -44.992  57.898 0.0000000000
47324  27.820  -45.094  58.764 0.0000000000
47309  28.427  -45.044  59.312 0.0000000000
47310  27.688  -45.158  59.569 0.0000000000
46174  25.726  -45.773  61.305 0.0000000000
46189  26.395  -45.555  60.848 0.0000000000
46157  25.770  -45.673  62.205 0.0000000000
47237  26.175  -45.411  63.062 0.0000000000
133187  23.841  -46.638  65.543 0.0000000000
40689  14.759  -51.178  62.877 0.0000000000
40679  15.408  -50.972  63.293 0.0000000000
40680  14.622  -51.047  63.828 0.0000000000
33048  10.266  -58.394  57.011 0.0000000000
33041  10.198  -58.083  57.845 0.0000000000
31837  9.653  -58.344  58.326 0.0000000000
31821  7.221  -58.098  60.823 0.0000000000
33026  8.675  -57.813  59.782 0.0000000000
33018  8.032  -57.445  60.677 0.0000000000
34131  8.041  -56.801  61.274 0.0000000000
33014  7.801  -57.488  61.950 0.0000000000
77655  63.716  -14.474  33.724 0.0000000000
153812  64.365  -13.754  33.744 0.0000000000
78677  64.291  -13.810  34.543 0.0000000000
77630  64.322  -14.849  37.045 0.0000000000
140808  59.424  -18.417  31.789 0.0000000000
74815  60.330  -18.097  32.798 0.0000000000
74807  60.076  -18.308  33.308 0.0000000000
75735  60.373  -17.345  36.328 0.0000000000
142625  60.637  -17.466  35.479 0.0000000000
75734  61.065  -16.887  36.101 0.0000000000
76664  61.379  -16.069  36.762 0.0000000000
76656  61.161  -15.897  37.708 0.0000000000
75713  58.190  -17.249  39.387 0.0000000000
75712  58.812  -17.204  38.690 0.0000000000
76630  59.123  -16.716  39.939 0.0000000000
139992  60.912  -16.700  40.248 0.0000000000
75688  61.869  -17.078  39.891 0.0000000000
77609  61.738  -15.598  39.313 0.0000000000
76639  62.331  -16.584  39.520 0.0000000000
75701  62.295  -16.814  39.470 0.0000000000
72954  49.263  -21.340  30.540 0.0000000000
73877  49.848  -20.635  30.272 0.0000000000
71966  50.140  -21.348  30.699 0.0000000000
71947  51.514  -21.670  31.257 0.0000000000
71930  51.339  -22.094  32.126 0.0000000000
71915  49.160  -21.633  33.619 0.0000000000
71914  50.010  -21.515  33.371 0.0000000000
148551  51.374  -20.575  35.108 0.0000000000
72896  51.770  -21.191  34.327 0.0000000000
71912  52.132  -21.851  33.515 0.0000000000
72895  52.242  -20.625  34.786 0.0000000000
72894  53.104  -20.710  34.514 0.0000000000
73829  52.694  -20.149  35.260 0.0000000000
73791  52.471  -19.519  37.729 0.0000000000
131951  52.838  -18.968  37.529 0.0000000000
73790  53.101  -19.231  38.377 0.0000000000
74753  53.657  -18.907  39.047 0.0000000000
73769  53.813  -20.240  40.658 0.0000000000
70054  49.472  -23.478  35.682 0.0000000000
70020  52.027  -23.375  37.467 0.0000000000
70956  51.247  -22.699  37.020 0.0000000000
70942  51.191  -21.905  37.059 0.0000000000
70941  51.719  -22.740  37.971 0.0000000000
154621  54.249  -22.961  38.361 0.0000000000
70940  54.096  -23.428  39.387 0.0000000000
70927  53.527  -23.181  40.370 0.0000000000
71849  52.876  -22.869  40.729 0.0000000000
70926  53.766  -22.752  40.934 0.0000000000
62760  44.042  -30.199  37.527 0.0000000000
63897  44.227  -29.698  37.041 0.0000000000
63912  44.806  -29.298  36.772 0.0000000000
63896  44.844  -29.826  37.581 0.0000000000
153401  45.120  -31.774  40.783 0.0000000000
61611  44.793  -31.602  40.159 0.0000000000
61610  45.496  -31.279  40.345 0.0000000000
62683  46.889  -30.729  40.933 0.0000000000
62703  46.631  -30.368  40.095 0.0000000000
62721  46.651  -29.860  39.319 0.0000000000
62702  47.430  -30.173  40.506 0.0000000000
63846  47.897  -29.686  40.195 0.0000000000
62701  48.132  -29.969  40.812 0.0000000000
62646  50.435  -30.395  43.523 0.0000000000
62662  50.073  -30.034  42.863 0.0000000000
63805  50.779  -29.741  43.165 0.0000000000
63804  51.515  -29.464  43.467 0.0000000000
63793  51.835  -29.801  44.184 0.0000000000
50563  42.601  -41.599  47.415 0.0000000000
50580  41.490  -41.445  46.418 0.0000000000
50579  42.295  -41.322  46.656 0.0000000000
51550  43.201  -40.268  45.640 0.0000000000
51551  42.415  -40.448  45.459 0.0000000000
51565  42.858  -39.856  44.954 0.0000000000
52767  42.569  -39.643  44.143 0.0000000000
52766  43.409  -39.508  44.284 0.0000000000
54024  45.696  -38.901  44.987 0.0000000000
54048  44.703  -38.703  44.013 0.0000000000
54047  45.459  -38.520  44.297 0.0000000000
55225  45.804  -37.786  44.177 0.0000000000
49551  46.722  -42.758  53.470 0.0000000000
49565  46.675  -43.101  52.554 0.0000000000
129184  47.526  -42.545  52.800 0.0000000000
50506  48.079  -42.328  51.392 0.0000000000
50518  47.923  -42.148  50.487 0.0000000000
50530  47.662  -41.809  49.662 0.0000000000
50529  48.434  -41.480  50.026 0.0000000000
52700  49.448  -39.446  48.658 0.0000000000
52683  49.724  -39.636  49.474 0.0000000000
52701  48.748  -39.847  48.391 0.0000000000
130182  48.552  -40.444  48.869 0.0000000000
52719  48.231  -39.466  47.694 0.0000000000
52720  47.387  -39.789  47.404 0.0000000000
53983  48.588  -38.732  47.229 0.0000000000
55177  48.484  -37.422  46.160 0.0000000000
55201  47.768  -37.981  45.782 0.0000000000
142281  47.845  -37.254  45.564 0.0000000000
56366  46.834  -36.820  44.668 0.0000000000
56365  47.515  -36.664  45.150 0.0000000000
57368  47.834  -35.816  45.178 0.0000000000
58371  49.522  -34.942  46.195 0.0000000000
58388  48.993  -34.866  45.697 0.0000000000
58387  49.568  -34.228  45.984 0.0000000000
59428  50.380  -33.811  46.395 0.0000000000
58345  52.348  -35.160  48.334 0.0000000000
59414  51.791  -33.381  47.129 0.0000000000
60458  51.559  -32.657  46.565 0.0000000000
60459  50.631  -32.898  46.192 0.0000000000
60467  51.019  -32.148  45.965 0.0000000000
61535  50.732  -31.806  45.224 0.0000000000
61525  51.830  -31.873  46.197 0.0000000000
82883  58.330  -10.805  20.234 0.0000000000
143597  55.258  -13.611  24.171 0.0000000000
79849  55.776  -13.492  23.829 0.0000000000
80925  57.947  -12.619  20.944 0.0000000000
80941  58.397  -12.228  20.194 0.0000000000
79907  58.796  -12.798  20.764 0.0000000000
79906  59.637  -12.957  20.678 0.0000000000
79888  59.390  -13.253  21.455 0.0000000000
144618  60.404  -13.942  23.314 0.0000000000
148964  61.105  -13.887  23.060 0.0000000000
79869  61.922  -13.803  22.708 0.0000000000
79856  61.850  -14.026  23.538 0.0000000000
78780  60.995  -14.881  26.146 0.0000000000
78779  61.775  -14.795  26.291 0.0000000000
78777  63.334  -14.563  26.818 0.0000000000
78790  62.381  -14.573  25.707 0.0000000000
79836  63.013  -14.329  25.069 0.0000000000
79827  64.018  -14.093  26.301 0.0000000000
79819  64.797  -13.601  27.625 0.0000000000
79811  65.485  -12.834  29.051 0.0000000000
82949  62.058  -10.459  16.449 0.0000000000
143251  62.484  -9.754  16.058 0.0000000000
147280  64.955  -12.329  21.460 0.0000000000
47235  27.652  -44.904  64.125 0.0000000000
35303  12.169  -55.865  55.829 0.0000000000
35293  12.027  -55.743  56.723 0.0000000000
34141  11.517  -56.277  57.246 0.0000000000
66055  52.685  -27.411  41.462 0.0000000000
66044  52.881  -27.613  42.332 0.0000000000
51495  32.863  -40.791  49.307 0.0000000000
150882  33.528  -42.918  51.439 0.0000000000
49580  34.038  -43.459  51.920 0.0000000000
45214  24.434  -46.478  53.487 0.0000000000
45198  23.939  -47.030  54.872 0.0000000000
44100  23.240  -47.329  52.646 0.0000000000
47447  25.936  -44.761  50.049 0.0000000000
47436  26.068  -44.981  50.989 0.0000000000
46294  25.705  -45.377  51.783 0.0000000000
46287  24.944  -45.919  53.130 0.0000000000
41767  18.650  -49.920  62.357 0.0000000000
41752  18.651  -49.929  63.222 0.0000000000
41768  17.963  -49.937  62.823 0.0000000000
41753  17.530  -50.214  63.338 0.0000000000
41742  17.062  -50.784  63.683 0.0000000000
76715  61.082  -16.753  29.899 0.0000000000
148510  61.776  -16.842  31.386 0.0000000000
154406  61.361  -17.269  32.275 0.0000000000
75772  60.928  -17.605  32.629 0.0000000000
75716  55.751  -17.892  39.708 0.0000000000
75705  56.429  -17.774  40.177 0.0000000000
75694  56.415  -17.989  40.817 0.0000000000
73751  56.953  -19.364  40.955 0.0000000000
71917  46.796  -21.961  33.140 0.0000000000
129468  47.506  -21.925  33.460 0.0000000000
71901  47.542  -21.833  33.931 0.0000000000
70971  48.001  -21.779  35.569 0.0000000000
59475  44.036  -33.915  41.914 0.0000000000
59474  44.743  -33.610  42.230 0.0000000000
59465  45.205  -33.928  42.575 0.0000000000
59464  45.818  -33.906  43.032 0.0000000000
58403  46.494  -34.518  44.020 0.0000000000
48564  43.045  -43.291  50.964 0.0000000000
49595  42.755  -42.924  50.079 0.0000000000
152553  43.757  -43.234  51.196 0.0000000000
49579  44.580  -43.073  51.025 0.0000000000
49578  45.630  -43.322  51.150 0.0000000000
76757  57.450  -16.353  27.320 0.0000000000
77715  58.315  -16.018  27.176 0.0000000000
76756  59.056  -16.263  27.635 0.0000000000
77713  59.773  -15.847  27.433 0.0000000000
76755  59.768  -16.299  28.120 0.0000000000
76726  60.693  -16.529  29.141 0.0000000000
80974  60.540  -12.128  18.338 0.0000000000
80956  61.029  -12.572  18.935 0.0000000000
80938  60.800  -12.796  19.841 0.0000000000
79905  60.517  -13.077  20.643 0.0000000000
48454  31.432  -44.065  55.699 0.0000000000
48470  31.853  -43.542  55.079 0.0000000000
48453  31.962  -44.089  56.118 0.0000000000
48434  32.175  -44.230  56.877 0.0000000000
48414  32.006  -44.431  57.913 0.0000000000
39700  14.071  -51.981  58.141 0.0000000000
39690  13.981  -51.904  59.024 0.0000000000
38657  13.469  -52.259  59.342 0.0000000000
38644  12.563  -52.616  60.588 0.0000000000
36380  10.763  -54.099  61.344 0.0000000000
151438  55.841  -17.762  29.214 0.0000000000
148425  55.794  -18.267  29.833 0.0000000000
73873  55.707  -19.026  30.691 0.0000000000
151742  54.680  -20.499  31.280 0.0000000000
72922  54.844  -21.271  32.105 0.0000000000
153584  55.357  -21.218  33.124 0.0000000000
145195  55.575  -20.641  34.231 0.0000000000
73814  55.724  -19.564  35.653 0.0000000000
144150  55.045  -19.970  34.999 0.0000000000
73815  54.034  -19.679  35.684 0.0000000000
145021  49.777  -26.093  34.994 0.0000000000
67124  50.492  -26.603  35.445 0.0000000000
67048  54.571  -26.026  40.535 0.0000000000
146057  55.213  -16.862  28.223 0.0000000000
31855  9.782  -59.051  54.218 0.0000000000
30682  9.473  -59.606  54.833 0.0000000000
69138  45.831  -24.497  34.265 0.0000000000
137252  46.607  -26.406  34.496 0.0000000000
66161  46.004  -27.797  35.116 0.0000000000
65116  46.386  -28.295  35.676 0.0000000000
134114  47.337  -28.520  36.738 0.0000000000
65065  48.649  -28.357  37.956 0.0000000000
49674  35.816  -42.144  45.719 0.0000000000
137936  36.378  -43.804  49.900 0.0000000000
48587  36.758  -43.720  49.283 0.0000000000
48570  37.103  -43.937  50.037 0.0000000000
152044  37.709  -43.880  49.854 0.0000000000
48568  39.221  -43.837  50.159 0.0000000000
47430  40.021  -44.429  51.746 0.0000000000
47414  40.417  -44.618  52.549 0.0000000000
133749  33.948  -44.072  55.568 0.0000000000
49528  33.967  -44.033  54.804 0.0000000000
48451  34.700  -44.345  55.690 0.0000000000
48450  35.742  -44.430  55.730 0.0000000000
134989  36.891  -44.177  56.084 0.0000000000
48446  40.352  -44.014  57.080 0.0000000000
47345  40.790  -44.467  56.291 0.0000000000
46175  25.090  -46.032  60.933 0.0000000000
45140  24.634  -46.515  62.014 0.0000000000
147795  24.756  -46.436  61.337 0.0000000000
154564  24.176  -47.257  60.839 0.0000000000
43990  23.818  -47.819  60.608 0.0000000000
42920  22.979  -49.184  57.012 0.0000000000
42901  23.092  -49.262  57.940 0.0000000000
41821  22.394  -49.768  58.151 0.0000000000
131846  22.104  -49.960  58.850 0.0000000000
41808  21.288  -50.297  59.245 0.0000000000
135076  20.781  -50.489  59.987 0.0000000000
41824  19.673  -49.984  58.500 0.0000000000
128918  19.343  -49.874  57.693 0.0000000000
43038  20.297  -48.703  51.418 0.0000000000
43040  17.941  -49.501  51.558 0.0000000000
43013  18.260  -49.168  51.866 0.0000000000
43014  17.978  -49.539  52.257 0.0000000000
41902  17.978  -49.794  54.275 0.0000000000
41878  17.733  -49.882  55.115 0.0000000000
144002  17.314  -50.083  54.432 0.0000000000
41903  17.047  -50.143  55.301 0.0000000000
40783  16.519  -50.701  55.482 0.0000000000
138157  16.293  -50.749  56.155 0.0000000000
40784  16.158  -51.229  54.993 0.0000000000
39722  15.649  -51.738  54.559 0.0000000000
37585  13.796  -53.903  53.718 0.0000000000
36444  13.329  -54.354  53.876 0.0000000000
36461  12.895  -54.822  52.429 0.0000000000
53992  31.530  -37.933  47.889 0.0000000000
53974  31.421  -37.937  48.646 0.0000000000
51498  29.090  -40.702  48.792 0.0000000000
51497  29.683  -39.923  49.280 0.0000000000
50521  30.025  -41.416  50.330 0.0000000000
50509  30.720  -41.647  51.012 0.0000000000
49568  30.832  -42.457  52.071 0.0000000000
49569  30.459  -42.688  52.127 0.0000000000
48490  29.347  -43.889  53.631 0.0000000000
46258  26.090  -45.910  55.948 0.0000000000
46257  26.929  -45.431  55.769 0.0000000000
46233  26.625  -45.653  57.538 0.0000000000
46218  26.647  -45.620  58.728 0.0000000000
46206  26.482  -45.642  59.355 0.0000000000
46190  25.709  -45.838  60.486 0.0000000000
33033  9.178  -58.113  58.968 0.0000000000
31830  8.252  -58.580  59.367 0.0000000000
77638  63.361  -14.403  35.625 0.0000000000
78662  64.171  -13.869  35.558 0.0000000000
78663  63.774  -14.019  36.444 0.0000000000
78651  63.930  -14.205  36.969 0.0000000000
152780  63.666  -15.914  37.939 0.0000000000
76655  63.607  -16.324  37.540 0.0000000000
74799  59.491  -18.649  34.253 0.0000000000
134781  60.098  -18.261  34.052 0.0000000000
74789  59.681  -18.365  34.844 0.0000000000
75747  59.892  -17.940  35.660 0.0000000000
75724  60.041  -17.206  37.260 0.0000000000
149431  59.959  -17.932  41.128 0.0000000000
76629  59.626  -16.873  40.627 0.0000000000
154879  49.710  -21.747  31.053 0.0000000000
72898  49.588  -20.903  34.924 0.0000000000
72897  50.408  -20.673  35.337 0.0000000000
73805  51.606  -19.926  36.548 0.0000000000
73783  52.972  -20.237  38.824 0.0000000000
69118  51.909  -24.604  35.892 0.0000000000
70052  51.427  -23.815  35.831 0.0000000000
70037  52.112  -23.934  36.481 0.0000000000
62761  43.399  -30.561  37.497 0.0000000000
62744  43.824  -30.661  37.960 0.0000000000
61585  46.623  -31.741  41.936 0.0000000000
61596  46.405  -31.374  41.349 0.0000000000
61584  47.221  -31.727  42.397 0.0000000000
62665  47.851  -30.996  42.105 0.0000000000
62664  48.669  -30.641  42.317 0.0000000000
62681  48.366  -30.316  41.553 0.0000000000
61582  49.050  -30.947  43.001 0.0000000000
62647  49.731  -30.660  43.252 0.0000000000
62630  50.762  -30.740  44.205 0.0000000000
50561  44.271  -41.482  47.759 0.0000000000
50578  43.121  -41.171  46.853 0.0000000000
51523  44.058  -41.071  46.999 0.0000000000
51549  43.992  -40.127  45.770 0.0000000000
52753  44.571  -39.719  45.258 0.0000000000
52738  45.130  -39.823  45.956 0.0000000000
52752  45.852  -39.338  45.645 0.0000000000
52751  46.426  -39.215  45.987 0.0000000000
50493  48.426  -41.845  53.143 0.0000000000
50505  48.637  -41.809  52.056 0.0000000000
51471  49.158  -41.146  51.757 0.0000000000
53964  49.729  -38.759  48.200 0.0000000000
53982  49.337  -38.440  47.496 0.0000000000
55176  49.366  -37.287  46.678 0.0000000000
56346  49.004  -36.449  46.224 0.0000000000
131602  49.614  -36.059  46.494 0.0000000000
57347  49.853  -35.445  46.552 0.0000000000
57346  50.525  -35.304  46.942 0.0000000000
79848  56.527  -13.786  23.899 0.0000000000
79847  57.411  -13.986  23.913 0.0000000000
79873  58.184  -13.475  22.251 0.0000000000
79872  59.081  -13.506  22.190 0.0000000000
79871  60.000  -13.577  22.147 0.0000000000
79858  59.655  -13.804  22.950 0.0000000000
79844  60.945  -14.179  23.909 0.0000000000
77711  62.024  -15.315  27.893 0.0000000000
78771  61.908  -14.953  27.091 0.0000000000
78763  62.814  -15.074  28.208 0.0000000000
78769  63.429  -14.668  27.691 0.0000000000
78768  64.116  -14.209  28.085 0.0000000000
128524  64.079  -10.586  16.891 0.0000000000
81961  65.224  -10.070  17.712 0.0000000000
80910  64.085  -12.918  21.815 0.0000000000
80891  66.421  -13.023  24.159 0.0000000000
129130  29.246  -45.102  59.045 0.0000000000
129429  30.077  -45.222  58.793 0.0000000000
47308  29.900  -45.194  59.575 0.0000000000
47291  29.838  -45.000  60.538 0.0000000000
136598  29.230  -44.849  62.395 0.0000000000
132082  12.702  -53.846  57.245 0.0000000000
137978  12.516  -53.702  58.070 0.0000000000
36408  11.489  -54.898  59.029 0.0000000000
35282  11.398  -55.512  58.521 0.0000000000
36399  11.122  -54.879  59.728 0.0000000000
35271  10.597  -55.273  60.264 0.0000000000
35266  9.381  -55.380  61.774 0.0000000000
35267  8.736  -55.919  62.226 0.0000000000
138845  52.722  -19.769  30.360 0.0000000000
153169  52.827  -20.532  30.752 0.0000000000
71946  52.965  -21.833  31.684 0.0000000000
66096  50.806  -27.579  38.326 0.0000000000
66114  51.433  -27.298  37.605 0.0000000000
66079  52.411  -27.013  39.783 0.0000000000
66066  53.306  -26.981  40.833 0.0000000000
66054  53.781  -27.134  41.752 0.0000000000
67039  54.640  -26.491  41.313 0.0000000000
29532  8.489  -60.712  54.548 0.0000000000
28354  7.286  -62.358  56.225 0.0000000000
28361  7.019  -62.413  55.146 0.0000000000
27167  6.582  -62.894  55.966 0.0000000000
27161  5.317  -63.280  57.914 0.0000000000
128117  45.104  -28.494  35.666 0.0000000000
65106  45.687  -28.792  36.390 0.0000000000
153490  45.980  -29.099  37.277 0.0000000000
49647  34.677  -42.627  47.699 0.0000000000
49615  34.168  -42.914  49.728 0.0000000000
49614  35.140  -43.312  49.526 0.0000000000
48571  36.355  -43.951  50.612 0.0000000000
48548  36.244  -44.207  51.587 0.0000000000
149880  24.740  -46.847  57.839 0.0000000000
44032  24.280  -47.385  57.448 0.0000000000
136686  23.641  -47.767  56.188 0.0000000000
42930  23.306  -48.447  56.596 0.0000000000
42931  22.816  -49.036  56.169 0.0000000000
42932  22.141  -49.217  55.842 0.0000000000
41875  21.310  -49.483  55.930 0.0000000000
41946  17.517  -49.986  51.109 0.0000000000
40822  17.073  -50.566  51.941 0.0000000000
40816  16.413  -51.198  52.372 0.0000000000
48589  28.165  -42.969  49.071 0.0000000000
130278  28.494  -43.014  49.732 0.0000000000
152367  28.139  -43.975  51.212 0.0000000000
47433  28.356  -44.035  51.761 0.0000000000
47434  27.656  -44.575  51.994 0.0000000000
47418  27.476  -44.808  52.738 0.0000000000
47387  26.906  -45.262  54.137 0.0000000000
46285  26.366  -45.307  52.431 0.0000000000
46267  26.232  -45.684  54.319 0.0000000000
45186  25.407  -46.454  56.512 0.0000000000
77676  63.285  -15.296  30.647 0.0000000000
78727  63.875  -14.484  31.753 0.0000000000
150389  63.453  -15.124  31.330 0.0000000000
77664  63.398  -15.181  32.051 0.0000000000
134672  63.293  -15.241  32.937 0.0000000000
76694  62.231  -16.496  32.538 0.0000000000
135882  62.717  -15.972  33.100 0.0000000000
77656  63.104  -15.340  33.822 0.0000000000
77648  62.859  -15.456  34.757 0.0000000000
77631  62.647  -14.935  36.522 0.0000000000
77623  62.503  -14.846  37.378 0.0000000000
140522  57.565  -18.622  36.635 0.0000000000
135397  58.701  -18.067  36.918 0.0000000000
75727  57.910  -17.765  38.275 0.0000000000
75703  58.384  -17.049  40.195 0.0000000000
75693  57.136  -17.786  40.562 0.0000000000
129850  58.101  -17.545  40.590 0.0000000000
74703  59.264  -18.105  41.100 0.0000000000
143638  47.624  -21.906  32.383 0.0000000000
132169  48.384  -21.929  32.866 0.0000000000
130777  48.524  -21.688  33.734 0.0000000000
72900  48.095  -21.606  34.050 0.0000000000
72899  48.884  -21.223  34.414 0.0000000000
72875  49.716  -20.767  36.244 0.0000000000
72874  50.294  -20.648  36.580 0.0000000000
69089  55.325  -24.070  38.293 0.0000000000
69091  54.270  -23.681  38.947 0.0000000000
130149  42.721  -31.833  39.092 0.0000000000
133044  43.596  -31.664  39.246 0.0000000000
60535  44.494  -32.339  40.860 0.0000000000
151154  45.177  -32.187  41.378 0.0000000000
60507  44.944  -33.047  42.212 0.0000000000
60506  45.764  -32.892  42.413 0.0000000000
60505  46.517  -32.357  42.417 0.0000000000
60504  47.111  -32.447  43.021 0.0000000000
60495  47.732  -32.481  43.545 0.0000000000
60485  48.647  -32.683  44.374 0.0000000000
49641  40.374  -42.300  47.491 0.0000000000
50565  40.922  -41.835  46.991 0.0000000000
49640  41.197  -42.276  47.866 0.0000000000
49639  42.095  -42.095  47.991 0.0000000000
50550  42.931  -41.902  48.126 0.0000000000
144380  43.616  -42.559  49.561 0.0000000000
49625  43.238  -42.256  48.800 0.0000000000
50549  43.737  -41.839  48.280 0.0000000000
50548  44.631  -41.839  48.556 0.0000000000
50547  45.691  -41.602  48.547 0.0000000000
51507  46.379  -41.056  48.210 0.0000000000
130988  55.463  -14.578  25.178 0.0000000000
78797  56.381  -14.655  25.136 0.0000000000
78796  57.272  -14.843  25.156 0.0000000000
78795  58.143  -14.900  25.205 0.0000000000
78807  58.630  -14.545  24.640 0.0000000000
78806  59.460  -14.535  24.658 0.0000000000
78793  59.825  -14.799  25.373 0.0000000000
78781  60.197  -15.002  26.108 0.0000000000
77727  60.651  -15.206  26.754 0.0000000000
77704  60.475  -15.882  27.872 0.0000000000
77712  61.160  -15.407  27.454 0.0000000000
77703  62.287  -15.574  28.711 0.0000000000
82932  61.387  -10.280  16.892 0.0000000000
81979  62.503  -11.100  16.590 0.0000000000
81964  62.319  -11.626  17.017 0.0000000000
81963  63.228  -11.476  16.955 0.0000000000
81948  64.207  -11.484  18.598 0.0000000000
81931  65.182  -11.433  20.114 0.0000000000
80953  64.219  -12.202  20.219 0.0000000000
147016  63.248  -13.352  21.788 0.0000000000
79868  63.567  -13.369  22.289 0.0000000000
143072  63.495  -13.574  22.885 0.0000000000
50496  32.313  -42.267  52.515 0.0000000000
50495  32.867  -42.438  52.217 0.0000000000
50483  32.692  -42.544  53.032 0.0000000000
49554  32.963  -43.073  53.779 0.0000000000
49540  33.057  -43.286  54.104 0.0000000000
49519  32.599  -43.758  55.414 0.0000000000
132105  33.261  -43.849  55.344 0.0000000000
134217  33.352  -43.931  55.434 0.0000000000
49516  34.026  -43.923  56.481 0.0000000000
49502  34.478  -43.579  57.744 0.0000000000
47306  31.304  -44.927  59.363 0.0000000000
47305  32.110  -44.389  58.979 0.0000000000
48395  32.765  -43.819  59.218 0.0000000000
48377  32.700  -43.785  60.122 0.0000000000
48412  33.318  -43.525  58.712 0.0000000000
45240  23.392  -46.408  50.583 0.0000000000
137459  16.129  -50.823  59.955 0.0000000000
40707  15.911  -50.905  60.771 0.0000000000
134251  15.405  -51.008  60.155 0.0000000000
40708  15.082  -51.196  60.963 0.0000000000
39652  14.153  -51.510  62.374 0.0000000000
39670  13.634  -51.904  60.618 0.0000000000
137667  13.562  -51.802  61.973 0.0000000000
39653  13.420  -51.787  62.829 0.0000000000
39649  12.907  -51.977  63.624 0.0000000000
37537  12.295  -53.416  59.097 0.0000000000
38645  11.880  -53.025  60.772 0.0000000000
37520  11.236  -53.458  61.536 0.0000000000
38632  11.706  -52.898  61.814 0.0000000000
75806  58.526  -17.595  29.558 0.0000000000
153532  59.374  -17.867  30.571 0.0000000000
75794  58.748  -17.978  30.319 0.0000000000
74827  58.686  -18.717  31.625 0.0000000000
73871  57.338  -18.762  30.763 0.0000000000
73845  58.708  -19.264  32.763 0.0000000000
73838  58.513  -19.457  33.411 0.0000000000
73823  58.439  -19.414  34.264 0.0000000000
73811  58.189  -19.225  35.090 0.0000000000
135477  54.138  -18.528  30.140 0.0000000000
74839  54.917  -18.782  30.361 0.0000000000
132220  55.810  -19.774  31.380 0.0000000000
136006  55.212  -20.661  31.643 0.0000000000
72931  56.046  -20.401  32.052 0.0000000000
73847  56.813  -20.072  32.237 0.0000000000
72890  57.213  -20.114  33.789 0.0000000000
73824  57.674  -19.690  34.490 0.0000000000
74792  57.850  -18.903  35.860 0.0000000000
74778  56.763  -18.749  36.842 0.0000000000
74764  56.444  -18.520  37.710 0.0000000000
74779  55.909  -18.816  37.039 0.0000000000
74750  56.057  -18.207  38.648 0.0000000000
74738  54.983  -18.304  40.320 0.0000000000
74724  54.496  -19.096  40.754 0.0000000000
69122  47.946  -23.639  35.032 0.0000000000
70056  47.374  -22.822  34.916 0.0000000000
69120  49.968  -24.276  35.111 0.0000000000
68096  50.715  -25.692  35.160 0.0000000000
69119  50.983  -24.604  35.199 0.0000000000
68066  52.870  -25.281  37.338 0.0000000000
67074  52.253  -26.840  37.835 0.0000000000
67073  53.156  -26.331  38.101 0.0000000000
69077  53.913  -24.134  38.860 0.0000000000
57410  43.314  -35.469  41.626 0.0000000000
57397  44.110  -36.032  42.657 0.0000000000
56388  44.843  -36.421  43.194 0.0000000000
48481  45.140  -43.425  54.085 0.0000000000
48499  45.279  -43.514  53.309 0.0000000000
49536  46.775  -42.485  54.561 0.0000000000
77716  55.730  -16.145  27.132 0.0000000000
77717  54.813  -16.079  27.129 0.0000000000
76758  56.549  -16.536  27.508 0.0000000000
76741  57.177  -16.812  27.982 0.0000000000
135766  57.654  -17.125  28.508 0.0000000000
82898  59.283  -10.635  19.154 0.0000000000
82899  58.698  -11.109  19.606 0.0000000000
33056  11.032  -57.603  55.559 0.0000000000
31842  9.666  -58.842  57.672 0.0000000000
130258  8.312  -59.343  58.725 0.0000000000
30659  6.893  -59.522  59.638 0.0000000000
29513  8.367  -61.119  56.545 0.0000000000
29496  7.889  -60.675  58.031 0.0000000000
29497  6.919  -60.651  58.606 0.0000000000
30660  6.503  -59.991  59.828 0.0000000000
71934  46.492  -21.696  32.624 0.0000000000
71903  46.352  -22.247  33.391 0.0000000000
70985  46.587  -22.424  33.931 0.0000000000
70071  46.465  -22.790  34.357 0.0000000000
70070  46.978  -23.413  34.589 0.0000000000
69136  47.455  -24.433  34.644 0.0000000000
68112  47.787  -25.345  34.634 0.0000000000
149386  47.091  -25.129  34.555 0.0000000000
67134  48.877  -26.122  34.810 0.0000000000
67125  49.159  -26.811  35.099 0.0000000000
66140  49.552  -27.650  36.495 0.0000000000
68115  44.725  -25.638  34.169 0.0000000000
67137  45.879  -26.352  34.421 0.0000000000
66160  46.826  -27.710  35.180 0.0000000000
66159  47.611  -27.519  35.260 0.0000000000
66158  48.473  -27.346  35.326 0.0000000000
66082  50.366  -27.781  39.095 0.0000000000
65047  50.147  -27.993  39.818 0.0000000000
66057  50.934  -27.997  40.715 0.0000000000
65013  51.309  -28.285  41.566 0.0000000000
64990  52.585  -28.478  43.479 0.0000000000
128188  38.197  -41.673  45.077 0.0000000000
134967  38.170  -42.173  45.992 0.0000000000
49663  35.449  -42.456  46.418 0.0000000000
49662  36.288  -42.586  46.522 0.0000000000
48603  37.078  -43.510  48.660 0.0000000000
139137  36.912  -43.154  47.925 0.0000000000
131915  37.079  -42.738  47.066 0.0000000000
49644  37.888  -42.532  46.783 0.0000000000
49643  38.643  -42.534  47.257 0.0000000000
149628  39.890  -42.525  47.920 0.0000000000
129396  40.459  -42.541  48.238 0.0000000000
48567  40.135  -43.690  50.244 0.0000000000
147405  41.461  -43.590  50.646 0.0000000000
48565  42.221  -43.468  50.745 0.0000000000
48542  42.511  -43.665  51.602 0.0000000000
48523  42.892  -43.795  52.513 0.0000000000
48501  43.706  -43.718  53.123 0.0000000000
50494  33.044  -42.652  52.470 0.0000000000
49567  33.523  -43.177  52.781 0.0000000000
49566  34.455  -43.845  52.658 0.0000000000
145770  34.276  -44.030  53.783 0.0000000000
48506  34.906  -44.307  53.391 0.0000000000
48528  35.570  -44.230  52.507 0.0000000000
48505  36.248  -44.419  53.148 0.0000000000
47400  37.218  -44.646  52.817 0.0000000000
145859  38.115  -44.875  53.355 0.0000000000
48449  37.207  -43.911  56.839 0.0000000000
48466  37.941  -44.200  56.371 0.0000000000
48467  37.432  -44.588  55.524 0.0000000000
47367  37.940  -44.752  54.803 0.0000000000
134254  38.337  -44.868  54.199 0.0000000000
143998  39.041  -44.938  53.118 0.0000000000
47399  39.914  -44.840  53.343 0.0000000000
149425  40.770  -44.694  53.228 0.0000000000
47363  41.255  -44.729  55.424 0.0000000000
47380  41.338  -44.791  54.501 0.0000000000
47397  41.548  -44.599  53.604 0.0000000000
48484  42.796  -44.129  54.217 0.0000000000
48483  43.671  -43.801  54.138 0.0000000000
48482  44.604  -43.545  54.592 0.0000000000
46137  25.740  -45.713  64.688 0.0000000000
45113  24.379  -46.257  64.966 0.0000000000
45114  23.832  -46.800  64.455 0.0000000000
45131  24.498  -46.487  62.892 0.0000000000
45124  23.944  -47.018  63.372 0.0000000000
43956  23.408  -47.523  63.928 0.0000000000
41749  22.161  -49.656  63.472 0.0000000000
44000  23.812  -47.954  59.754 0.0000000000
42881  23.460  -48.623  60.349 0.0000000000
140175  22.877  -49.332  62.102 0.0000000000
41764  22.291  -49.806  62.556 0.0000000000
41750  21.626  -50.045  62.999 0.0000000000
41766  20.898  -50.320  62.600 0.0000000000
129411  20.100  -50.210  62.196 0.0000000000
41781  19.363  -49.974  61.827 0.0000000000
41794  20.117  -50.408  60.319 0.0000000000
41795  19.522  -50.173  60.630 0.0000000000
136631  19.270  -49.999  61.119 0.0000000000
143132  18.114  -50.181  60.924 0.0000000000
41797  17.531  -50.521  60.320 0.0000000000
45231  23.547  -46.620  51.445 0.0000000000
45224  23.110  -47.205  51.835 0.0000000000
130107  22.785  -47.925  53.035 0.0000000000
44102  22.195  -48.386  52.590 0.0000000000
44084  22.360  -48.390  53.330 0.0000000000
42946  20.899  -49.231  54.997 0.0000000000
135860  19.480  -48.849  51.143 0.0000000000
43012  19.653  -48.946  52.009 0.0000000000
143897  18.882  -49.102  52.577 0.0000000000
138954  19.829  -48.955  52.885 0.0000000000
153003  19.963  -48.997  53.617 0.0000000000
42947  20.020  -49.242  54.903 0.0000000000
41876  20.357  -49.464  55.650 0.0000000000
41860  19.667  -49.603  56.182 0.0000000000
129075  19.129  -49.781  56.853 0.0000000000
41845  18.480  -49.921  57.436 0.0000000000
131812  17.832  -49.951  56.960 0.0000000000
153502  18.218  -49.989  58.010 0.0000000000
41826  17.875  -50.189  58.510 0.0000000000
41827  17.110  -50.543  58.839 0.0000000000
41811  16.922  -50.659  59.702 0.0000000000
40718  16.261  -50.736  59.038 0.0000000000
132324  15.452  -50.951  58.807 0.0000000000
40766  15.805  -50.948  56.565 0.0000000000
40748  15.265  -51.225  57.078 0.0000000000
39699  14.700  -51.591  57.633 0.0000000000
39711  14.158  -52.122  57.249 0.0000000000
139244  13.746  -52.688  56.905 0.0000000000
153155  13.367  -52.910  57.196 0.0000000000
39730  15.718  -51.782  53.680 0.0000000000
39731  15.228  -52.297  54.126 0.0000000000
139869  14.843  -52.881  52.871 0.0000000000
38684  13.296  -53.208  56.754 0.0000000000
37564  12.977  -53.774  56.610 0.0000000000
154611  12.809  -54.594  56.106 0.0000000000
150000  12.511  -55.342  55.421 0.0000000000
34162  11.785  -56.473  55.336 0.0000000000
33063  11.392  -57.143  54.906 0.0000000000
33064  10.874  -57.831  54.677 0.0000000000
31862  10.072  -58.316  52.936 0.0000000000
31863  9.534  -58.978  53.300 0.0000000000
51539  32.996  -40.804  46.713 0.0000000000
144491  32.849  -40.569  48.044 0.0000000000
152557  32.260  -39.453  47.585 0.0000000000
51509  32.711  -40.420  48.770 0.0000000000
51473  32.216  -40.939  50.723 0.0000000000
55141  30.856  -37.815  49.043 0.0000000000
143493  30.784  -38.240  49.564 0.0000000000
52674  30.331  -39.561  49.784 0.0000000000
53939  31.093  -38.780  49.932 0.0000000000
52672  31.499  -39.432  50.101 0.0000000000
52671  31.972  -40.317  50.262 0.0000000000
149219  32.238  -41.467  51.206 0.0000000000
51449  32.104  -42.131  52.414 0.0000000000
50485  32.197  -42.172  53.021 0.0000000000
135881  31.616  -42.761  53.687 0.0000000000
48471  31.385  -43.561  54.839 0.0000000000
47368  30.559  -44.198  55.473 0.0000000000
129419  29.985  -44.765  56.718 0.0000000000
47335  29.724  -44.897  57.402 0.0000000000
47417  28.285  -44.352  52.676 0.0000000000
47401  28.544  -44.390  53.641 0.0000000000
130262  28.420  -44.554  54.446 0.0000000000
46256  27.568  -45.045  55.619 0.0000000000
128248  28.306  -44.807  55.942 0.0000000000
139825  28.837  -44.455  55.094 0.0000000000
47351  29.114  -44.781  56.645 0.0000000000
47336  28.824  -44.907  57.598 0.0000000000
47322  29.455  -45.010  58.224 0.0000000000
47292  28.242  -45.048  60.124 0.0000000000
143140  27.981  -44.976  60.926 0.0000000000
145141  26.899  -45.354  60.443 0.0000000000
47294  27.152  -45.185  61.123 0.0000000000
46156  27.090  -44.999  62.101 0.0000000000
47256  26.778  -45.077  62.798 0.0000000000
40687  16.265  -50.819  62.240 0.0000000000
41743  16.172  -50.954  63.557 0.0000000000
33047  10.771  -57.575  57.203 0.0000000000
33040  10.568  -57.375  58.143 0.0000000000
34137  10.234  -57.067  58.893 0.0000000000
33025  9.557  -57.485  59.374 0.0000000000
34134  9.921  -56.787  59.695 0.0000000000
34130  8.619  -56.738  60.960 0.0000000000
34126  8.371  -56.553  61.778 0.0000000000
78693  64.852  -13.389  33.267 0.0000000000
74825  60.254  -17.992  31.958 0.0000000000
75763  61.188  -17.425  33.550 0.0000000000
153311  60.868  -17.500  34.820 0.0000000000
75756  61.310  -17.241  34.410 0.0000000000
76673  61.734  -16.290  35.792 0.0000000000
77632  61.993  -15.461  36.625 0.0000000000
78639  62.417  -14.827  38.285 0.0000000000
75725  59.437  -17.289  37.947 0.0000000000
76658  60.008  -16.841  38.136 0.0000000000
135935  60.187  -16.635  40.187 0.0000000000
76649  60.460  -16.335  38.813 0.0000000000
76657  60.517  -16.458  37.863 0.0000000000
77610  61.160  -15.741  39.036 0.0000000000
77618  61.679  -15.231  38.619 0.0000000000
77617  62.542  -14.982  39.083 0.0000000000
77607  62.779  -16.079  39.048 0.0000000000
73876  50.439  -19.982  30.135 0.0000000000
72952  51.655  -21.080  30.756 0.0000000000
137951  52.131  -21.932  31.670 0.0000000000
71949  49.627  -21.991  31.736 0.0000000000
71931  50.297  -22.006  32.328 0.0000000000
71913  50.844  -21.885  33.024 0.0000000000
147641  51.591  -22.026  32.995 0.0000000000
71911  53.037  -21.925  33.256 0.0000000000
73828  53.533  -20.159  35.021 0.0000000000
128425  53.077  -19.216  36.648 0.0000000000
73817  52.385  -19.760  36.211 0.0000000000
73803  53.546  -18.900  37.241 0.0000000000
74740  53.925  -19.379  40.138 0.0000000000
73754  54.652  -19.669  41.153 0.0000000000
70970  48.520  -22.242  36.051 0.0000000000
70958  49.247  -21.969  36.562 0.0000000000
70038  50.820  -23.065  36.285 0.0000000000
71867  51.045  -21.050  37.338 0.0000000000
70019  52.881  -23.681  38.520 0.0000000000
70035  54.429  -23.561  37.935 0.0000000000
70007  53.364  -23.455  39.539 0.0000000000
70008  52.561  -23.288  39.228 0.0000000000
70929  52.109  -22.916  39.086 0.0000000000
153316  51.643  -21.085  37.735 0.0000000000
72844  52.163  -21.318  38.348 0.0000000000
72843  52.783  -21.659  39.699 0.0000000000
131838  54.226  -22.206  40.252 0.0000000000
71840  53.848  -21.927  40.799 0.0000000000
72825  53.828  -21.109  40.726 0.0000000000
72824  54.135  -20.887  40.819 0.0000000000
72823  54.934  -20.615  40.831 0.0000000000
143818  55.798  -20.341  40.406 0.0000000000
65086  45.420  -29.325  37.219 0.0000000000
61624  44.397  -31.326  39.396 0.0000000000
62723  44.772  -30.708  38.866 0.0000000000
61609  46.159  -30.969  40.650 0.0000000000
62704  45.879  -30.748  40.019 0.0000000000
132030  45.437  -30.453  39.003 0.0000000000
62741  45.968  -29.977  38.774 0.0000000000
63880  46.737  -29.392  38.491 0.0000000000
63845  48.622  -29.365  40.329 0.0000000000
63844  49.191  -29.283  40.845 0.0000000000
62680  49.069  -30.036  41.829 0.0000000000
63829  49.425  -29.459  41.442 0.0000000000
63828  50.073  -29.117  41.743 0.0000000000
63815  51.167  -29.097  42.770 0.0000000000
64991  51.905  -28.807  43.094 0.0000000000
50596  41.233  -41.148  45.646 0.0000000000
51538  42.749  -40.796  46.169 0.0000000000
51552  41.678  -40.629  45.252 0.0000000000
54067  43.522  -38.445  43.039 0.0000000000
52765  44.235  -39.343  44.468 0.0000000000
54066  44.330  -38.226  43.413 0.0000000000
55244  43.942  -37.677  42.978 0.0000000000
55243  44.623  -37.418  43.303 0.0000000000
55242  45.360  -37.133  43.735 0.0000000000
56377  45.696  -36.223  43.748 0.0000000000
48520  45.438  -43.537  52.544 0.0000000000
48519  46.109  -43.526  51.963 0.0000000000
49577  46.510  -43.286  51.107 0.0000000000
147505  47.660  -42.730  51.802 0.0000000000
149759  47.380  -42.874  50.954 0.0000000000
49591  46.632  -42.850  50.373 0.0000000000
49608  46.590  -42.419  49.779 0.0000000000
50546  46.611  -41.535  48.842 0.0000000000
51506  47.193  -41.004  48.543 0.0000000000
51482  49.181  -40.955  50.595 0.0000000000
52662  49.848  -39.704  50.382 0.0000000000
51492  49.480  -40.315  49.922 0.0000000000
51494  48.002  -41.067  49.122 0.0000000000
51519  46.933  -40.498  47.834 0.0000000000
52736  46.924  -39.330  46.582 0.0000000000
54003  46.884  -38.853  45.915 0.0000000000
54001  48.209  -38.338  46.478 0.0000000000
142420  46.710  -38.160  45.026 0.0000000000
55224  46.504  -37.632  44.600 0.0000000000
135696  46.447  -36.083  44.268 0.0000000000
136004  46.824  -35.247  44.357 0.0000000000
58402  47.318  -34.444  44.451 0.0000000000
57367  48.564  -35.674  45.662 0.0000000000
58389  48.164  -34.861  45.081 0.0000000000
59440  48.113  -34.080  44.628 0.0000000000
59453  48.371  -33.377  44.590 0.0000000000
60469  49.072  -33.003  45.007 0.0000000000
133538  49.685  -32.607  45.173 0.0000000000
56326  51.742  -35.758  47.852 0.0000000000
57330  51.278  -35.173  47.278 0.0000000000
58369  50.821  -34.466  46.892 0.0000000000
58359  52.578  -34.431  47.979 0.0000000000
58368  51.293  -33.939  47.047 0.0000000000
154246  50.868  -33.886  46.758 0.0000000000
60483  49.998  -32.006  44.940 0.0000000000
61549  51.109  -31.130  44.875 0.0000000000
62622  51.828  -30.839  45.192 0.0000000000
62628  52.171  -30.145  44.872 0.0000000000
81934  58.698  -11.828  19.625 0.0000000000
80959  58.807  -12.177  19.756 0.0000000000
142066  61.015  -13.380  21.277 0.0000000000
131896  61.983  -13.625  22.019 0.0000000000
137087  62.709  -13.861  23.196 0.0000000000
78805  60.353  -14.506  24.647 0.0000000000
78804  61.240  -14.497  24.744 0.0000000000
78778  62.560  -14.727  26.535 0.0000000000
78803  62.096  -14.417  24.894 0.0000000000
79843  63.720  -13.900  24.495 0.0000000000
79834  64.775  -13.480  25.806 0.0000000000
79818  65.530  -12.899  28.105 0.0000000000
28352  8.143  -61.437  55.837 0.0000000000
30665  6.663  -60.170  59.242 0.0000000000
35272  9.871  -55.691  60.842 0.0000000000
35285  11.797  -55.454  57.652 0.0000000000
38670  13.487  -52.407  58.623 0.0000000000
39655  11.990  -52.396  62.935 0.0000000000
39662  14.225  -51.602  61.278 0.0000000000
39669  14.269  -51.657  60.371 0.0000000000
39678  13.805  -51.916  59.825 0.0000000000
40678  16.030  -50.866  62.899 0.0000000000
40688  15.483  -50.972  62.463 0.0000000000
40700  14.902  -51.235  61.926 0.0000000000
41782  18.681  -49.949  61.446 0.0000000000
41843  20.866  -49.846  57.591 0.0000000000
41858  22.136  -49.489  56.670 0.0000000000
41859  20.552  -49.655  56.451 0.0000000000
42983  22.170  -48.626  53.839 0.0000000000
44082  23.323  -47.447  53.504 0.0000000000
44101  22.729  -47.836  52.222 0.0000000000
45206  24.543  -46.659  54.369 0.0000000000
46277  26.438  -45.466  53.356 0.0000000000
47307  30.566  -45.209  59.255 0.0000000000
47311  27.007  -45.336  59.811 0.0000000000
47325  27.146  -45.362  59.080 0.0000000000
47348  31.492  -44.452  56.514 0.0000000000
47396  42.309  -44.303  53.709 0.0000000000
47444  27.956  -43.943  50.640 0.0000000000
47445  27.358  -44.377  50.748 0.0000000000
48432  33.239  -43.697  57.743 0.0000000000
48464  42.571  -44.302  54.937 0.0000000000
48465  42.212  -44.330  55.629 0.0000000000
48488  31.031  -43.288  54.171 0.0000000000
48508  29.992  -43.429  53.197 0.0000000000
48530  28.940  -43.765  52.313 0.0000000000
48569  38.467  -44.032  50.490 0.0000000000
48583  40.437  -43.271  49.588 0.0000000000
48588  35.979  -43.620  49.359 0.0000000000
48590  27.931  -43.598  49.707 0.0000000000
48591  27.240  -43.877  49.382 0.0000000000
48604  36.385  -43.473  48.631 0.0000000000
49501  34.851  -43.714  57.084 0.0000000000
49530  32.852  -43.638  54.778 0.0000000000
49531  32.757  -43.682  54.947 0.0000000000
49532  32.508  -43.404  54.617 0.0000000000
49543  31.974  -42.865  53.938 0.0000000000
49598  33.763  -42.937  50.595 0.0000000000
49613  40.444  -42.799  48.956 0.0000000000
49624  43.944  -42.178  48.873 0.0000000000
49642  39.571  -42.372  47.291 0.0000000000
50472  31.956  -42.469  53.333 0.0000000000
50486  31.957  -42.233  52.860 0.0000000000
50498  30.643  -42.252  51.624 0.0000000000
50508  31.266  -41.953  51.661 0.0000000000
50519  33.115  -42.326  50.926 0.0000000000
50522  29.338  -41.879  49.804 0.0000000000
50531  46.948  -41.992  49.418 0.0000000000
50535  33.117  -41.524  49.618 0.0000000000
50560  45.042  -41.297  47.938 0.0000000000
50566  34.038  -42.110  48.155 0.0000000000
51460  32.329  -41.905  51.665 0.0000000000
51461  32.148  -41.812  51.762 0.0000000000
51463  31.780  -41.745  51.685 0.0000000000
51474  32.133  -41.104  51.061 0.0000000000
51484  32.194  -40.413  50.275 0.0000000000
51521  45.359  -40.821  47.337 0.0000000000
51535  45.269  -40.354  46.663 0.0000000000
52652  31.940  -40.880  50.709 0.0000000000
52684  49.177  -40.115  49.113 0.0000000000
52694  29.965  -39.160  49.332 0.0000000000
53940  30.477  -38.790  49.602 0.0000000000
54002  47.482  -38.666  46.159 0.0000000000
54022  47.132  -38.380  45.504 0.0000000000
54046  46.151  -38.334  44.670 0.0000000000
55162  49.614  -37.830  47.167 0.0000000000
56344  50.239  -36.161  46.970 0.0000000000
56345  49.720  -36.654  46.684 0.0000000000
59456  46.270  -34.015  43.629 0.0000000000
60484  49.328  -32.311  44.632 0.0000000000
61550  50.419  -31.419  44.548 0.0000000000
61597  45.714  -31.603  41.052 0.0000000000
61670  43.315  -31.019  38.053 0.0000000000
62629  51.488  -30.485  44.495 0.0000000000
62742  45.225  -30.188  38.390 0.0000000000
62780  43.509  -29.952  36.900 0.0000000000
63817  49.728  -29.714  42.141 0.0000000000
63862  47.284  -29.460  39.161 0.0000000000
65064  49.095  -28.255  38.631 0.0000000000
65066  48.369  -28.686  38.746 0.0000000000
66115  50.578  -27.595  37.507 0.0000000000
66162  45.059  -27.950  35.102 0.0000000000
67049  53.937  -26.473  40.057 0.0000000000
67071  53.937  -25.761  39.220 0.0000000000
68038  54.292  -24.328  39.333 0.0000000000
68116  43.999  -26.003  34.072 0.0000000000
71909  54.784  -21.405  32.892 0.0000000000
71965  50.943  -21.244  30.781 0.0000000000
72809  54.748  -20.213  41.142 0.0000000000
72893  53.942  -20.738  34.346 0.0000000000
72909  54.364  -21.246  33.676 0.0000000000
72920  57.123  -20.259  32.950 0.0000000000
72932  54.326  -21.067  31.583 0.0000000000
73739  56.667  -19.034  41.366 0.0000000000
73752  56.100  -19.446  41.187 0.0000000000
73753  55.312  -19.537  41.280 0.0000000000
73755  54.159  -19.761  40.976 0.0000000000
73782  53.444  -19.757  39.535 0.0000000000
73822  59.084  -19.088  33.901 0.0000000000
73837  59.154  -19.028  33.106 0.0000000000
73860  54.162  -20.300  31.038 0.0000000000
74706  56.500  -18.741  41.280 0.0000000000
74722  56.087  -18.524  41.145 0.0000000000
74752  54.165  -18.594  38.741 0.0000000000
74762  58.092  -18.206  37.232 0.0000000000
74781  54.200  -18.834  37.428 0.0000000000
74816  59.040  -18.887  32.351 0.0000000000
74826  59.763  -18.012  31.150 0.0000000000
75675  58.662  -17.688  40.934 0.0000000000
75676  57.645  -18.044  41.015 0.0000000000
75677  56.783  -18.263  41.052 0.0000000000
75691  59.636  -17.376  40.983 0.0000000000
75736  59.741  -17.677  36.502 0.0000000000
75757  60.715  -17.712  34.164 0.0000000000
75784  61.113  -17.370  31.576 0.0000000000
75809  54.572  -17.711  29.315 0.0000000000
76627  61.164  -17.154  40.358 0.0000000000
76628  60.375  -17.025  40.730 0.0000000000
76640  61.692  -16.434  39.821 0.0000000000
76648  60.994  -15.913  38.442 0.0000000000
76706  62.299  -16.426  31.737 0.0000000000
76725  61.918  -15.973  29.200 0.0000000000
77639  62.746  -15.142  35.707 0.0000000000
78642  63.910  -14.659  37.427 0.0000000000
78644  62.972  -14.754  37.858 0.0000000000
78650  64.337  -14.307  36.645 0.0000000000
78741  63.640  -14.760  30.185 0.0000000000
78762  63.526  -14.742  28.552 0.0000000000
82948  62.799  -10.338  16.181 0.0000000000
128175  39.192  -42.644  47.986 0.0000000000
128193  12.987  -54.149  56.022 0.0000000000
129222  59.705  -18.493  32.691 0.0000000000
129374  26.501  -45.646  55.098 0.0000000000
129408  51.977  -34.140  47.436 0.0000000000
129497  20.080  -49.871  57.876 0.0000000000
129723  61.506  -16.886  30.701 0.0000000000
130740  57.159  -19.474  31.556 0.0000000000
130745  26.459  -45.729  58.219 0.0000000000
131293  22.274  -48.199  51.870 0.0000000000
131592  24.680  -46.768  59.879 0.0000000000
131989  60.066  -16.538  39.512 0.0000000000
132766  30.869  -45.230  58.642 0.0000000000
134454  43.548  -35.965  42.142 0.0000000000
134840  45.267  -39.414  45.287 0.0000000000
134857  29.924  -42.774  51.638 0.0000000000
135840  37.804  -44.050  50.381 0.0000000000
136667  49.104  -22.733  36.110 0.0000000000
137166  12.935  -54.821  54.066 0.0000000000
143864  48.868  -22.054  32.053 0.0000000000
144151  25.084  -45.968  61.698 0.0000000000
145240  23.525  -48.557  58.109 0.0000000000
145812  42.819  -42.562  49.308 0.0000000000
146163  32.434  -39.894  49.001 0.0000000000
146596  55.270  -17.711  29.267 0.0000000000
146899  48.273  -32.387  43.933 0.0000000000
147419  51.006  -21.015  34.600 0.0000000000
147996  54.022  -22.286  40.867 0.0000000000
149069  33.396  -42.901  52.136 0.0000000000
149111  25.561  -45.968  54.354 0.0000000000
149414  17.450  -50.254  62.644 0.0000000000
149423  59.748  -18.466  41.048 0.0000000000
149677  26.460  -45.341  62.348 0.0000000000
149725  32.388  -44.102  59.538 0.0000000000
149742  38.984  -43.072  48.544 0.0000000000
149876  31.743  -43.030  54.184 0.0000000000
150459  51.466  -34.533  47.243 0.0000000000
150889  18.900  -49.677  56.183 0.0000000000
151280  23.231  -48.703  61.775 0.0000000000
151449  10.058  -58.574  53.741 0.0000000000
151941  45.263  -32.626  41.912 0.0000000000
151999  44.723  -22.529  33.291 0.0000000000
152625  50.504  -28.027  40.250 0.0000000000
152727  36.425  -43.691  57.737 0.0000000000
152862  50.602  -21.497  33.598 0.0000000000
152915  32.540  -42.426  52.881 0.0000000000
152949  43.101  -38.331  42.631 0.0000000000
153689  44.527  -39.976  45.875 0.0000000000
154395  37.689  -44.745  54.134 0.0000000000
154733  12.989  -53.500  57.016 0.0000000000
155086  31.522  -40.664  50.512 0.0000000000
155096  49.565  -24.721  34.956 0.0000000000
