#!ascii label  , from subject sub001 vox2ras=TkReg
934
86266  18.755  -8.078  -18.750 0.2500000000
85301  19.101  -8.168  -19.283 0.2500000000
133069  19.815  -8.853  -19.705 0.7500000000
88221  18.569  -5.322  -19.253 0.2500000000
87275  18.594  -6.241  -19.038 0.1250000000
87274  18.831  -6.690  -19.213 0.2500000000
85311  19.826  -7.786  -20.166 0.7500000000
141530  18.843  -7.502  -19.088 0.3750000000
84397  20.626  -9.324  -20.321 0.8750000000
154394  20.387  -8.526  -20.346 0.8750000000
84396  21.335  -9.747  -20.719 0.8750000000
88241  18.734  -5.802  -19.446 0.3750000000
88240  19.186  -6.251  -19.871 0.3750000000
87284  19.729  -6.679  -20.401 0.8750000000
86265  19.240  -7.176  -19.622 0.7500000000
86282  21.695  -7.201  -21.588 1.0000000000
86283  21.077  -7.372  -21.156 1.0000000000
86274  20.472  -7.053  -20.801 0.8750000000
84408  21.929  -8.954  -21.132 1.0000000000
85310  20.704  -7.925  -20.735 0.8750000000
85318  22.512  -8.644  -21.668 1.0000000000
89147  18.550  -4.419  -19.566 0.2500000000
88255  19.129  -5.386  -20.070 0.7500000000
88254  19.588  -5.758  -20.599 0.8750000000
87283  20.343  -5.980  -21.173 0.8750000000
86281  22.294  -7.014  -22.242 1.0000000000
87293  21.144  -6.593  -21.370 1.0000000000
86296  23.561  -7.329  -22.716 1.0000000000
85330  22.733  -7.935  -22.392 1.0000000000
129555  22.057  -8.013  -21.854 1.0000000000
89129  17.308  -4.599  -17.715 0.1250000000
89146  18.760  -4.911  -19.686 0.6250000000
88253  19.982  -5.024  -21.106 1.0000000000
138162  19.449  -5.021  -20.624 0.8750000000
87303  23.380  -6.570  -22.917 1.0000000000
87304  22.680  -6.398  -22.750 1.0000000000
87292  21.799  -6.354  -21.983 1.0000000000
88263  21.283  -5.660  -21.831 1.0000000000
87302  24.230  -6.781  -23.179 1.0000000000
86297  22.835  -7.079  -22.678 1.0000000000
86304  25.924  -7.121  -23.546 1.0000000000
86295  24.498  -7.560  -22.886 1.0000000000
92714  18.503  -0.236  -21.183 0.2500000000
90049  18.464  -3.573  -19.964 0.3750000000
133959  18.607  -4.081  -20.104 0.5000000000
90080  19.596  -3.636  -21.431 1.0000000000
90068  18.907  -3.749  -20.843 0.6250000000
89162  19.442  -4.383  -21.059 1.0000000000
89171  21.525  -4.764  -22.374 1.0000000000
134722  20.746  -4.902  -21.710 1.0000000000
87315  24.015  -6.039  -23.217 1.0000000000
88273  23.195  -5.867  -23.061 1.0000000000
135263  22.368  -4.722  -23.015 1.0000000000
149636  25.301  -5.222  -23.657 1.0000000000
87313  25.756  -6.288  -23.614 1.0000000000
140650  26.544  -5.075  -23.592 1.0000000000
88282  26.858  -5.560  -23.541 1.0000000000
92727  18.610  -0.466  -21.356 0.5000000000
91774  18.550  -1.019  -20.985 0.3750000000
144870  18.525  -1.931  -20.718 0.3750000000
90937  18.632  -2.551  -20.899 0.5000000000
90946  19.077  -2.240  -21.529 0.5000000000
90945  19.922  -2.835  -21.738 0.8750000000
90079  20.340  -3.532  -21.851 1.0000000000
90955  20.398  -2.499  -22.338 1.0000000000
89197  22.224  -4.069  -23.679 1.0000000000
90090  21.393  -3.393  -22.706 1.0000000000
89195  24.193  -4.149  -23.915 1.0000000000
89196  22.956  -4.317  -23.891 1.0000000000
90099  26.788  -3.913  -23.544 1.0000000000
137979  25.846  -5.005  -23.680 1.0000000000
142515  27.006  -5.142  -23.523 0.8750000000
142497  18.652  0.558  -21.593 0.5000000000
91786  18.994  -1.380  -21.766 0.5000000000
92726  18.997  -0.450  -21.858 0.6250000000
91796  20.318  -1.284  -22.487 0.6250000000
152529  20.103  -1.906  -22.431 1.0000000000
91797  19.612  -2.056  -22.099 0.7500000000
90967  21.657  -2.793  -22.931 1.0000000000
139839  25.956  -2.097  -23.712 1.0000000000
146143  24.801  -2.625  -23.894 1.0000000000
90103  23.558  -3.480  -24.006 1.0000000000
90104  22.664  -3.566  -23.790 1.0000000000
90962  26.309  -2.977  -23.423 1.0000000000
148116  25.354  -4.114  -23.826 1.0000000000
90102  24.548  -3.361  -23.958 1.0000000000
90953  27.072  -3.123  -23.249 0.8750000000
90100  26.101  -3.753  -23.629 1.0000000000
90089  27.532  -4.040  -23.255 0.8750000000
92740  19.674  -0.508  -22.235 0.8750000000
91810  22.897  -1.263  -23.429 1.0000000000
136155  21.990  -1.907  -23.170 1.0000000000
90964  25.352  -2.099  -23.803 1.0000000000
91809  23.778  -1.557  -23.492 1.0000000000
90966  22.444  -2.790  -23.373 1.0000000000
92750  26.027  -0.660  -23.645 1.0000000000
90944  27.369  -2.303  -22.611 1.0000000000
91805  26.553  -2.178  -23.427 1.0000000000
91806  26.005  -1.414  -23.675 1.0000000000
91785  27.351  -1.348  -21.906 1.0000000000
141887  19.147  0.427  -21.944 0.5000000000
143101  19.861  0.248  -22.255 0.8750000000
92738  21.231  -0.248  -23.107 1.0000000000
93688  24.174  0.587  -24.265 1.0000000000
92754  22.914  -0.341  -23.614 1.0000000000
94676  26.508  1.143  -22.716 1.0000000000
93686  25.473  -0.093  -24.136 1.0000000000
143207  26.683  0.364  -22.657 1.0000000000
93685  26.147  0.079  -23.520 1.0000000000
92725  26.991  -0.455  -22.285 1.0000000000
92737  26.492  -0.386  -23.072 1.0000000000
96477  22.938  3.886  -24.573 1.0000000000
96463  22.338  3.853  -23.720 0.3750000000
94706  24.032  1.314  -24.303 1.0000000000
94690  25.997  1.263  -23.377 1.0000000000
94691  25.410  1.267  -23.954 1.0000000000
98184  22.805  5.458  -26.002 0.8750000000
97343  23.214  4.916  -26.005 1.0000000000
144045  23.174  4.548  -25.122 1.0000000000
96476  23.601  3.812  -24.522 1.0000000000
97342  23.761  4.521  -25.094 1.0000000000
95625  24.536  2.023  -24.256 1.0000000000
95612  25.633  2.159  -23.396 1.0000000000
95600  26.756  2.389  -22.063 1.0000000000
99037  22.610  6.021  -25.431 0.7500000000
140996  23.939  4.910  -26.130 1.0000000000
97341  24.484  4.510  -24.760 1.0000000000
96461  26.126  3.900  -22.984 1.0000000000
96462  25.307  3.992  -23.806 1.0000000000
146356  25.692  3.158  -23.313 1.0000000000
142567  24.529  5.047  -25.646 1.0000000000
97331  25.974  4.826  -23.471 1.0000000000
101424  24.588  10.041  -22.186 0.1250000000
102186  24.893  10.818  -22.558 0.1250000000
102187  23.978  10.742  -23.678 0.2500000000
102203  22.968  10.799  -25.074 0.3750000000
102202  23.957  11.460  -24.364 0.2500000000
131480  24.037  11.714  -25.434 0.5000000000
102988  24.173  11.806  -25.433 0.3750000000
134854  24.879  11.489  -22.847 0.2500000000
102970  23.982  11.823  -24.593 0.2500000000
103729  23.728  12.625  -24.498 0.2500000000
103742  23.630  11.931  -25.004 0.2500000000
103754  23.497  12.058  -26.035 0.2500000000
149247  24.166  12.588  -26.225 0.3750000000
85285  18.855  -8.645  -18.375 0.1250000000
85328  24.741  -8.451  -22.626 1.0000000000
91795  21.180  -1.171  -22.855 0.8750000000
92752  25.021  -0.409  -24.296 1.0000000000
129377  18.981  -9.286  -18.137 0.1250000000
84385  20.322  -9.729  -19.706 0.6250000000
83427  21.645  -10.488  -20.461 0.7500000000
88222  17.373  -5.624  -17.094 0.1250000000
83426  22.316  -10.658  -20.512 1.0000000000
154528  18.706  -8.008  -18.616 0.1250000000
84407  22.693  -9.399  -21.244 1.0000000000
84419  23.995  -9.104  -22.216 1.0000000000
85337  26.160  -8.025  -23.516 1.0000000000
91754  18.305  -1.218  -18.759 0.2500000000
90916  18.443  -2.750  -20.372 0.2500000000
148680  27.314  -5.543  -23.486 0.8750000000
146426  27.885  -3.344  -22.669 0.8750000000
89183  27.963  -4.830  -23.259 0.8750000000
91784  28.021  -2.111  -21.381 0.8750000000
96452  21.882  3.841  -22.973 0.1250000000
96453  21.242  3.079  -22.846 0.1250000000
93660  18.794  1.384  -21.830 0.3750000000
93673  20.567  0.711  -22.469 0.6250000000
93658  27.364  0.425  -21.556 1.0000000000
146499  27.851  -1.291  -21.022 0.8750000000
97344  22.886  4.791  -25.314 0.8750000000
96464  21.901  3.128  -23.548 0.3750000000
95615  21.439  2.482  -23.155 0.8750000000
142231  26.691  1.690  -22.124 1.0000000000
133742  27.359  2.901  -21.622 1.0000000000
142922  26.936  3.128  -22.075 1.0000000000
96451  26.859  3.802  -22.366 1.0000000000
140760  22.824  6.596  -26.226 0.8750000000
99035  24.247  6.603  -25.842 1.0000000000
98171  25.729  5.680  -24.038 1.0000000000
101418  24.726  9.483  -20.814 0.1250000000
100663  24.004  9.143  -22.108 0.1250000000
101456  22.637  10.541  -25.474 0.6250000000
128522  24.744  11.576  -25.430 0.5000000000
102987  25.287  11.703  -25.207 0.5000000000
102956  24.904  11.956  -22.843 0.2500000000
103728  24.437  12.362  -23.540 0.2500000000
103002  24.481  11.920  -25.615 0.5000000000
103753  25.312  12.406  -25.775 0.5000000000
103743  22.916  12.195  -26.027 0.2500000000
103763  23.040  12.281  -26.732 0.2500000000
127937  24.069  13.292  -26.838 0.2500000000
85284  18.965  -8.737  -18.623 0.1250000000
151375  19.294  -8.935  -19.021 0.3750000000
84386  19.652  -9.542  -19.131 0.5000000000
87257  18.741  -7.282  -18.822 0.1250000000
83428  20.928  -10.212  -20.323 0.7500000000
85309  21.082  -8.753  -20.739 0.8750000000
83441  22.115  -9.967  -20.830 1.0000000000
85319  21.393  -8.076  -21.278 1.0000000000
85317  23.164  -8.839  -21.880 1.0000000000
85329  23.767  -8.209  -22.445 1.0000000000
89163  19.000  -4.596  -20.398 0.8750000000
87314  24.893  -6.206  -23.534 1.0000000000
88274  22.568  -5.619  -22.881 1.0000000000
88275  21.932  -5.559  -22.501 1.0000000000
86305  25.095  -7.005  -23.548 1.0000000000
86294  25.383  -7.833  -23.188 1.0000000000
90069  18.564  -3.282  -20.452 0.5000000000
90081  19.034  -3.043  -21.292 0.8750000000
89173  20.167  -4.240  -21.626 1.0000000000
89172  21.008  -3.949  -22.215 1.0000000000
141462  25.543  -5.613  -23.628 1.0000000000
88285  23.754  -5.473  -23.327 1.0000000000
88286  23.044  -5.173  -23.431 1.0000000000
144243  23.915  -4.868  -23.563 1.0000000000
142913  24.918  -4.811  -23.727 1.0000000000
89192  27.193  -4.705  -23.478 1.0000000000
90091  20.721  -3.162  -22.263 1.0000000000
90954  20.953  -2.100  -22.683 1.0000000000
89184  21.768  -4.019  -22.934 1.0000000000
135938  27.574  -5.302  -23.430 0.8750000000
141669  22.908  -2.075  -23.484 1.0000000000
90965  23.405  -2.638  -23.744 1.0000000000
145935  24.520  -1.921  -23.712 1.0000000000
152778  28.185  -2.790  -22.052 0.8750000000
152676  24.709  -0.273  -24.280 1.0000000000
138558  21.995  -0.879  -23.258 1.0000000000
143176  24.559  -0.837  -23.863 1.0000000000
91808  25.131  -1.198  -23.907 1.0000000000
92751  25.475  -0.841  -23.889 1.0000000000
91794  26.643  -1.256  -23.036 1.0000000000
93674  19.518  1.164  -22.085 0.6250000000
92755  22.067  -0.093  -23.307 1.0000000000
93690  22.518  0.504  -23.442 1.0000000000
92753  24.241  -0.121  -24.111 1.0000000000
94704  24.924  1.286  -24.313 1.0000000000
93700  25.189  0.601  -24.325 1.0000000000
94675  26.923  1.109  -21.930 1.0000000000
140465  25.729  0.604  -23.838 1.0000000000
93687  24.986  0.134  -24.464 1.0000000000
95628  22.727  2.981  -24.141 1.0000000000
94693  22.814  1.106  -23.655 1.0000000000
94705  24.422  1.414  -24.302 1.0000000000
95627  23.331  2.092  -24.290 1.0000000000
95626  23.963  2.052  -24.338 1.0000000000
134094  23.409  2.889  -24.500 1.0000000000
96475  24.268  3.709  -24.427 1.0000000000
142923  25.183  2.904  -23.846 1.0000000000
95613  25.086  2.016  -24.052 1.0000000000
142426  24.078  2.817  -24.491 1.0000000000
142924  26.302  2.908  -22.658 1.0000000000
98172  24.841  5.659  -25.225 1.0000000000
96474  24.822  3.562  -24.241 1.0000000000
97332  25.178  4.955  -24.583 1.0000000000
98182  23.992  5.572  -26.221 1.0000000000
98183  23.287  5.589  -26.359 1.0000000000
149683  23.662  10.103  -23.244 0.1250000000
101439  23.108  10.651  -24.637 0.5000000000
103755  22.742  12.183  -26.502 0.2500000000
84368  19.233  -9.439  -18.541 0.2500000000
131099  18.642  -9.717  -16.651 0.1250000000
83401  19.186  -10.138  -18.007 0.1250000000
83415  20.062  -10.145  -19.204 0.6250000000
94678  19.993  1.870  -22.250 0.6250000000
93672  21.620  0.670  -22.949 0.8750000000
94677  21.021  1.706  -22.681 0.7500000000
94694  22.019  1.438  -23.181 0.8750000000
95614  22.435  2.111  -23.872 1.0000000000
99036  23.289  6.686  -26.440 1.0000000000
99023  25.223  6.550  -24.519 1.0000000000
100675  23.016  9.832  -23.906 0.3750000000
101467  22.419  10.676  -25.998 0.7500000000
152748  22.571  10.867  -25.774 0.7500000000
135422  23.963  10.790  -26.057 0.7500000000
132159  25.292  13.100  -26.529 0.2500000000
104482  26.250  12.989  -26.020 0.3750000000
154516  23.335  -13.914  -20.373 0.7500000000
79335  25.623  -14.295  -21.343 0.7500000000
79303  22.818  -14.124  -19.837 0.7500000000
79304  22.215  -13.450  -19.700 0.7500000000
80391  25.648  -13.506  -21.532 0.7500000000
79324  23.971  -14.267  -20.853 0.7500000000
80371  23.630  -13.419  -20.657 0.7500000000
80372  22.908  -13.165  -20.019 0.7500000000
81448  25.622  -12.581  -21.584 0.7500000000
130443  24.858  -13.093  -21.439 0.7500000000
80393  24.107  -12.797  -20.968 0.7500000000
82420  21.902  -11.161  -20.174 0.7500000000
82421  21.326  -10.888  -19.981 0.6250000000
81450  23.810  -11.950  -20.766 0.7500000000
82436  23.366  -11.312  -20.631 0.8750000000
82419  22.606  -11.416  -20.333 0.8750000000
134841  26.448  -12.162  -21.754 0.7500000000
154540  24.774  -11.283  -21.536 0.7500000000
83439  23.596  -10.717  -20.913 0.8750000000
83440  22.956  -10.190  -20.909 0.8750000000
82446  26.124  -10.913  -22.133 0.7500000000
83437  25.298  -10.771  -21.838 0.7500000000
83438  24.370  -10.625  -21.512 0.8750000000
84406  23.428  -9.646  -21.565 0.8750000000
83449  25.839  -10.197  -22.297 0.7500000000
83450  25.091  -10.025  -21.936 0.8750000000
84418  24.908  -9.312  -22.363 0.8750000000
129137  27.202  -8.616  -23.017 0.8750000000
85326  26.524  -8.729  -23.103 0.8750000000
86293  26.855  -7.918  -23.406 0.8750000000
86303  26.508  -7.242  -23.470 0.8750000000
87290  29.848  -6.512  -21.861 0.3750000000
87291  29.381  -6.599  -22.453 0.6250000000
87300  28.302  -6.316  -23.035 0.7500000000
86302  27.094  -6.921  -23.337 0.7500000000
88261  30.239  -5.760  -21.635 0.5000000000
88262  29.646  -5.967  -22.295 0.5000000000
88270  29.188  -5.579  -22.693 0.7500000000
142358  28.333  -5.474  -23.175 0.7500000000
89155  31.672  -4.227  -20.687 0.1250000000
89169  31.209  -4.508  -21.332 0.3750000000
89170  30.042  -4.667  -21.922 0.6250000000
89181  29.531  -5.053  -22.399 0.6250000000
90087  29.226  -4.492  -22.205 0.6250000000
90908  33.560  -2.403  -19.414 0.1250000000
90058  31.994  -3.448  -20.480 0.1250000000
90927  31.784  -2.890  -20.524 0.1250000000
143426  32.107  -2.072  -20.094 0.1250000000
146888  29.501  -3.119  -21.252 0.6250000000
91783  29.051  -2.409  -20.784 0.6250000000
90943  28.654  -2.818  -21.422 0.7500000000
91747  32.787  -2.175  -19.755 0.1250000000
93615  33.617  -0.322  -19.619 0.1250000000
91764  31.457  -1.627  -19.913 0.1250000000
91766  29.620  -2.023  -19.890 0.5000000000
91767  28.550  -1.647  -20.400 0.7500000000
91746  34.123  -1.679  -19.353 0.1250000000
137349  30.453  -1.356  -19.561 0.5000000000
92705  30.220  -0.367  -19.314 0.5000000000
92706  29.227  -0.975  -19.618 0.6250000000
92707  28.204  -0.741  -20.349 0.7500000000
99839  22.744  8.085  -24.978 0.5000000000
93637  29.537  0.441  -19.239 0.6250000000
93639  27.778  0.999  -20.543 0.6250000000
94641  30.421  1.217  -19.536 0.5000000000
94642  29.321  1.259  -19.541 0.6250000000
94624  29.052  1.964  -19.590 0.6250000000
148016  28.489  2.138  -19.937 0.7500000000
99860  22.649  7.716  -26.119 0.7500000000
94662  27.432  1.285  -21.239 0.8750000000
96450  27.413  3.681  -21.806 0.8750000000
97319  27.377  4.481  -22.002 0.8750000000
95574  27.874  1.909  -20.596 0.7500000000
96440  27.885  3.536  -21.237 0.8750000000
97310  27.877  4.294  -21.400 0.8750000000
98150  27.908  5.192  -21.462 0.8750000000
95573  31.668  2.312  -19.967 0.3750000000
94623  29.950  1.891  -19.502 0.5000000000
95561  29.557  2.410  -19.574 0.5000000000
96428  28.969  3.294  -19.899 0.6250000000
147024  32.197  2.587  -20.413 0.2500000000
95559  31.095  2.865  -19.656 0.3750000000
96414  29.631  3.031  -19.629 0.5000000000
100696  22.862  8.930  -26.145 0.6250000000
143030  22.830  9.376  -26.337 0.7500000000
99859  22.912  7.976  -26.402 0.7500000000
134704  24.700  7.435  -25.124 0.8750000000
98162  26.637  5.652  -23.000 0.7500000000
98161  27.262  5.316  -22.185 0.8750000000
96439  28.381  3.428  -20.576 0.6250000000
97309  28.410  4.128  -20.895 0.7500000000
146275  31.157  3.525  -19.831 0.3750000000
96426  30.694  4.056  -19.948 0.5000000000
146852  28.876  5.365  -21.152 0.7500000000
95572  31.792  3.201  -20.201 0.2500000000
99858  23.564  8.108  -26.363 0.8750000000
99823  26.285  7.441  -22.940 0.8750000000
99824  25.647  8.198  -23.685 0.7500000000
99009  26.751  6.568  -22.584 0.8750000000
142518  27.698  5.985  -21.782 0.7500000000
98138  29.101  4.721  -20.765 0.5000000000
141190  32.462  4.994  -21.926 0.2500000000
98135  31.457  5.253  -20.878 0.5000000000
97297  31.070  4.693  -20.468 0.5000000000
96424  32.263  3.884  -20.863 0.2500000000
100686  22.687  9.347  -24.932 0.5000000000
136559  22.565  10.262  -26.188 0.5000000000
101466  22.616  10.260  -26.224 0.6250000000
100685  24.494  9.980  -25.678 0.7500000000
100674  25.381  9.194  -24.171 0.7500000000
100673  26.186  8.492  -23.006 0.7500000000
100672  27.156  8.896  -22.571 0.7500000000
101438  26.058  9.518  -23.449 0.7500000000
135346  27.058  7.905  -22.442 0.7500000000
99811  28.584  7.633  -21.689 0.7500000000
100662  27.861  8.214  -22.032 0.7500000000
98993  29.924  6.836  -21.120 0.5000000000
99809  30.385  7.383  -21.588 0.3750000000
99810  29.567  7.536  -21.492 0.6250000000
98148  32.013  5.504  -21.449 0.2500000000
98991  31.628  6.403  -21.680 0.3750000000
98992  30.773  6.626  -21.386 0.3750000000
101465  23.686  10.589  -26.295 0.6250000000
101454  25.958  10.435  -23.931 0.7500000000
101437  27.033  9.811  -23.111 0.7500000000
150187  27.810  9.523  -22.525 0.7500000000
101422  29.037  8.937  -22.075 0.6250000000
99821  30.740  7.885  -22.111 0.3750000000
100669  30.424  8.493  -22.207 0.3750000000
149166  32.351  5.661  -23.237 0.1250000000
99856  32.164  7.123  -23.880 0.1250000000
99835  32.058  7.122  -22.995 0.2500000000
101455  24.945  10.503  -25.111 0.6250000000
101453  26.904  10.551  -23.461 0.6250000000
102201  27.979  10.307  -22.861 0.7500000000
144563  30.495  9.192  -22.586 0.3750000000
101436  28.645  9.602  -22.408 0.3750000000
100671  28.157  8.964  -22.113 0.7500000000
100684  31.360  8.406  -23.160 0.2500000000
100668  30.904  8.437  -22.618 0.3750000000
100661  29.304  8.254  -21.786 0.6250000000
99046  32.011  6.201  -25.281 0.1250000000
99034  32.073  7.046  -24.830 0.1250000000
146116  32.418  5.677  -23.946 0.1250000000
102216  25.002  10.987  -25.108 0.6250000000
136512  25.962  11.208  -24.283 0.6250000000
102215  27.425  11.134  -23.479 0.3750000000
102214  28.657  11.010  -23.212 0.3750000000
101464  31.075  10.047  -24.334 0.2500000000
102199  30.180  10.101  -22.873 0.3750000000
102200  29.195  10.309  -22.707 0.3750000000
99878  31.685  7.731  -25.266 0.1250000000
101451  31.259  8.971  -23.489 0.3750000000
101434  31.037  8.981  -22.998 0.3750000000
98197  31.326  5.680  -26.445 0.1250000000
99857  31.884  7.821  -24.337 0.1250000000
103741  26.074  12.207  -24.859 0.3750000000
102985  28.107  11.767  -23.724 0.3750000000
102983  30.136  11.294  -24.041 0.3750000000
102984  29.256  11.533  -23.787 0.3750000000
102227  30.555  10.758  -24.640 0.3750000000
102212  30.493  10.499  -23.694 0.3750000000
102213  29.739  10.850  -23.298 0.3750000000
100717  30.587  8.106  -27.553 0.1250000000
101472  31.305  9.406  -25.175 0.1250000000
99056  31.205  6.468  -26.575 0.1250000000
103751  28.415  12.737  -25.100 0.2500000000
103750  29.298  12.528  -25.200 0.2500000000
103001  28.759  12.177  -24.375 0.3750000000
103740  27.534  12.372  -24.490 0.3750000000
136304  30.588  11.250  -26.574 0.1250000000
103000  29.671  11.903  -24.567 0.3750000000
102236  30.651  11.043  -25.616 0.1250000000
139787  30.263  9.052  -28.769 0.1250000000
147459  30.982  10.237  -25.292 0.1250000000
103752  26.730  12.710  -25.220 0.3750000000
103009  30.304  12.119  -26.043 0.1250000000
103766  29.362  12.718  -27.234 0.1250000000
136314  30.453  11.377  -27.366 0.1250000000
103023  30.006  12.079  -28.059 0.1250000000
100737  29.892  8.761  -29.579 0.1250000000
102267  30.381  10.793  -28.898 0.1250000000
103769  29.232  13.002  -28.331 0.1250000000
102276  30.105  10.877  -30.080 0.1250000000
103026  29.958  11.962  -28.852 0.1250000000
101515  29.466  9.077  -30.874 0.1250000000
83451  24.215  -9.870  -21.843 0.8750000000
134272  28.426  -7.789  -22.565 0.6250000000
148647  29.325  -0.232  -19.242 0.6250000000
95588  27.828  2.742  -20.981 0.8750000000
97299  29.103  4.011  -20.383 0.5000000000
96425  31.531  4.035  -20.309 0.3750000000
100695  23.565  9.757  -26.323 0.8750000000
99838  24.753  8.597  -25.129 0.8750000000
99837  25.478  7.438  -24.013 0.8750000000
99822  26.975  7.157  -22.299 0.7500000000
99008  27.370  6.637  -22.027 0.7500000000
98137  29.756  5.424  -20.736 0.5000000000
98983  30.279  6.104  -20.864 0.5000000000
148650  29.445  6.126  -21.073 0.7500000000
98149  31.188  5.882  -21.133 0.5000000000
128319  30.669  8.984  -27.112 0.1250000000
151076  29.950  12.249  -25.322 0.2500000000
101527  29.785  9.986  -30.513 0.1250000000
90060  30.475  -3.386  -21.157 0.5000000000
90077  29.803  -3.926  -21.644 0.6250000000
90088  28.379  -4.237  -22.743 0.7500000000
93636  30.904  0.438  -19.630 0.3750000000
94640  31.541  1.344  -19.783 0.3750000000
94639  32.340  1.854  -20.352 0.2500000000
101473  30.877  10.262  -26.232 0.1250000000
95587  32.629  2.463  -20.948 0.1250000000
78234  24.692  -16.039  -20.172 0.7500000000
78235  23.785  -15.582  -19.845 0.7500000000
149906  22.178  -14.151  -19.515 0.7500000000
78253  26.322  -15.744  -20.771 0.7500000000
135794  26.526  -14.715  -21.095 0.7500000000
82401  21.538  -11.596  -19.771 0.6250000000
81431  22.695  -12.251  -20.099 0.7500000000
80390  26.546  -13.120  -21.667 0.6250000000
82433  27.122  -11.774  -22.146 0.7500000000
82444  27.281  -11.017  -22.501 0.6250000000
83447  27.385  -10.109  -22.424 0.6250000000
85316  28.644  -8.641  -22.355 0.5000000000
85325  29.105  -7.974  -22.190 0.3750000000
87282  30.321  -6.363  -21.010 0.1250000000
89138  31.802  -4.769  -20.112 0.1250000000
89154  32.148  -4.018  -19.999 0.1250000000
90907  34.485  -2.231  -18.978 0.1250000000
92687  35.696  -0.555  -19.445 0.1250000000
92688  34.964  -0.428  -19.445 0.1250000000
93614  34.453  0.046  -19.649 0.1250000000
99024  22.554  6.924  -25.011 0.3750000000
93634  33.751  0.446  -19.846 0.1250000000
93616  32.835  0.220  -19.693 0.1250000000
140768  32.450  1.032  -19.895 0.1250000000
99825  22.721  8.086  -23.535 0.5000000000
146934  32.687  3.099  -22.179 0.1250000000
96438  32.580  3.148  -21.396 0.2500000000
97330  32.624  4.082  -23.678 0.1250000000
98181  32.513  5.007  -23.588 0.1250000000
98190  32.307  5.462  -24.819 0.1250000000
98191  31.741  5.367  -25.839 0.1250000000
98198  30.815  5.501  -27.070 0.1250000000
143421  31.127  4.901  -26.720 0.1250000000
99914  30.367  7.072  -28.009 0.1250000000
138672  29.447  6.765  -29.999 0.1250000000
102185  25.685  11.075  -21.502 0.1250000000
103762  27.222  13.157  -26.206 0.2500000000
104487  27.753  13.355  -27.089 0.1250000000
104491  27.882  13.554  -28.077 0.1250000000
103028  29.772  11.841  -29.725 0.1250000000
103772  29.176  13.126  -29.129 0.1250000000
100752  29.158  8.225  -31.706 0.1250000000
101528  29.321  10.007  -31.938 0.1250000000
87311  27.279  -6.045  -23.463 0.7500000000
93657  27.935  0.148  -20.488 0.7500000000
92724  27.578  -0.541  -21.278 0.7500000000
98185  22.560  5.354  -24.834 0.3750000000
97320  26.740  4.667  -22.656 0.8750000000
85327  25.722  -8.784  -22.892 0.8750000000
82437  22.924  -10.822  -20.634 0.8750000000
88272  27.907  -5.859  -23.374 0.7500000000
90078  28.752  -3.594  -21.902 0.6250000000
95589  27.177  1.988  -21.444 0.8750000000
99022  26.171  6.526  -23.539 0.8750000000
127657  26.332  13.430  -27.197 0.1250000000
133696  23.099  -14.957  -19.736 0.7500000000
78256  23.575  -14.657  -20.210 0.7500000000
79336  24.798  -14.448  -21.170 0.7500000000
79323  25.542  -15.076  -20.960 0.7500000000
79334  26.289  -13.935  -21.499 0.7500000000
80352  21.718  -13.046  -19.470 0.7500000000
80373  22.220  -12.650  -19.735 0.7500000000
80392  24.351  -13.690  -21.184 0.7500000000
81430  23.370  -12.570  -20.466 0.7500000000
81449  24.659  -12.094  -21.371 0.7500000000
81432  22.129  -11.862  -19.848 0.7500000000
82402  20.856  -11.289  -19.501 0.6250000000
82418  23.130  -11.906  -20.476 0.7500000000
82435  24.165  -11.279  -20.991 0.8750000000
82434  25.633  -11.595  -21.688 0.7500000000
147396  23.678  -10.245  -21.356 0.8750000000
83448  26.651  -10.317  -22.411 0.7500000000
84416  26.893  -9.401  -22.611 0.7500000000
135398  25.613  -9.560  -22.452 0.8750000000
84415  27.568  -9.282  -22.551 0.6250000000
86292  27.646  -7.621  -23.059 0.7500000000
86272  29.963  -7.188  -21.272 0.2500000000
86280  29.521  -7.259  -22.058 0.5000000000
86290  29.005  -7.171  -22.535 0.6250000000
88271  28.639  -5.980  -23.021 0.7500000000
88269  30.066  -5.272  -22.077 0.5000000000
88247  31.457  -4.965  -20.976 0.2500000000
88248  30.871  -5.594  -20.945 0.1250000000
90059  31.310  -3.654  -20.956 0.2500000000
90076  30.678  -4.157  -21.534 0.3750000000
90926  32.343  -2.762  -20.141 0.1250000000
90928  31.038  -2.880  -20.619 0.5000000000
142176  31.503  -2.350  -20.278 0.1250000000
91748  32.589  -1.507  -19.749 0.1250000000
91765  30.709  -2.188  -20.063 0.5000000000
92689  33.395  -1.413  -19.562 0.1250000000
142774  32.106  -1.127  -19.903 0.1250000000
92703  32.210  -0.307  -19.738 0.1250000000
93635  31.899  0.399  -19.758 0.1250000000
139224  28.675  -0.084  -19.550 0.6250000000
93638  28.514  0.737  -19.822 0.6250000000
95562  28.947  2.612  -19.682 0.6250000000
152215  28.371  4.757  -21.088 0.7500000000
141359  28.555  6.009  -21.473 0.7500000000
96427  29.803  3.768  -19.875 0.5000000000
151365  27.144  6.017  -22.260 0.7500000000
97296  31.856  4.705  -20.845 0.3750000000
98994  29.045  6.833  -21.373 0.6250000000
98995  28.126  6.747  -21.649 0.7500000000
98136  30.640  5.340  -20.692 0.5000000000
98170  32.405  5.305  -22.674 0.1250000000
97318  32.522  4.492  -22.750 0.1250000000
132460  32.553  4.005  -21.856 0.2500000000
99808  31.184  7.175  -21.907 0.3750000000
100660  30.080  8.106  -21.775 0.3750000000
99006  32.129  6.201  -22.023 0.1250000000
143125  32.101  6.526  -22.618 0.3750000000
99836  31.825  7.806  -23.467 0.3750000000
99021  32.255  6.356  -23.366 0.1250000000
99033  32.259  6.324  -24.359 0.1250000000
101452  30.914  9.638  -23.376 0.3750000000
100701  31.569  8.546  -24.748 0.2500000000
99047  31.728  6.861  -25.733 0.1250000000
102986  26.778  11.778  -24.171 0.3750000000
101463  31.364  9.231  -24.135 0.2500000000
99897  31.306  7.522  -26.191 0.1250000000
100708  30.910  8.272  -26.632 0.1250000000
100707  31.333  8.471  -25.726 0.1250000000
102999  30.254  11.583  -24.989 0.3750000000
99898  30.805  7.281  -27.050 0.1250000000
131862  30.456  8.931  -27.985 0.1250000000
100728  30.242  8.092  -28.610 0.1250000000
101480  31.060  9.288  -26.237 0.1250000000
101481  30.742  9.728  -26.867 0.1250000000
99057  30.540  6.219  -27.466 0.1250000000
103761  28.064  13.039  -25.828 0.2500000000
103759  29.542  12.636  -26.065 0.2500000000
129979  30.637  10.520  -27.211 0.1250000000
101514  30.178  9.779  -29.414 0.1250000000
101492  30.557  9.679  -27.573 0.1250000000
153782  29.859  9.385  -30.014 0.1250000000
103760  28.658  13.024  -26.222 0.1250000000
135999  28.771  13.120  -27.231 0.1250000000
102257  30.475  11.159  -28.018 0.1250000000
100738  29.491  8.135  -30.359 0.1250000000
129521  30.509  10.346  -27.988 0.1250000000
103767  28.122  13.834  -28.841 0.1250000000
77306  24.119  -16.424  -19.570 0.7500000000
78255  24.524  -15.179  -20.620 0.7500000000
78254  25.424  -15.890  -20.642 0.7500000000
77307  22.925  -15.602  -19.333 0.7500000000
81413  21.038  -12.055  -19.421 0.5000000000
81412  21.685  -12.308  -19.583 0.6250000000
83436  28.043  -10.736  -22.293 0.6250000000
84405  28.775  -9.475  -22.200 0.5000000000
94637  33.781  1.013  -20.429 0.1250000000
94659  34.601  1.035  -20.983 0.1250000000
99931  29.859  6.889  -28.981 0.1250000000
99945  29.751  7.728  -29.533 0.1250000000
78218  22.036  -15.675  -18.948 0.7500000000
79305  21.741  -13.801  -19.256 0.5000000000
77304  25.739  -16.713  -19.844 0.6250000000
78233  26.088  -16.363  -20.403 0.6250000000
78231  27.544  -15.773  -20.094 0.3750000000
78252  27.146  -15.447  -20.674 0.6250000000
147606  28.761  -13.894  -20.415 0.2500000000
79321  28.200  -14.193  -20.708 0.3750000000
85315  29.227  -8.879  -21.923 0.3750000000
77317  25.386  -16.365  -20.226 0.6250000000
81429  28.076  -12.975  -21.467 0.5000000000
82432  27.858  -11.594  -22.068 0.5000000000
78217  27.846  -15.806  -19.210 0.5000000000
83446  28.143  -9.875  -22.414 0.5000000000
76355  24.835  -17.560  -18.877 0.6250000000
79288  21.309  -14.248  -18.595 0.3750000000
76371  24.446  -17.033  -19.206 0.6250000000
77291  22.740  -16.395  -18.912 0.6250000000
77287  27.506  -16.357  -18.682 0.3750000000
77288  26.742  -16.721  -19.039 0.5000000000
77289  26.022  -16.973  -19.228 0.6250000000
145864  20.798  -13.896  -18.311 0.2500000000
78216  28.479  -15.415  -18.928 0.3750000000
80367  29.164  -13.311  -20.363 0.2500000000
139516  29.213  -14.396  -19.448 0.2500000000
83414  20.631  -10.519  -19.642 0.3750000000
81428  28.677  -12.773  -21.025 0.2500000000
81445  28.310  -12.205  -21.594 0.3750000000
82431  28.679  -11.274  -21.713 0.2500000000
84404  29.226  -9.751  -21.677 0.2500000000
85308  29.593  -9.120  -21.083 0.2500000000
93661  18.591  1.260  -21.674 0.2500000000
139629  30.162  -7.818  -20.686 0.2500000000
95602  20.554  2.486  -22.516 0.3750000000
94679  19.228  1.907  -21.956 0.2500000000
97333  22.492  4.623  -24.171 0.2500000000
100676  23.133  8.691  -22.937 0.2500000000
90917  17.642  -2.104  -18.500 0.2500000000
82403  20.161  -10.778  -18.990 0.2500000000
81447  27.102  -12.527  -21.838 0.5000000000
78237  21.859  -14.634  -19.032 0.5000000000
78232  26.896  -16.241  -20.425 0.6250000000
80370  27.050  -13.879  -21.447 0.5000000000
86273  29.613  -8.107  -21.395 0.2500000000
80338  21.253  -13.463  -18.878 0.3750000000
80353  21.202  -12.747  -19.162 0.3750000000
149849  23.426  -16.201  -19.317 0.6250000000
83435  28.739  -10.312  -22.022 0.2500000000
77303  26.495  -16.638  -19.886 0.5000000000
79302  27.856  -14.945  -20.337 0.2500000000
78230  28.198  -15.233  -19.637 0.2500000000
135378  29.605  -14.069  -19.366 0.2500000000
80368  28.435  -13.467  -20.914 0.3750000000
77302  27.217  -16.365  -19.707 0.5000000000
77286  28.371  -15.931  -18.309 0.3750000000
78219  21.441  -15.116  -18.383 0.3750000000
77290  23.553  -16.962  -18.970 0.6250000000
76352  27.072  -16.940  -18.147 0.3750000000
76353  26.291  -17.280  -18.495 0.5000000000
83434  29.237  -10.570  -21.408 0.2500000000
91736  17.538  -1.807  -17.173 0.1250000000
75411  22.913  -18.166  -18.187 0.5000000000
144558  26.643  -17.608  -17.711 0.2500000000
154979  25.493  -18.469  -17.519 0.3750000000
76340  25.757  -17.954  -18.075 0.5000000000
75410  23.729  -18.276  -18.433 0.5000000000
75397  22.587  -18.837  -17.570 0.3750000000
154809  22.500  -17.705  -18.084 0.5000000000
152349  23.398  -17.702  -18.581 0.5000000000
77292  22.006  -16.588  -18.507 0.3750000000
74445  21.345  -19.560  -16.065 0.1250000000
75382  22.040  -19.175  -17.126 0.3750000000
77274  21.485  -16.546  -17.603 0.2500000000
73441  22.033  -20.889  -15.843 0.1250000000
74444  21.980  -19.767  -16.719 0.2500000000
74443  22.794  -19.975  -16.960 0.3750000000
76339  26.219  -18.234  -17.263 0.2500000000
74441  24.730  -19.507  -16.732 0.3750000000
74456  24.849  -18.874  -17.440 0.5000000000
74418  21.308  -20.018  -15.536 0.1250000000
74459  22.488  -19.478  -17.203 0.3750000000
74457  23.987  -19.217  -17.447 0.3750000000
145618  20.691  -17.994  -16.030 0.1250000000
76343  21.008  -16.871  -16.787 0.1250000000
143939  21.631  -15.905  -18.223 0.3750000000
76356  24.064  -17.718  -18.865 0.5000000000
75409  24.500  -18.200  -18.565 0.5000000000
78198  21.158  -15.572  -17.659 0.2500000000
76338  27.485  -17.256  -17.333 0.2500000000
75396  23.395  -18.810  -17.910 0.5000000000
75395  24.222  -18.648  -17.994 0.5000000000
76341  22.305  -17.989  -17.615 0.5000000000
75394  25.004  -18.442  -18.115 0.3750000000
74458  23.129  -19.420  -17.416 0.3750000000
75398  21.863  -18.470  -17.128 0.2500000000
76342  21.557  -17.560  -17.144 0.1250000000
76358  22.070  -17.301  -17.947 0.1250000000
76357  22.687  -17.298  -18.507 0.5000000000
73463  21.709  -20.264  -16.047 0.1250000000
74419  20.855  -19.343  -15.256 0.1250000000
75383  21.499  -19.037  -16.666 0.2500000000
75384  20.952  -18.783  -16.004 0.1250000000
73442  21.419  -20.686  -15.463 0.1250000000
75381  25.677  -18.858  -16.786 0.2500000000
76324  21.222  -18.233  -16.561 0.1250000000
76325  20.967  -17.566  -16.519 0.1250000000
73461  23.278  -20.390  -16.453 0.2500000000
73460  24.187  -20.163  -16.227 0.2500000000
81397  20.682  -12.422  -18.772 0.2500000000
75380  26.703  -18.657  -16.632 0.2500000000
73462  22.422  -20.438  -16.397 0.1250000000
74442  23.676  -19.787  -16.889 0.2500000000
139048  23.733  -20.662  -15.897 0.1250000000
81398  20.036  -12.476  -18.148 0.1250000000
138187  22.436  6.036  -24.131 0.1250000000
99010  22.373  6.681  -23.367 0.1250000000
98996  22.420  6.536  -21.835 0.1250000000
99826  22.550  7.412  -23.881 0.1250000000
98985  22.270  6.880  -20.765 0.1250000000
99814  22.608  7.268  -22.608 0.1250000000
146897  22.061  5.283  -22.537 0.1250000000
99805  22.577  7.218  -21.453 0.1250000000
99813  22.873  7.819  -22.003 0.1250000000
99801  23.057  7.748  -19.759 0.1250000000
97321  21.994  4.639  -23.165 0.1250000000
98173  22.153  5.296  -23.569 0.1250000000
79273  20.785  -14.626  -17.771 0.1250000000
80327  20.016  -13.133  -17.842 0.1250000000
95580  19.455  2.370  -21.996 0.1250000000
151906  22.193  5.294  -21.946 0.1250000000
98151  22.180  5.752  -21.675 0.1250000000
142754  21.991  6.286  -20.973 0.1250000000
99800  23.683  8.216  -19.415 0.1250000000
147244  23.342  8.062  -20.173 0.1250000000
83400  19.563  -10.159  -18.678 0.1250000000
80339  20.602  -13.179  -18.418 0.1250000000
80326  20.424  -13.864  -17.904 0.1250000000
95603  19.520  2.307  -21.976 0.1250000000
82388  19.519  -10.923  -18.325 0.1250000000
82387  20.313  -11.651  -18.687 0.1250000000
81365  19.444  -11.968  -17.467 0.1250000000
81382  19.635  -12.278  -17.660 0.1250000000
98163  22.173  5.918  -22.793 0.1250000000
99804  22.737  7.586  -20.669 0.1250000000
98980  22.085  6.511  -20.505 0.1250000000
99803  23.416  8.240  -21.293 0.1250000000
98131  22.236  5.280  -19.071 0.1250000000
77272  28.800  -16.513  -17.618 0.1250000000
78215  29.242  -15.416  -18.457 0.1250000000
79287  28.885  -14.896  -19.179 0.1250000000
79286  29.679  -14.592  -18.853 0.1250000000
80351  29.736  -13.541  -19.629 0.1250000000
81411  29.838  -12.865  -19.840 0.1250000000
82400  29.916  -12.097  -19.908 0.1250000000
82416  29.450  -11.817  -20.444 0.1250000000
153961  31.476  -10.704  -19.113 0.1250000000
83413  30.865  -10.629  -19.512 0.1250000000
152107  29.628  -10.657  -20.646 0.1250000000
84380  31.618  -9.297  -19.316 0.1250000000
83425  29.615  -9.965  -20.841 0.1250000000
85294  31.521  -8.406  -19.429 0.1250000000
85295  30.869  -8.938  -19.792 0.1250000000
85306  30.704  -8.039  -19.974 0.1250000000
74440  26.366  -19.299  -16.195 0.1250000000
75379  27.644  -18.529  -16.529 0.1250000000
76337  28.350  -17.040  -17.102 0.1250000000
77270  30.398  -16.355  -17.315 0.1250000000
77271  29.617  -16.491  -17.466 0.1250000000
78214  30.205  -15.193  -18.227 0.1250000000
79284  30.890  -13.601  -18.665 0.1250000000
81396  31.078  -12.777  -18.885 0.1250000000
131535  30.547  -11.688  -19.494 0.1250000000
82380  31.696  -11.241  -18.769 0.1250000000
86271  30.489  -7.147  -20.377 0.1250000000
86258  31.253  -7.297  -19.534 0.1250000000
86257  32.161  -7.877  -19.037 0.1250000000
87281  30.924  -6.308  -20.187 0.1250000000
77273  27.861  -16.528  -17.739 0.1250000000
77285  29.174  -16.029  -17.901 0.1250000000
85307  30.165  -8.587  -20.510 0.1250000000
80337  30.137  -13.876  -19.014 0.1250000000
83424  30.236  -10.282  -20.155 0.1250000000
76323  27.116  -18.008  -17.022 0.1250000000
76322  27.986  -17.736  -16.731 0.1250000000
144479  25.585  -19.501  -16.261 0.1250000000
76336  29.296  -17.103  -17.144 0.1250000000
79285  30.542  -14.399  -18.450 0.1250000000
80336  30.420  -13.204  -19.300 0.1250000000
82399  30.059  -11.208  -20.048 0.1250000000
84381  30.903  -9.766  -19.628 0.1250000000
82398  31.092  -11.231  -19.240 0.1250000000
83412  31.553  -10.068  -19.200 0.1250000000
84395  30.226  -9.448  -20.312 0.1250000000
153864  32.491  -8.276  -18.773 0.1250000000
74416  26.944  -19.827  -15.759 0.1250000000
74438  28.208  -19.140  -16.183 0.1250000000
79272  30.982  -14.953  -17.862 0.1250000000
131955  32.537  -7.172  -18.688 0.1250000000
75408  25.140  -18.032  -18.559 0.5000000000
76354  25.563  -17.459  -18.731 0.6250000000
76370  25.261  -17.003  -19.210 0.6250000000
77305  24.930  -16.579  -19.691 0.6250000000
78197  29.876  -15.825  -17.769 0.1250000000
78236  22.483  -14.846  -19.399 0.7500000000
79300  29.212  -13.957  -19.896 0.2500000000
79301  28.616  -14.490  -19.947 0.2500000000
79322  27.467  -14.498  -20.938 0.3750000000
80369  27.810  -13.703  -21.276 0.5000000000
80389  27.431  -13.124  -21.646 0.5000000000
81410  30.499  -12.449  -19.412 0.1250000000
81427  29.300  -12.504  -20.445 0.1250000000
81446  27.673  -12.388  -21.822 0.5000000000
82417  28.906  -11.993  -21.040 0.1250000000
82430  29.315  -11.270  -20.910 0.1250000000
82445  26.778  -11.133  -22.421 0.7500000000
84379  32.230  -8.792  -18.900 0.1250000000
84414  28.190  -9.161  -22.432 0.6250000000
84417  26.242  -9.473  -22.604 0.8750000000
86291  28.291  -6.921  -22.726 0.6250000000
87299  28.831  -6.500  -22.758 0.6250000000
87301  27.759  -6.559  -23.174 0.7500000000
87305  22.210  -6.211  -22.537 1.0000000000
87312  26.548  -6.353  -23.519 0.7500000000
88283  26.264  -5.599  -23.620 1.0000000000
88284  24.656  -5.450  -23.516 1.0000000000
89182  28.820  -4.992  -22.851 0.6250000000
89193  26.655  -4.586  -23.582 1.0000000000
89194  26.202  -4.554  -23.663 1.0000000000
90043  32.531  -3.350  -19.856 0.1250000000
90101  25.341  -3.096  -23.781 1.0000000000
90105  22.019  -3.512  -23.270 1.0000000000
90909  32.862  -2.794  -19.689 0.1250000000
90929  30.091  -2.689  -20.554 0.5000000000
90963  25.815  -2.773  -23.600 1.0000000000
91745  34.983  -1.306  -19.112 0.1250000000
91755  17.633  -1.464  -17.726 0.1250000000
91787  18.639  -1.584  -21.171 0.3750000000
91807  25.571  -1.476  -23.790 1.0000000000
92690  32.801  -0.706  -19.637 0.1250000000
92704  31.395  -0.557  -19.697 0.1250000000
92739  20.483  -0.423  -22.582 1.0000000000
93689  23.494  0.383  -23.921 1.0000000000
93701  24.649  0.711  -24.381 1.0000000000
94622  30.884  2.049  -19.617 0.3750000000
94643  28.440  1.476  -19.971 0.6250000000
94664  18.907  2.008  -21.800 0.2500000000
94692  23.441  1.253  -24.087 1.0000000000
95560  30.291  2.600  -19.563 0.5000000000
95599  32.791  2.333  -21.937 0.1250000000
95601  26.272  1.916  -22.676 1.0000000000
96413  30.466  3.338  -19.660 0.3750000000
97298  30.027  4.629  -20.312 0.5000000000
97308  32.284  4.661  -21.328 0.2500000000
98160  32.345  5.658  -22.031 0.2500000000
99007  31.810  6.867  -22.284 0.3750000000
99812  27.648  7.378  -21.961 0.7500000000
99820  31.450  7.693  -22.624 0.3750000000
100670  29.866  8.779  -22.082 0.3750000000
100694  31.595  8.490  -23.873 0.2500000000
101435  29.610  9.517  -22.414 0.3750000000
101504  30.399  9.735  -28.407 0.1250000000
102217  22.706  10.264  -25.850 0.7500000000
103016  30.092  12.086  -27.185 0.1250000000
128998  24.687  0.094  -24.406 1.0000000000
129176  27.907  -8.515  -22.635 0.5000000000
133451  23.078  12.889  -27.127 0.2500000000
136852  19.536  -1.309  -22.192 0.6250000000
136892  29.167  -6.141  -22.701 0.7500000000
136944  21.016  -2.832  -22.610 1.0000000000
137615  24.139  -2.791  -23.862 1.0000000000
138437  26.456  -11.499  -22.026 0.7500000000
140891  31.886  -7.001  -19.026 0.1250000000
141449  23.773  -0.707  -23.582 1.0000000000
141554  25.023  -13.855  -21.408 0.7500000000
141588  32.259  5.971  -22.615 0.1250000000
141784  27.671  12.841  -25.228 0.2500000000
143486  31.619  6.116  -25.986 0.1250000000
143947  28.375  2.706  -20.217 0.6250000000
144290  34.275  -0.838  -19.485 0.1250000000
144632  26.261  0.687  -23.287 1.0000000000
146577  19.012  -9.767  -17.808 0.1250000000
148627  30.661  -4.781  -21.725 0.3750000000
150181  24.695  2.793  -24.227 1.0000000000
150733  30.865  -5.121  -21.552 0.2500000000
151607  32.491  5.192  -24.242 0.1250000000
152038  30.650  -11.191  -19.545 0.1250000000
152847  28.590  8.410  -21.894 0.7500000000
153193  32.350  3.079  -20.726 0.2500000000
153267  31.127  9.809  -25.748 0.2500000000
154579  18.706  -3.155  -20.902 0.5000000000
154691  23.702  -0.184  -23.807 1.0000000000
