#!ascii label  , from subject sub001 vox2ras=TkReg
649
80352  21.718  -13.046  -19.470 0.0000000000
90077  29.803  -3.926  -21.644 0.0000000000
97331  25.974  4.826  -23.471 0.0000000000
143101  19.861  0.248  -22.255 0.0000000000
75409  24.500  -18.200  -18.565 0.0000000000
147606  28.761  -13.894  -20.415 0.0000000000
84418  24.908  -9.312  -22.363 0.0000000000
89171  21.525  -4.764  -22.374 0.0000000000
93658  27.364  0.425  -21.556 0.0000000000
98170  32.405  5.305  -22.674 0.0000000000
100674  25.381  9.194  -24.171 0.0000000000
77307  22.925  -15.602  -19.333 0.0000000000
77303  26.495  -16.638  -19.886 0.0000000000
79336  24.798  -14.448  -21.170 0.0000000000
87284  19.729  -6.679  -20.401 0.0000000000
133959  18.607  -4.081  -20.104 0.0000000000
94706  24.032  1.314  -24.303 0.0000000000
152676  24.709  -0.273  -24.280 0.0000000000
95600  26.756  2.389  -22.063 0.0000000000
96414  29.631  3.031  -19.629 0.0000000000
146852  28.876  5.365  -21.152 0.0000000000
149683  23.662  10.103  -23.244 0.0000000000
100696  22.862  8.930  -26.145 0.0000000000
128522  24.744  11.576  -25.430 0.0000000000
86302  27.094  -6.921  -23.337 0.0000000000
84405  28.775  -9.475  -22.200 0.0000000000
87282  30.321  -6.363  -21.010 0.0000000000
144045  23.174  4.548  -25.122 0.0000000000
142774  32.106  -1.127  -19.903 0.0000000000
82403  20.161  -10.778  -18.990 0.0000000000
82436  23.366  -11.312  -20.631 0.0000000000
84396  21.335  -9.747  -20.719 0.0000000000
86297  22.835  -7.079  -22.678 0.0000000000
137979  25.846  -5.005  -23.680 0.0000000000
90955  20.398  -2.499  -22.338 0.0000000000
146143  24.801  -2.625  -23.894 0.0000000000
91784  28.021  -2.111  -21.381 0.0000000000
94640  31.541  1.344  -19.783 0.0000000000
140760  22.824  6.596  -26.226 0.0000000000
99823  26.285  7.441  -22.940 0.0000000000
103740  27.534  12.372  -24.490 0.0000000000
102200  29.195  10.309  -22.707 0.0000000000
99811  28.584  7.633  -21.689 0.0000000000
99856  32.164  7.123  -23.880 0.0000000000
82433  27.122  -11.774  -22.146 0.0000000000
80339  20.602  -13.179  -18.418 0.0000000000
79288  21.309  -14.248  -18.595 0.0000000000
149906  22.178  -14.151  -19.515 0.0000000000
78256  23.575  -14.657  -20.210 0.0000000000
154516  23.335  -13.914  -20.373 0.0000000000
142923  25.183  2.904  -23.846 0.0000000000
95612  25.633  2.159  -23.396 0.0000000000
96451  26.859  3.802  -22.366 0.0000000000
96450  27.413  3.681  -21.806 0.0000000000
98150  27.908  5.192  -21.462 0.0000000000
102202  23.957  11.460  -24.364 0.0000000000
102203  22.968  10.799  -25.074 0.0000000000
102988  24.173  11.806  -25.433 0.0000000000
142358  28.333  -5.474  -23.175 0.0000000000
87291  29.381  -6.599  -22.453 0.0000000000
88269  30.066  -5.272  -22.077 0.0000000000
95628  22.727  2.981  -24.141 0.0000000000
96463  22.338  3.853  -23.720 0.0000000000
75411  22.913  -18.166  -18.187 0.0000000000
75396  23.395  -18.810  -17.910 0.0000000000
74456  24.849  -18.874  -17.440 0.0000000000
144558  26.643  -17.608  -17.711 0.0000000000
78231  27.544  -15.773  -20.094 0.0000000000
77286  28.371  -15.931  -18.309 0.0000000000
83428  20.928  -10.212  -20.323 0.0000000000
133069  19.815  -8.853  -19.705 0.0000000000
87283  20.343  -5.980  -21.173 0.0000000000
87293  21.144  -6.593  -21.370 0.0000000000
88274  22.568  -5.619  -22.881 0.0000000000
87315  24.015  -6.039  -23.217 0.0000000000
144243  23.915  -4.868  -23.563 0.0000000000
90946  19.077  -2.240  -21.529 0.0000000000
91796  20.318  -1.284  -22.487 0.0000000000
93685  26.147  0.079  -23.520 0.0000000000
91809  23.778  -1.557  -23.492 0.0000000000
91806  26.005  -1.414  -23.675 0.0000000000
91805  26.553  -2.178  -23.427 0.0000000000
91785  27.351  -1.348  -21.906 0.0000000000
92706  29.227  -0.975  -19.618 0.0000000000
93638  28.514  0.737  -19.822 0.0000000000
97296  31.856  4.705  -20.845 0.0000000000
95572  31.792  3.201  -20.201 0.0000000000
100695  23.565  9.757  -26.323 0.0000000000
99860  22.649  7.716  -26.119 0.0000000000
99858  23.564  8.108  -26.363 0.0000000000
99035  24.247  6.603  -25.842 0.0000000000
99824  25.647  8.198  -23.685 0.0000000000
101422  29.037  8.937  -22.075 0.0000000000
101434  31.037  8.981  -22.998 0.0000000000
99821  30.740  7.885  -22.111 0.0000000000
147396  23.678  -10.245  -21.356 0.0000000000
154540  24.774  -11.283  -21.536 0.0000000000
83449  25.839  -10.197  -22.297 0.0000000000
85307  30.165  -8.587  -20.510 0.0000000000
83434  29.237  -10.570  -21.408 0.0000000000
77292  22.006  -16.588  -18.507 0.0000000000
77290  23.553  -16.962  -18.970 0.0000000000
77289  26.022  -16.973  -19.228 0.0000000000
77317  25.386  -16.365  -20.226 0.0000000000
78253  26.322  -15.744  -20.771 0.0000000000
135794  26.526  -14.715  -21.095 0.0000000000
87274  18.831  -6.690  -19.213 0.0000000000
88255  19.129  -5.386  -20.070 0.0000000000
89162  19.442  -4.383  -21.059 0.0000000000
93672  21.620  0.670  -22.949 0.0000000000
92754  22.914  -0.341  -23.614 0.0000000000
93688  24.174  0.587  -24.265 0.0000000000
140465  25.729  0.604  -23.838 0.0000000000
94675  26.923  1.109  -21.930 0.0000000000
148016  28.489  2.138  -19.937 0.0000000000
95588  27.828  2.742  -20.981 0.0000000000
97299  29.103  4.011  -20.383 0.0000000000
98149  31.188  5.882  -21.133 0.0000000000
100676  23.133  8.691  -22.937 0.0000000000
101456  22.637  10.541  -25.474 0.0000000000
101467  22.419  10.676  -25.998 0.0000000000
101455  24.945  10.503  -25.111 0.0000000000
85337  26.160  -8.025  -23.516 0.0000000000
84416  26.893  -9.401  -22.611 0.0000000000
134272  28.426  -7.789  -22.565 0.0000000000
85325  29.105  -7.974  -22.190 0.0000000000
94678  19.993  1.870  -22.250 0.0000000000
95614  22.435  2.111  -23.872 0.0000000000
134094  23.409  2.889  -24.500 0.0000000000
97341  24.484  4.510  -24.760 0.0000000000
76352  27.072  -16.940  -18.147 0.0000000000
90928  31.038  -2.880  -20.619 0.0000000000
90059  31.310  -3.654  -20.956 0.0000000000
81413  21.038  -12.055  -19.421 0.0000000000
81431  22.695  -12.251  -20.099 0.0000000000
82420  21.902  -11.161  -20.174 0.0000000000
83426  22.316  -10.658  -20.512 0.0000000000
84407  22.693  -9.399  -21.244 0.0000000000
85310  20.704  -7.925  -20.735 0.0000000000
129555  22.057  -8.013  -21.854 0.0000000000
85329  23.767  -8.209  -22.445 0.0000000000
86305  25.095  -7.005  -23.548 0.0000000000
88282  26.858  -5.560  -23.541 0.0000000000
89183  27.963  -4.830  -23.259 0.0000000000
90081  19.034  -3.043  -21.292 0.0000000000
90090  21.393  -3.393  -22.706 0.0000000000
136155  21.990  -1.907  -23.170 0.0000000000
90966  22.444  -2.790  -23.373 0.0000000000
89197  22.224  -4.069  -23.679 0.0000000000
148116  25.354  -4.114  -23.826 0.0000000000
90099  26.788  -3.913  -23.544 0.0000000000
90078  28.752  -3.594  -21.902 0.0000000000
91766  29.620  -2.023  -19.890 0.0000000000
93635  31.899  0.399  -19.758 0.0000000000
94623  29.950  1.891  -19.502 0.0000000000
97343  23.214  4.916  -26.005 0.0000000000
98172  24.841  5.659  -25.225 0.0000000000
98171  25.729  5.680  -24.038 0.0000000000
102986  26.778  11.778  -24.171 0.0000000000
101453  26.904  10.551  -23.461 0.0000000000
102214  28.657  11.010  -23.212 0.0000000000
101437  27.033  9.811  -23.111 0.0000000000
100672  27.156  8.896  -22.571 0.0000000000
99822  26.975  7.157  -22.299 0.0000000000
151365  27.144  6.017  -22.260 0.0000000000
98994  29.045  6.833  -21.373 0.0000000000
98992  30.773  6.626  -21.386 0.0000000000
99021  32.255  6.356  -23.366 0.0000000000
80393  24.107  -12.797  -20.968 0.0000000000
81448  25.622  -12.581  -21.584 0.0000000000
81429  28.076  -12.975  -21.467 0.0000000000
83436  28.043  -10.736  -22.293 0.0000000000
81445  28.310  -12.205  -21.594 0.0000000000
80338  21.253  -13.463  -18.878 0.0000000000
145864  20.798  -13.896  -18.311 0.0000000000
79305  21.741  -13.801  -19.256 0.0000000000
78237  21.859  -14.634  -19.032 0.0000000000
79304  22.215  -13.450  -19.700 0.0000000000
79303  22.818  -14.124  -19.837 0.0000000000
96462  25.307  3.992  -23.806 0.0000000000
146356  25.692  3.158  -23.313 0.0000000000
96461  26.126  3.900  -22.984 0.0000000000
97319  27.377  4.481  -22.002 0.0000000000
97320  26.740  4.667  -22.656 0.0000000000
89181  29.531  -5.053  -22.399 0.0000000000
88270  29.188  -5.579  -22.693 0.0000000000
89170  30.042  -4.667  -21.922 0.0000000000
75410  23.729  -18.276  -18.433 0.0000000000
75395  24.222  -18.648  -17.994 0.0000000000
75394  25.004  -18.442  -18.115 0.0000000000
154979  25.493  -18.469  -17.519 0.0000000000
76340  25.757  -17.954  -18.075 0.0000000000
79302  27.856  -14.945  -20.337 0.0000000000
78230  28.198  -15.233  -19.637 0.0000000000
139516  29.213  -14.396  -19.448 0.0000000000
135378  29.605  -14.069  -19.366 0.0000000000
84386  19.652  -9.542  -19.131 0.0000000000
151375  19.294  -8.935  -19.021 0.0000000000
134722  20.746  -4.902  -21.710 0.0000000000
88263  21.283  -5.660  -21.831 0.0000000000
88275  21.932  -5.559  -22.501 0.0000000000
88286  23.044  -5.173  -23.431 0.0000000000
135263  22.368  -4.722  -23.015 0.0000000000
92726  18.997  -0.450  -21.858 0.0000000000
92740  19.674  -0.508  -22.235 0.0000000000
92737  26.492  -0.386  -23.072 0.0000000000
92750  26.027  -0.660  -23.645 0.0000000000
92725  26.991  -0.455  -22.285 0.0000000000
91794  26.643  -1.256  -23.036 0.0000000000
92724  27.578  -0.541  -21.278 0.0000000000
93657  27.935  0.148  -20.488 0.0000000000
141190  32.462  4.994  -21.926 0.0000000000
132460  32.553  4.005  -21.856 0.0000000000
100685  24.494  9.980  -25.678 0.0000000000
99838  24.753  8.597  -25.129 0.0000000000
101452  30.914  9.638  -23.376 0.0000000000
101463  31.364  9.231  -24.135 0.0000000000
101451  31.259  8.971  -23.489 0.0000000000
83451  24.215  -9.870  -21.843 0.0000000000
83438  24.370  -10.625  -21.512 0.0000000000
83450  25.091  -10.025  -21.936 0.0000000000
85295  30.869  -8.938  -19.792 0.0000000000
84395  30.226  -9.448  -20.312 0.0000000000
78218  22.036  -15.675  -18.948 0.0000000000
143939  21.631  -15.905  -18.223 0.0000000000
77291  22.740  -16.395  -18.912 0.0000000000
149849  23.426  -16.201  -19.317 0.0000000000
77306  24.119  -16.424  -19.570 0.0000000000
79324  23.971  -14.267  -20.853 0.0000000000
78255  24.524  -15.179  -20.620 0.0000000000
79323  25.542  -15.076  -20.960 0.0000000000
79335  25.623  -14.295  -21.343 0.0000000000
89147  18.550  -4.419  -19.566 0.0000000000
88221  18.569  -5.322  -19.253 0.0000000000
89146  18.760  -4.911  -19.686 0.0000000000
138162  19.449  -5.021  -20.624 0.0000000000
89163  19.000  -4.596  -20.398 0.0000000000
94693  22.814  1.106  -23.655 0.0000000000
93690  22.518  0.504  -23.442 0.0000000000
94691  25.410  1.267  -23.954 0.0000000000
94690  25.997  1.263  -23.377 0.0000000000
94676  26.508  1.143  -22.716 0.0000000000
142231  26.691  1.690  -22.124 0.0000000000
95589  27.177  1.988  -21.444 0.0000000000
133742  27.359  2.901  -21.622 0.0000000000
152215  28.371  4.757  -21.088 0.0000000000
97309  28.410  4.128  -20.895 0.0000000000
98138  29.101  4.721  -20.765 0.0000000000
98136  30.640  5.340  -20.692 0.0000000000
98137  29.756  5.424  -20.736 0.0000000000
100663  24.004  9.143  -22.108 0.0000000000
100675  23.016  9.832  -23.906 0.0000000000
152748  22.571  10.867  -25.774 0.0000000000
135422  23.963  10.790  -26.057 0.0000000000
101465  23.686  10.589  -26.295 0.0000000000
102216  25.002  10.987  -25.108 0.0000000000
86303  26.508  -7.242  -23.470 0.0000000000
86293  26.855  -7.918  -23.406 0.0000000000
86292  27.646  -7.621  -23.059 0.0000000000
87290  29.848  -6.512  -21.861 0.0000000000
86280  29.521  -7.259  -22.058 0.0000000000
86272  29.963  -7.188  -21.272 0.0000000000
139629  30.162  -7.818  -20.686 0.0000000000
94679  19.228  1.907  -21.956 0.0000000000
94677  21.021  1.706  -22.681 0.0000000000
95615  21.439  2.482  -23.155 0.0000000000
96477  22.938  3.886  -24.573 0.0000000000
96476  23.601  3.812  -24.522 0.0000000000
96475  24.268  3.709  -24.427 0.0000000000
97342  23.761  4.521  -25.094 0.0000000000
76353  26.291  -17.280  -18.495 0.0000000000
77288  26.742  -16.721  -19.039 0.0000000000
77272  28.800  -16.513  -17.618 0.0000000000
142176  31.503  -2.350  -20.278 0.0000000000
82387  20.313  -11.651  -18.687 0.0000000000
82401  21.538  -11.596  -19.771 0.0000000000
82402  20.856  -11.289  -19.501 0.0000000000
83427  21.645  -10.488  -20.461 0.0000000000
83441  22.115  -9.967  -20.830 0.0000000000
84408  21.929  -8.954  -21.132 0.0000000000
86265  19.240  -7.176  -19.622 0.0000000000
85311  19.826  -7.786  -20.166 0.0000000000
86274  20.472  -7.053  -20.801 0.0000000000
86281  22.294  -7.014  -22.242 0.0000000000
86282  21.695  -7.201  -21.588 0.0000000000
85330  22.733  -7.935  -22.392 0.0000000000
86296  23.561  -7.329  -22.716 0.0000000000
86295  24.498  -7.560  -22.886 0.0000000000
87302  24.230  -6.781  -23.179 0.0000000000
149636  25.301  -5.222  -23.657 0.0000000000
141462  25.543  -5.613  -23.628 0.0000000000
140650  26.544  -5.075  -23.592 0.0000000000
142515  27.006  -5.142  -23.523 0.0000000000
89192  27.193  -4.705  -23.478 0.0000000000
91797  19.612  -2.056  -22.099 0.0000000000
90945  19.922  -2.835  -21.738 0.0000000000
90079  20.340  -3.532  -21.851 0.0000000000
90091  20.721  -3.162  -22.263 0.0000000000
138558  21.995  -0.879  -23.258 0.0000000000
91810  22.897  -1.263  -23.429 0.0000000000
145935  24.520  -1.921  -23.712 0.0000000000
141669  22.908  -2.075  -23.484 0.0000000000
90965  23.405  -2.638  -23.744 0.0000000000
90104  22.664  -3.566  -23.790 0.0000000000
90103  23.558  -3.480  -24.006 0.0000000000
90102  24.548  -3.361  -23.958 0.0000000000
90944  27.369  -2.303  -22.611 0.0000000000
90953  27.072  -3.123  -23.249 0.0000000000
152778  28.185  -2.790  -22.052 0.0000000000
146426  27.885  -3.344  -22.669 0.0000000000
90943  28.654  -2.818  -21.422 0.0000000000
91783  29.051  -2.409  -20.784 0.0000000000
148647  29.325  -0.232  -19.242 0.0000000000
92705  30.220  -0.367  -19.314 0.0000000000
93636  30.904  0.438  -19.630 0.0000000000
140768  32.450  1.032  -19.895 0.0000000000
95562  28.947  2.612  -19.682 0.0000000000
94624  29.052  1.964  -19.590 0.0000000000
95561  29.557  2.410  -19.574 0.0000000000
99825  22.721  8.086  -23.535 0.0000000000
99839  22.744  8.085  -24.978 0.0000000000
99024  22.554  6.924  -25.011 0.0000000000
99037  22.610  6.021  -25.431 0.0000000000
98184  22.805  5.458  -26.002 0.0000000000
99023  25.223  6.550  -24.519 0.0000000000
98182  23.992  5.572  -26.221 0.0000000000
99022  26.171  6.526  -23.539 0.0000000000
103741  26.074  12.207  -24.859 0.0000000000
136512  25.962  11.208  -24.283 0.0000000000
102215  27.425  11.134  -23.479 0.0000000000
102213  29.739  10.850  -23.298 0.0000000000
102984  29.256  11.533  -23.787 0.0000000000
102201  27.979  10.307  -22.861 0.0000000000
150187  27.810  9.523  -22.525 0.0000000000
100661  29.304  8.254  -21.786 0.0000000000
100662  27.861  8.214  -22.032 0.0000000000
99008  27.370  6.637  -22.027 0.0000000000
98995  28.126  6.747  -21.649 0.0000000000
142518  27.698  5.985  -21.782 0.0000000000
99810  29.567  7.536  -21.492 0.0000000000
99836  31.825  7.806  -23.467 0.0000000000
99808  31.184  7.175  -21.907 0.0000000000
99835  32.058  7.122  -22.995 0.0000000000
143125  32.101  6.526  -22.618 0.0000000000
82418  23.130  -11.906  -20.476 0.0000000000
81430  23.370  -12.570  -20.466 0.0000000000
81450  23.810  -11.950  -20.766 0.0000000000
82434  25.633  -11.595  -21.688 0.0000000000
134841  26.448  -12.162  -21.754 0.0000000000
80390  26.546  -13.120  -21.667 0.0000000000
81447  27.102  -12.527  -21.838 0.0000000000
84415  27.568  -9.282  -22.551 0.0000000000
83447  27.385  -10.109  -22.424 0.0000000000
83446  28.143  -9.875  -22.414 0.0000000000
152107  29.628  -10.657  -20.646 0.0000000000
82431  28.679  -11.274  -21.713 0.0000000000
82416  29.450  -11.817  -20.444 0.0000000000
81428  28.677  -12.773  -21.025 0.0000000000
133696  23.099  -14.957  -19.736 0.0000000000
78235  23.785  -15.582  -19.845 0.0000000000
95625  24.536  2.023  -24.256 0.0000000000
94705  24.422  1.414  -24.302 0.0000000000
95613  25.086  2.016  -24.052 0.0000000000
142924  26.302  2.908  -22.658 0.0000000000
142922  26.936  3.128  -22.075 0.0000000000
97310  27.877  4.294  -21.400 0.0000000000
102187  23.978  10.742  -23.678 0.0000000000
101439  23.108  10.651  -24.637 0.0000000000
131480  24.037  11.714  -25.434 0.0000000000
88272  27.907  -5.859  -23.374 0.0000000000
87300  28.302  -6.316  -23.035 0.0000000000
88271  28.639  -5.980  -23.021 0.0000000000
88262  29.646  -5.967  -22.295 0.0000000000
88261  30.239  -5.760  -21.635 0.0000000000
154809  22.500  -17.705  -18.084 0.0000000000
76342  21.557  -17.560  -17.144 0.0000000000
76341  22.305  -17.989  -17.615 0.0000000000
75397  22.587  -18.837  -17.570 0.0000000000
75381  25.677  -18.858  -16.786 0.0000000000
75380  26.703  -18.657  -16.632 0.0000000000
76339  26.219  -18.234  -17.263 0.0000000000
77302  27.217  -16.365  -19.707 0.0000000000
78217  27.846  -15.806  -19.210 0.0000000000
83414  20.631  -10.519  -19.642 0.0000000000
83415  20.062  -10.145  -19.204 0.0000000000
84385  20.322  -9.729  -19.706 0.0000000000
84397  20.626  -9.324  -20.321 0.0000000000
87292  21.799  -6.354  -21.983 0.0000000000
87304  22.680  -6.398  -22.750 0.0000000000
87303  23.380  -6.570  -22.917 0.0000000000
88273  23.195  -5.867  -23.061 0.0000000000
88285  23.754  -5.473  -23.327 0.0000000000
142913  24.918  -4.811  -23.727 0.0000000000
91786  18.994  -1.380  -21.766 0.0000000000
152529  20.103  -1.906  -22.431 0.0000000000
92752  25.021  -0.409  -24.296 0.0000000000
143176  24.559  -0.837  -23.863 0.0000000000
92751  25.475  -0.841  -23.889 0.0000000000
91808  25.131  -1.198  -23.907 0.0000000000
90964  25.352  -2.099  -23.803 0.0000000000
139839  25.956  -2.097  -23.712 0.0000000000
146499  27.851  -1.291  -21.022 0.0000000000
91767  28.550  -1.647  -20.400 0.0000000000
92707  28.204  -0.741  -20.349 0.0000000000
139224  28.675  -0.084  -19.550 0.0000000000
93637  29.537  0.441  -19.239 0.0000000000
96426  30.694  4.056  -19.948 0.0000000000
146275  31.157  3.525  -19.831 0.0000000000
96425  31.531  4.035  -20.309 0.0000000000
96424  32.263  3.884  -20.863 0.0000000000
143030  22.830  9.376  -26.337 0.0000000000
99859  22.912  7.976  -26.402 0.0000000000
99036  23.289  6.686  -26.440 0.0000000000
134704  24.700  7.435  -25.124 0.0000000000
99837  25.478  7.438  -24.013 0.0000000000
101436  28.645  9.602  -22.408 0.0000000000
102199  30.180  10.101  -22.873 0.0000000000
144563  30.495  9.192  -22.586 0.0000000000
100669  30.424  8.493  -22.207 0.0000000000
100660  30.080  8.106  -21.775 0.0000000000
100668  30.904  8.437  -22.618 0.0000000000
100684  31.360  8.406  -23.160 0.0000000000
83439  23.596  -10.717  -20.913 0.0000000000
82435  24.165  -11.279  -20.991 0.0000000000
83437  25.298  -10.771  -21.838 0.0000000000
82446  26.124  -10.913  -22.133 0.0000000000
85308  29.593  -9.120  -21.083 0.0000000000
84404  29.226  -9.751  -21.677 0.0000000000
83425  29.615  -9.965  -20.841 0.0000000000
83424  30.236  -10.282  -20.155 0.0000000000
76358  22.070  -17.301  -17.947 0.0000000000
76357  22.687  -17.298  -18.507 0.0000000000
152349  23.398  -17.702  -18.581 0.0000000000
76356  24.064  -17.718  -18.865 0.0000000000
76355  24.835  -17.560  -18.877 0.0000000000
76371  24.446  -17.033  -19.206 0.0000000000
77304  25.739  -16.713  -19.844 0.0000000000
78233  26.088  -16.363  -20.403 0.0000000000
78234  24.692  -16.039  -20.172 0.0000000000
78254  25.424  -15.890  -20.642 0.0000000000
78232  26.896  -16.241  -20.425 0.0000000000
78252  27.146  -15.447  -20.674 0.0000000000
79321  28.200  -14.193  -20.708 0.0000000000
88240  19.186  -6.251  -19.871 0.0000000000
88241  18.734  -5.802  -19.446 0.0000000000
88254  19.588  -5.758  -20.599 0.0000000000
88253  19.982  -5.024  -21.106 0.0000000000
93673  20.567  0.711  -22.469 0.0000000000
92738  21.231  -0.248  -23.107 0.0000000000
92755  22.067  -0.093  -23.307 0.0000000000
92753  24.241  -0.121  -24.111 0.0000000000
94704  24.924  1.286  -24.313 0.0000000000
93700  25.189  0.601  -24.325 0.0000000000
93687  24.986  0.134  -24.464 0.0000000000
93686  25.473  -0.093  -24.136 0.0000000000
143207  26.683  0.364  -22.657 0.0000000000
93639  27.778  0.999  -20.543 0.0000000000
94662  27.432  1.285  -21.239 0.0000000000
95574  27.874  1.909  -20.596 0.0000000000
96428  28.969  3.294  -19.899 0.0000000000
96440  27.885  3.536  -21.237 0.0000000000
96439  28.381  3.428  -20.576 0.0000000000
96427  29.803  3.768  -19.875 0.0000000000
97297  31.070  4.693  -20.468 0.0000000000
98135  31.457  5.253  -20.878 0.0000000000
98148  32.013  5.504  -21.449 0.0000000000
100686  22.687  9.347  -24.932 0.0000000000
136559  22.565  10.262  -26.188 0.0000000000
101466  22.616  10.260  -26.224 0.0000000000
85327  25.722  -8.784  -22.892 0.0000000000
135398  25.613  -9.560  -22.452 0.0000000000
85326  26.524  -8.729  -23.103 0.0000000000
129137  27.202  -8.616  -23.017 0.0000000000
85316  28.644  -8.641  -22.355 0.0000000000
86290  29.005  -7.171  -22.535 0.0000000000
85315  29.227  -8.879  -21.923 0.0000000000
86273  29.613  -8.107  -21.395 0.0000000000
93674  19.518  1.164  -22.085 0.0000000000
94694  22.019  1.438  -23.181 0.0000000000
95627  23.331  2.092  -24.290 0.0000000000
95626  23.963  2.052  -24.338 0.0000000000
142426  24.078  2.817  -24.491 0.0000000000
96474  24.822  3.562  -24.241 0.0000000000
77287  27.506  -16.357  -18.682 0.0000000000
90060  30.475  -3.386  -21.157 0.0000000000
90076  30.678  -4.157  -21.534 0.0000000000
90927  31.784  -2.890  -20.524 0.0000000000
80353  21.202  -12.747  -19.162 0.0000000000
80373  22.220  -12.650  -19.735 0.0000000000
81412  21.685  -12.308  -19.583 0.0000000000
81432  22.129  -11.862  -19.848 0.0000000000
82419  22.606  -11.416  -20.333 0.0000000000
82421  21.326  -10.888  -19.981 0.0000000000
82437  22.924  -10.822  -20.634 0.0000000000
83440  22.956  -10.190  -20.909 0.0000000000
84406  23.428  -9.646  -21.565 0.0000000000
84419  23.995  -9.104  -22.216 0.0000000000
85301  19.101  -8.168  -19.283 0.0000000000
154394  20.387  -8.526  -20.346 0.0000000000
85309  21.082  -8.753  -20.739 0.0000000000
86283  21.077  -7.372  -21.156 0.0000000000
85319  21.393  -8.076  -21.278 0.0000000000
85318  22.512  -8.644  -21.668 0.0000000000
85317  23.164  -8.839  -21.880 0.0000000000
85328  24.741  -8.451  -22.626 0.0000000000
86294  25.383  -7.833  -23.188 0.0000000000
86304  25.924  -7.121  -23.546 0.0000000000
87314  24.893  -6.206  -23.534 0.0000000000
87313  25.756  -6.288  -23.614 0.0000000000
87311  27.279  -6.045  -23.463 0.0000000000
148680  27.314  -5.543  -23.486 0.0000000000
135938  27.574  -5.302  -23.430 0.0000000000
90087  29.226  -4.492  -22.205 0.0000000000
90049  18.464  -3.573  -19.964 0.0000000000
90068  18.907  -3.749  -20.843 0.0000000000
90080  19.596  -3.636  -21.431 0.0000000000
89173  20.167  -4.240  -21.626 0.0000000000
89172  21.008  -3.949  -22.215 0.0000000000
91795  21.180  -1.171  -22.855 0.0000000000
90954  20.953  -2.100  -22.683 0.0000000000
90967  21.657  -2.793  -22.931 0.0000000000
89184  21.768  -4.019  -22.934 0.0000000000
89196  22.956  -4.317  -23.891 0.0000000000
89195  24.193  -4.149  -23.915 0.0000000000
90962  26.309  -2.977  -23.423 0.0000000000
90100  26.101  -3.753  -23.629 0.0000000000
90089  27.532  -4.040  -23.255 0.0000000000
90088  28.379  -4.237  -22.743 0.0000000000
146888  29.501  -3.119  -21.252 0.0000000000
91765  30.709  -2.188  -20.063 0.0000000000
91764  31.457  -1.627  -19.913 0.0000000000
137349  30.453  -1.356  -19.561 0.0000000000
92703  32.210  -0.307  -19.738 0.0000000000
94642  29.321  1.259  -19.541 0.0000000000
95559  31.095  2.865  -19.656 0.0000000000
97344  22.886  4.791  -25.314 0.0000000000
98183  23.287  5.589  -26.359 0.0000000000
140996  23.939  4.910  -26.130 0.0000000000
142567  24.529  5.047  -25.646 0.0000000000
97332  25.178  4.955  -24.583 0.0000000000
103002  24.481  11.920  -25.615 0.0000000000
102987  25.287  11.703  -25.207 0.0000000000
101454  25.958  10.435  -23.931 0.0000000000
102985  28.107  11.767  -23.724 0.0000000000
101438  26.058  9.518  -23.449 0.0000000000
100673  26.186  8.492  -23.006 0.0000000000
100671  28.157  8.964  -22.113 0.0000000000
135346  27.058  7.905  -22.442 0.0000000000
99009  26.751  6.568  -22.584 0.0000000000
98162  26.637  5.652  -23.000 0.0000000000
98161  27.262  5.316  -22.185 0.0000000000
141359  28.555  6.009  -21.473 0.0000000000
148650  29.445  6.126  -21.073 0.0000000000
99809  30.385  7.383  -21.588 0.0000000000
98993  29.924  6.836  -21.120 0.0000000000
98983  30.279  6.104  -20.864 0.0000000000
98991  31.628  6.403  -21.680 0.0000000000
99006  32.129  6.201  -22.023 0.0000000000
149166  32.351  5.661  -23.237 0.0000000000
99034  32.073  7.046  -24.830 0.0000000000
99033  32.259  6.324  -24.359 0.0000000000
146116  32.418  5.677  -23.946 0.0000000000
98181  32.513  5.007  -23.588 0.0000000000
80372  22.908  -13.165  -20.019 0.0000000000
80371  23.630  -13.419  -20.657 0.0000000000
80392  24.351  -13.690  -21.184 0.0000000000
81449  24.659  -12.094  -21.371 0.0000000000
130443  24.858  -13.093  -21.439 0.0000000000
80391  25.648  -13.506  -21.532 0.0000000000
79334  26.289  -13.935  -21.499 0.0000000000
80370  27.050  -13.879  -21.447 0.0000000000
80368  28.435  -13.467  -20.914 0.0000000000
83448  26.651  -10.317  -22.411 0.0000000000
82444  27.281  -11.017  -22.501 0.0000000000
83435  28.739  -10.312  -22.022 0.0000000000
82432  27.858  -11.594  -22.068 0.0000000000
80367  29.164  -13.311  -20.363 0.0000000000
89169  31.209  -4.508  -21.332 0.0000000000
88247  31.457  -4.965  -20.976 0.0000000000
75408  25.140  -18.032  -18.559 0.0000000000
76354  25.563  -17.459  -18.731 0.0000000000
76370  25.261  -17.003  -19.210 0.0000000000
77305  24.930  -16.579  -19.691 0.0000000000
78236  22.483  -14.846  -19.399 0.0000000000
79287  28.885  -14.896  -19.179 0.0000000000
79300  29.212  -13.957  -19.896 0.0000000000
79301  28.616  -14.490  -19.947 0.0000000000
79322  27.467  -14.498  -20.938 0.0000000000
80369  27.810  -13.703  -21.276 0.0000000000
80389  27.431  -13.124  -21.646 0.0000000000
81446  27.673  -12.388  -21.822 0.0000000000
82417  28.906  -11.993  -21.040 0.0000000000
82430  29.315  -11.270  -20.910 0.0000000000
82445  26.778  -11.133  -22.421 0.0000000000
84414  28.190  -9.161  -22.432 0.0000000000
84417  26.242  -9.473  -22.604 0.0000000000
86291  28.291  -6.921  -22.726 0.0000000000
87299  28.831  -6.500  -22.758 0.0000000000
87301  27.759  -6.559  -23.174 0.0000000000
87305  22.210  -6.211  -22.537 0.0000000000
87312  26.548  -6.353  -23.519 0.0000000000
88283  26.264  -5.599  -23.620 0.0000000000
88284  24.656  -5.450  -23.516 0.0000000000
89182  28.820  -4.992  -22.851 0.0000000000
89193  26.655  -4.586  -23.582 0.0000000000
89194  26.202  -4.554  -23.663 0.0000000000
90101  25.341  -3.096  -23.781 0.0000000000
90105  22.019  -3.512  -23.270 0.0000000000
90929  30.091  -2.689  -20.554 0.0000000000
90963  25.815  -2.773  -23.600 0.0000000000
91807  25.571  -1.476  -23.790 0.0000000000
92704  31.395  -0.557  -19.697 0.0000000000
92739  20.483  -0.423  -22.582 0.0000000000
93689  23.494  0.383  -23.921 0.0000000000
93701  24.649  0.711  -24.381 0.0000000000
94643  28.440  1.476  -19.971 0.0000000000
94664  18.907  2.008  -21.800 0.0000000000
94692  23.441  1.253  -24.087 0.0000000000
95560  30.291  2.600  -19.563 0.0000000000
95601  26.272  1.916  -22.676 0.0000000000
96413  30.466  3.338  -19.660 0.0000000000
97298  30.027  4.629  -20.312 0.0000000000
97308  32.284  4.661  -21.328 0.0000000000
98160  32.345  5.658  -22.031 0.0000000000
99007  31.810  6.867  -22.284 0.0000000000
99812  27.648  7.378  -21.961 0.0000000000
99820  31.450  7.693  -22.624 0.0000000000
100670  29.866  8.779  -22.082 0.0000000000
100694  31.595  8.490  -23.873 0.0000000000
101435  29.610  9.517  -22.414 0.0000000000
102217  22.706  10.264  -25.850 0.0000000000
128998  24.687  0.094  -24.406 0.0000000000
129176  27.907  -8.515  -22.635 0.0000000000
136852  19.536  -1.309  -22.192 0.0000000000
136892  29.167  -6.141  -22.701 0.0000000000
136944  21.016  -2.832  -22.610 0.0000000000
137615  24.139  -2.791  -23.862 0.0000000000
138437  26.456  -11.499  -22.026 0.0000000000
141449  23.773  -0.707  -23.582 0.0000000000
141554  25.023  -13.855  -21.408 0.0000000000
141588  32.259  5.971  -22.615 0.0000000000
143947  28.375  2.706  -20.217 0.0000000000
144632  26.261  0.687  -23.287 0.0000000000
148627  30.661  -4.781  -21.725 0.0000000000
150181  24.695  2.793  -24.227 0.0000000000
150733  30.865  -5.121  -21.552 0.0000000000
151607  32.491  5.192  -24.242 0.0000000000
152847  28.590  8.410  -21.894 0.0000000000
154691  23.702  -0.184  -23.807 0.0000000000
