#!ascii label  , from subject sub001 vox2ras=TkReg
1023
17841  39.219  -72.068  -23.705 0.3000000119
29465  36.540  -61.067  -26.322 0.6000000238
32970  35.378  -58.387  -23.801 0.6999999881
32960  34.732  -58.287  -23.284 0.6999999881
18946  39.322  -71.662  -23.672 0.4000000060
24695  39.242  -65.810  -27.007 0.4000000060
18945  39.878  -70.656  -23.658 0.5000000000
18925  39.830  -71.133  -23.325 0.5000000000
29464  37.458  -61.238  -26.807 0.6999999881
30614  36.100  -60.171  -26.162 0.6999999881
30613  36.954  -60.286  -26.537 0.5000000000
150223  36.354  -59.069  -25.259 0.6000000238
32980  35.776  -58.747  -24.708 0.6000000238
34108  36.110  -57.601  -23.412 0.6999999881
34103  34.676  -57.864  -22.611 0.6999999881
20027  40.416  -69.700  -24.268 0.5000000000
23522  40.398  -66.648  -26.473 0.4000000060
136801  40.085  -70.618  -23.817 0.6000000238
149212  38.300  -65.036  -27.812 0.4000000060
25887  38.804  -64.438  -28.072 0.5000000000
20039  41.144  -69.635  -24.457 0.6000000238
27112  38.235  -63.902  -27.785 0.6000000238
28301  38.339  -62.822  -27.508 0.6000000238
18923  41.299  -70.133  -23.733 0.6000000238
147656  38.115  -61.814  -27.220 0.6000000238
31794  36.617  -59.797  -26.245 0.6000000238
32989  37.210  -58.984  -25.556 0.6000000238
34107  36.916  -57.429  -23.968 0.6999999881
32969  36.439  -58.150  -24.112 0.6999999881
35248  36.460  -56.821  -23.409 0.6999999881
35249  35.824  -57.064  -22.754 0.6999999881
35232  34.897  -56.116  -21.739 0.6999999881
140127  36.557  -55.884  -23.628 0.6999999881
35240  35.949  -56.230  -22.811 0.6999999881
36342  35.438  -55.683  -22.293 0.6999999881
36348  36.608  -54.820  -23.835 0.6999999881
21124  40.333  -68.704  -24.564 0.5000000000
150867  40.864  -67.512  -26.034 0.5000000000
23505  40.137  -66.779  -25.896 0.5000000000
24708  38.561  -65.363  -27.589 0.4000000060
21139  40.927  -68.795  -24.987 0.5000000000
25886  39.804  -64.474  -28.310 0.5000000000
27111  39.010  -63.384  -27.956 0.6000000238
21123  41.821  -69.409  -23.945 0.6000000238
21137  41.656  -68.951  -24.637 0.5000000000
23504  42.107  -67.229  -25.582 0.5000000000
29469  38.565  -60.919  -27.141 0.6999999881
128686  37.473  -59.810  -26.503 0.6000000238
32978  37.816  -58.290  -25.301 0.6000000238
31787  37.559  -59.371  -26.171 0.6000000238
34106  37.645  -57.329  -24.716 0.6000000238
34112  37.358  -57.921  -24.605 0.6000000238
35247  37.339  -56.594  -24.418 0.6000000238
146169  37.314  -55.434  -24.654 0.6999999881
36331  34.975  -55.219  -21.842 0.6999999881
36341  35.999  -55.238  -22.945 0.6999999881
37453  35.426  -54.781  -22.393 0.6999999881
24707  39.770  -65.598  -27.608 0.4000000060
22267  40.704  -67.950  -25.336 0.5000000000
22281  41.036  -67.653  -26.325 0.4000000060
25879  40.292  -65.094  -28.087 0.5000000000
27118  39.570  -63.771  -28.273 0.6000000238
132358  41.157  -67.765  -26.315 0.4000000060
29468  38.981  -61.675  -27.545 0.6000000238
22266  41.108  -67.777  -25.813 0.4000000060
23521  41.268  -67.371  -26.613 0.4000000060
23520  42.032  -67.193  -26.385 0.4000000060
24682  41.784  -66.407  -26.284 0.4000000060
30612  38.116  -60.180  -26.783 0.6000000238
32995  38.705  -58.962  -26.314 0.6000000238
34111  38.531  -57.600  -25.521 0.6000000238
32988  38.281  -58.694  -25.840 0.6000000238
36354  38.367  -55.813  -25.612 0.6000000238
37444  34.598  -54.699  -21.432 0.6999999881
136789  35.956  -54.117  -23.062 0.6999999881
37461  36.697  -53.840  -24.052 0.6000000238
23533  40.556  -66.337  -26.931 0.4000000060
24706  40.874  -65.702  -27.315 0.4000000060
28299  40.024  -62.775  -28.220 0.6999999881
24694  41.471  -66.121  -26.720 0.4000000060
29467  40.096  -61.617  -27.801 0.8000000119
142716  41.939  -66.448  -25.704 0.5000000000
30617  39.272  -60.064  -27.083 0.6999999881
31793  38.588  -59.460  -26.594 0.6000000238
34110  39.517  -56.797  -26.213 0.5000000000
32987  39.439  -58.476  -26.161 0.6000000238
36317  34.132  -54.952  -20.792 0.6999999881
37471  39.464  -54.043  -26.491 0.6000000238
152941  38.151  -54.944  -25.562 0.6000000238
143275  35.233  -53.956  -22.349 0.8000000119
37443  34.716  -53.969  -21.740 0.8000000119
37466  38.510  -54.056  -25.969 0.6000000238
38559  37.541  -53.574  -24.966 0.6000000238
25884  41.373  -64.028  -28.092 0.5000000000
27117  40.374  -63.607  -28.372 0.6000000238
25871  41.573  -64.110  -27.118 0.5000000000
25867  40.419  -63.852  -25.770 0.6999999881
25865  41.520  -65.268  -26.563 0.4000000060
30616  40.338  -59.965  -27.133 0.6999999881
31792  39.768  -59.431  -26.851 0.6999999881
34114  39.932  -57.440  -26.185 0.6000000238
32994  39.628  -58.949  -26.510 0.6000000238
35253  40.070  -56.407  -26.346 0.6000000238
37431  34.204  -53.998  -21.004 0.6000000238
36353  39.304  -54.998  -26.362 0.6000000238
38546  35.505  -53.205  -22.718 0.6999999881
38547  34.874  -53.238  -22.109 0.6999999881
154718  38.275  -53.295  -25.734 0.6999999881
138379  37.595  -52.825  -25.076 0.6999999881
38554  36.149  -53.138  -23.444 0.6999999881
27106  41.652  -63.171  -26.963 0.5000000000
28297  41.700  -62.577  -27.778 0.6000000238
28303  40.968  -62.772  -28.274 0.6000000238
27100  40.130  -62.989  -25.945 0.6999999881
25866  41.421  -64.261  -26.367 0.6000000238
29466  41.053  -61.385  -27.597 0.6999999881
27101  39.320  -63.337  -25.273 0.6999999881
25862  39.795  -64.378  -24.960 0.6999999881
137031  40.514  -60.737  -27.432 0.6999999881
31791  40.428  -59.571  -26.715 0.6999999881
34113  40.283  -56.879  -26.152 0.5000000000
32986  40.087  -58.502  -26.107 0.6000000238
38522  32.579  -53.609  -20.232 0.5000000000
36352  39.984  -55.435  -26.357 0.6000000238
35250  40.142  -56.273  -26.297 0.6000000238
38537  33.764  -53.098  -21.217 0.6000000238
39565  32.858  -52.836  -20.849 0.5000000000
140611  39.545  -54.050  -26.434 0.6000000238
37470  39.768  -54.775  -26.521 0.6000000238
40625  35.038  -51.790  -22.848 0.6000000238
39597  33.726  -51.823  -22.261 0.5000000000
146980  33.245  -50.950  -22.410 0.5000000000
39620  39.492  -52.543  -26.175 0.6999999881
39621  39.263  -52.643  -26.242 0.6999999881
39615  37.675  -52.061  -25.234 0.6999999881
40635  36.364  -51.697  -24.056 0.6999999881
40636  35.630  -51.743  -23.498 0.5000000000
142945  38.746  -52.075  -25.878 0.6999999881
41697  36.807  -50.956  -24.414 0.6000000238
29462  41.539  -61.837  -27.520 0.6000000238
28284  40.732  -62.111  -26.322 0.6999999881
28292  41.509  -62.213  -26.872 0.6000000238
28286  38.856  -62.365  -25.111 0.6999999881
30610  41.015  -60.463  -26.993 0.6999999881
31780  40.357  -58.975  -26.238 0.6999999881
31786  40.469  -59.480  -26.609 0.6999999881
34109  40.435  -57.274  -25.765 0.6000000238
39566  31.962  -52.526  -20.982 0.4000000060
35245  40.389  -56.783  -25.641 0.5000000000
40612  32.996  -51.755  -22.065 0.4000000060
38563  39.581  -53.486  -26.263 0.6000000238
37465  39.819  -54.440  -26.210 0.6000000238
40626  34.257  -51.171  -22.751 0.5000000000
138124  35.950  -50.966  -23.712 0.5000000000
41698  35.447  -50.152  -23.533 0.4000000060
143902  39.384  -52.081  -26.111 0.6000000238
41710  38.570  -50.684  -25.432 0.6999999881
41706  37.683  -50.705  -25.069 0.6000000238
42814  37.291  -49.988  -24.616 0.5000000000
28285  39.751  -62.239  -25.707 0.6000000238
29455  40.453  -61.144  -26.100 0.6999999881
29454  41.189  -61.161  -26.835 0.6999999881
28280  38.161  -62.392  -24.537 0.6999999881
29450  38.603  -61.575  -24.832 0.6999999881
30603  40.696  -60.143  -26.613 0.6000000238
31781  40.158  -59.046  -25.476 0.6000000238
36346  39.631  -56.081  -24.148 0.6000000238
34104  40.103  -57.380  -24.755 0.5000000000
137882  40.139  -56.057  -25.601 0.6000000238
39612  39.597  -53.005  -25.576 0.6000000238
37459  39.796  -54.352  -25.048 0.6000000238
41699  34.522  -50.233  -23.189 0.4000000060
41688  33.813  -50.352  -22.837 0.5000000000
41689  33.259  -49.876  -22.539 0.4000000060
142771  39.662  -52.028  -25.709 0.6000000238
41700  33.985  -49.534  -23.005 0.4000000060
41709  39.120  -50.786  -25.514 0.6000000238
42818  38.263  -49.870  -25.185 0.5000000000
132676  39.177  -60.838  -25.085 0.6999999881
30604  40.063  -60.424  -25.679 0.6000000238
30595  37.814  -60.714  -23.859 0.6999999881
30594  38.726  -60.124  -24.228 0.6000000238
31775  39.362  -59.369  -24.477 0.6000000238
29447  37.188  -61.667  -23.743 0.6999999881
32967  39.244  -58.694  -23.989 0.5000000000
36339  38.779  -55.096  -22.975 0.6000000238
35238  39.057  -56.736  -23.198 0.6000000238
37460  39.484  -54.649  -23.929 0.6000000238
38552  39.509  -53.691  -24.369 0.5000000000
39605  39.417  -52.504  -24.415 0.6000000238
40643  39.449  -51.248  -25.439 0.6000000238
42817  38.987  -49.997  -25.397 0.5000000000
31769  37.575  -59.437  -22.903 0.6999999881
31776  38.321  -59.650  -23.637 0.6999999881
32957  38.683  -58.161  -23.103 0.6000000238
37452  38.085  -54.744  -22.358 0.6000000238
139672  38.819  -55.934  -23.011 0.6000000238
38544  38.697  -53.319  -23.278 0.6000000238
140898  39.128  -51.711  -23.895 0.6000000238
42809  39.392  -49.475  -24.735 0.5000000000
22240  41.031  -67.511  -23.043 0.5000000000
24659  41.243  -66.276  -23.774 0.5000000000
23465  40.298  -66.572  -22.474 0.5000000000
24644  40.409  -65.961  -22.879 0.5000000000
25856  40.575  -65.105  -24.528 0.6999999881
25849  39.204  -64.817  -22.872 0.6999999881
24660  40.259  -65.419  -23.522 0.5000000000
144241  39.686  -65.467  -22.674 0.5000000000
25863  38.748  -63.907  -24.348 0.6999999881
25858  38.741  -64.343  -23.502 0.6999999881
137441  38.556  -63.065  -24.675 0.6999999881
17842  39.019  -72.762  -23.575 0.3000000119
34102  35.344  -57.764  -22.984 0.6999999881
31788  35.726  -59.633  -25.805 0.6000000238
35241  35.346  -56.607  -22.253 0.6999999881
36332  34.475  -55.552  -21.304 0.6999999881
24683  41.629  -65.513  -25.866 0.6000000238
35251  39.477  -56.036  -26.264 0.6000000238
38553  36.765  -53.008  -24.315 0.6999999881
39580  34.241  -52.580  -21.929 0.6000000238
149090  34.443  -51.966  -22.447 0.6000000238
40645  36.973  -51.707  -24.601 0.6999999881
39581  33.351  -52.351  -21.634 0.5000000000
39582  32.430  -52.126  -21.609 0.5000000000
41707  36.378  -50.100  -23.990 0.5000000000
32966  40.198  -57.963  -25.170 0.5000000000
30601  38.577  -60.827  -24.530 0.6999999881
34105  39.301  -57.434  -23.557 0.5000000000
39613  39.560  -51.466  -24.919 0.6000000238
37451  38.753  -54.230  -23.159 0.6000000238
27083  37.478  -64.271  -21.498 0.6000000238
25806  34.722  -64.300  -18.105 0.6000000238
27039  34.186  -63.667  -17.075 0.4000000060
27074  36.339  -64.023  -20.690 0.5000000000
25851  37.903  -64.243  -22.158 0.6000000238
27114  36.425  -64.133  -27.620 0.5000000000
27025  34.475  -63.391  -16.378 0.4000000060
28293  37.482  -62.555  -27.080 0.5000000000
28295  36.011  -62.240  -26.112 0.5000000000
25835  36.024  -64.210  -19.934 0.5000000000
27010  34.890  -62.991  -15.878 0.4000000060
28294  36.766  -62.273  -26.644 0.5000000000
29457  35.665  -61.010  -25.832 0.5000000000
25821  34.999  -64.071  -18.930 0.6000000238
27084  36.664  -63.828  -21.436 0.5000000000
27089  37.669  -63.766  -22.859 0.6000000238
29354  36.877  -61.796  -15.771 0.4000000060
29353  37.790  -61.733  -15.939 0.4000000060
27054  33.628  -63.250  -18.291 0.4000000060
30607  33.056  -60.450  -25.278 0.5000000000
27076  34.740  -63.253  -20.238 0.5000000000
30606  34.283  -59.728  -25.511 0.5000000000
31782  33.173  -58.452  -25.230 0.5000000000
27090  37.034  -63.659  -22.268 0.6000000238
28273  37.114  -63.219  -22.977 0.6000000238
27093  38.143  -63.798  -23.519 0.6000000238
32990  35.492  -59.193  -25.499 0.5000000000
32982  33.423  -58.037  -25.003 0.5000000000
32983  32.693  -58.092  -24.835 0.4000000060
28265  35.495  -62.565  -21.606 0.5000000000
28252  35.080  -62.923  -20.961 0.5000000000
28264  36.149  -63.115  -22.018 0.6000000238
28274  36.528  -62.759  -22.732 0.6000000238
27094  37.520  -63.181  -23.512 0.6000000238
28278  36.510  -61.708  -23.042 0.6000000238
28281  37.520  -62.456  -24.015 0.6000000238
28187  34.185  -62.672  -16.236 0.4000000060
29355  35.965  -61.774  -15.852 0.4000000060
144985  33.361  -58.392  -23.516 0.5000000000
32973  31.187  -58.296  -24.002 0.4000000060
140431  34.154  -58.375  -24.092 0.6000000238
32972  32.308  -58.181  -24.135 0.4000000060
28236  34.091  -62.825  -19.819 0.6000000238
28266  34.853  -62.075  -21.193 0.6000000238
29430  35.334  -61.690  -21.713 0.6000000238
29440  36.057  -61.287  -22.515 0.6000000238
30519  37.407  -60.424  -16.613 0.4000000060
32962  33.547  -58.477  -22.678 0.5000000000
139827  31.774  -58.546  -23.113 0.4000000060
31771  30.298  -59.050  -22.512 0.4000000060
28220  32.884  -62.231  -18.360 0.6000000238
28188  33.201  -62.475  -17.164 0.4000000060
29424  33.873  -61.923  -20.004 0.6000000238
27066  33.783  -63.131  -19.082 0.6000000238
28253  34.455  -62.449  -20.526 0.5000000000
29431  34.860  -61.191  -21.231 0.6000000238
29423  34.359  -61.520  -20.654 0.5000000000
30587  36.560  -60.626  -22.755 0.6000000238
29390  38.849  -60.644  -17.084 0.4000000060
29357  34.247  -61.387  -16.062 0.4000000060
32952  33.303  -58.367  -21.987 0.6000000238
32939  32.152  -58.391  -20.979 0.5000000000
31761  30.626  -59.199  -21.386 0.5000000000
145818  29.883  -59.319  -21.884 0.5000000000
28189  32.819  -61.836  -17.137 0.4000000060
139500  33.211  -61.850  -16.622 0.4000000060
29416  32.749  -61.564  -18.426 0.5000000000
30559  33.417  -60.517  -19.323 0.5000000000
30558  34.110  -60.087  -19.810 0.5000000000
131170  35.378  -60.833  -21.679 0.6000000238
30581  35.642  -59.840  -21.480 0.6000000238
140622  36.931  -59.874  -22.693 0.6000000238
138639  36.674  -59.835  -16.292 0.4000000060
30520  36.743  -60.611  -16.320 0.4000000060
31697  37.648  -59.555  -16.732 0.4000000060
139392  38.181  -60.256  -17.006 0.4000000060
35233  34.226  -56.474  -21.320 0.6000000238
137757  35.725  -59.721  -15.857 0.4000000060
133518  35.588  -61.028  -16.056 0.4000000060
144654  32.544  -57.543  -20.378 0.6000000238
32924  31.240  -58.482  -19.672 0.5000000000
32941  30.674  -59.143  -20.305 0.4000000060
30521  33.429  -60.155  -16.187 0.4000000060
30560  32.917  -60.871  -18.791 0.5000000000
31749  34.704  -59.621  -20.266 0.5000000000
31748  35.274  -59.219  -20.709 0.6000000238
31759  36.432  -59.124  -21.754 0.6000000238
32959  37.010  -58.667  -22.031 0.6000000238
32891  36.989  -58.935  -16.206 0.4000000060
149791  33.691  -56.657  -20.914 0.6000000238
34085  33.227  -57.160  -20.655 0.6000000238
34086  31.917  -57.976  -20.012 0.5000000000
31735  29.079  -59.489  -19.467 0.5000000000
31690  34.013  -59.775  -15.870 0.4000000060
30538  32.612  -60.589  -17.200 0.4000000060
31717  32.714  -59.836  -17.637 0.5000000000
32923  33.782  -58.785  -18.868 0.5000000000
32951  35.874  -58.760  -21.170 0.5000000000
136320  38.164  -59.058  -17.028 0.4000000060
136534  33.327  -56.285  -20.386 0.6000000238
34073  32.155  -56.980  -19.629 0.5000000000
34057  30.681  -57.527  -18.641 0.5000000000
31716  33.160  -59.282  -18.322 0.5000000000
32922  34.426  -58.351  -19.378 0.4000000060
34084  35.583  -57.541  -20.347 0.4000000060
32950  36.631  -58.186  -21.535 0.4000000060
34094  37.145  -57.539  -21.706 0.6000000238
34100  38.492  -57.391  -22.727 0.4000000060
155082  37.790  -58.032  -16.598 0.4000000060
31688  36.199  -59.052  -15.787 0.4000000060
36318  33.406  -55.278  -20.264 0.6000000238
31689  35.295  -58.985  -15.606 0.4000000060
37432  33.667  -54.453  -20.506 0.5000000000
148561  32.480  -56.436  -19.699 0.5000000000
35188  31.003  -56.933  -18.654 0.5000000000
153767  30.066  -57.449  -18.413 0.4000000060
133523  32.156  -56.152  -19.379 0.4000000060
32910  33.383  -58.417  -17.986 0.5000000000
32909  33.922  -57.877  -18.626 0.5000000000
34072  34.587  -57.476  -19.244 0.6000000238
147665  36.071  -57.194  -20.690 0.4000000060
34095  36.612  -57.210  -21.233 0.4000000060
35230  37.514  -56.044  -21.702 0.4000000060
35220  35.741  -56.758  -20.284 0.5000000000
37433  33.033  -54.380  -20.106 0.5000000000
36299  32.197  -55.306  -19.405 0.6000000238
37410  32.223  -54.315  -19.623 0.4000000060
36330  36.996  -55.611  -21.216 0.5000000000
35239  38.138  -56.585  -22.345 0.5000000000
36298  34.971  -55.883  -19.207 0.5000000000
34071  35.223  -57.107  -19.750 0.5000000000
36316  35.965  -55.876  -20.340 0.5000000000
135252  36.579  -55.924  -20.806 0.5000000000
34022  36.225  -57.584  -15.541 0.4000000060
39593  38.473  -52.362  -23.033 0.5000000000
36329  37.528  -55.217  -21.720 0.5000000000
37430  35.926  -54.933  -20.262 0.5000000000
36297  35.435  -55.437  -19.687 0.5000000000
38499  31.798  -53.483  -19.926 0.4000000060
39594  37.697  -52.668  -22.260 0.4000000060
39578  37.111  -52.566  -21.729 0.4000000060
139174  38.013  -53.145  -22.546 0.5000000000
38534  37.389  -53.427  -21.904 0.5000000000
37442  36.969  -54.846  -21.242 0.5000000000
38535  36.872  -54.041  -21.329 0.5000000000
36315  36.503  -55.285  -20.744 0.5000000000
134750  35.850  -53.946  -20.336 0.5000000000
38519  36.201  -53.141  -20.704 0.4000000060
32981  34.765  -58.525  -24.689 0.5000000000
131018  34.033  -58.078  -22.220 0.6000000238
30605  35.201  -59.974  -25.782 0.6000000238
34096  34.637  -57.160  -21.906 0.6000000238
27113  37.394  -63.860  -27.568 0.5000000000
38521  33.392  -53.688  -20.587 0.5000000000
32958  37.685  -58.642  -22.551 0.6000000238
34101  37.749  -57.397  -22.130 0.4000000060
140158  33.894  -58.883  -25.458 0.5000000000
31789  34.713  -59.139  -25.513 0.5000000000
32992  33.921  -58.485  -25.246 0.5000000000
32963  32.824  -58.587  -22.860 0.4000000060
130903  30.707  -58.603  -23.307 0.4000000060
28237  33.502  -62.366  -19.347 0.6000000238
32953  32.435  -58.590  -21.954 0.6000000238
32954  31.382  -58.856  -22.004 0.4000000060
30508  33.994  -60.582  -15.974 0.4000000060
34097  33.718  -57.446  -21.436 0.6000000238
34098  32.963  -58.018  -21.140 0.6000000238
32940  31.398  -58.758  -20.723 0.5000000000
31751  29.141  -59.592  -20.531 0.5000000000
31762  28.987  -59.276  -21.838 0.5000000000
31734  29.900  -59.333  -19.931 0.5000000000
35221  32.766  -56.723  -20.073 0.5000000000
32925  30.498  -58.793  -19.405 0.5000000000
34074  31.425  -57.533  -19.136 0.5000000000
32921  35.023  -57.931  -19.888 0.5000000000
32911  30.106  -58.216  -18.760 0.5000000000
31707  32.907  -59.041  -17.569 0.5000000000
35231  36.886  -56.348  -21.232 0.3000000119
137258  36.706  -53.248  -21.312 0.4000000060
8963  35.301  -79.156  -23.417 0.3000000119
136578  35.814  -78.709  -24.498 0.3000000119
9941  35.292  -79.052  -23.888 0.3000000119
11020  36.535  -77.614  -25.052 0.3000000119
9949  36.285  -78.255  -25.112 0.3000000119
9928  37.055  -78.205  -23.732 0.3000000119
12158  36.340  -77.083  -25.285 0.3000000119
11019  36.664  -77.278  -24.580 0.3000000119
10925  38.797  -77.342  -20.810 0.3000000119
9918  37.541  -77.759  -23.166 0.3000000119
12134  37.408  -77.120  -23.470 0.3000000119
147950  36.723  -77.037  -24.344 0.3000000119
10958  38.207  -77.037  -22.243 0.3000000119
12080  38.938  -76.369  -20.916 0.3000000119
12100  38.346  -76.729  -21.618 0.3000000119
151769  37.780  -76.681  -22.662 0.4000000060
141384  37.507  -76.618  -22.624 0.4000000060
149037  35.302  -76.802  -23.308 0.4000000060
12137  34.607  -76.671  -23.855 0.3000000119
13227  38.963  -75.514  -19.856 0.3000000119
12081  37.865  -76.312  -20.784 0.4000000060
12082  36.761  -76.464  -20.866 0.4000000060
130213  36.375  -76.643  -22.204 0.4000000060
149726  39.866  -75.349  -19.906 0.3000000119
12103  35.218  -76.603  -21.589 0.4000000060
15520  40.701  -73.910  -18.923 0.4000000060
14385  39.552  -74.899  -19.344 0.4000000060
12123  34.321  -76.631  -22.935 0.4000000060
12105  33.694  -76.094  -21.523 0.3000000119
14369  38.426  -74.967  -18.795 0.4000000060
13228  37.979  -75.911  -20.006 0.3000000119
12066  36.954  -76.181  -19.989 0.4000000060
14352  39.018  -74.291  -18.372 0.4000000060
12068  34.777  -76.135  -20.013 0.5000000000
12083  35.434  -76.482  -20.735 0.4000000060
18903  40.580  -70.574  -22.853 0.5000000000
15500  39.831  -73.728  -18.196 0.4000000060
12084  34.263  -76.333  -20.922 0.4000000060
17843  38.393  -72.666  -23.187 0.3000000119
18906  38.333  -71.582  -21.576 0.4000000060
15567  33.714  -73.687  -22.079 0.3000000119
25882  36.860  -64.890  -27.869 0.4000000060
25883  36.050  -65.066  -27.759 0.4000000060
24673  41.842  -66.376  -24.827 0.4000000060
23486  41.517  -67.069  -23.666 0.4000000060
22254  41.897  -67.975  -24.065 0.4000000060
137661  37.107  -75.757  -19.413 0.3000000119
13229  36.221  -75.880  -19.246 0.5000000000
22239  41.697  -68.832  -23.484 0.4000000060
21106  41.613  -69.620  -23.484 0.4000000060
18905  39.125  -71.595  -22.146 0.4000000060
142804  39.343  -70.685  -21.694 0.5000000000
12085  33.652  -75.843  -20.847 0.5000000000
17804  37.492  -71.457  -20.973 0.4000000060
17825  37.813  -72.262  -22.120 0.4000000060
14395  33.407  -74.539  -20.656 0.3000000119
17806  36.092  -72.019  -21.039 0.4000000060
152240  36.131  -63.234  -27.001 0.4000000060
24674  41.622  -65.599  -25.065 0.4000000060
14353  37.883  -74.474  -17.901 0.4000000060
13212  36.702  -75.428  -18.746 0.4000000060
22220  40.686  -68.406  -22.547 0.4000000060
19992  40.835  -69.983  -22.542 0.5000000000
14371  36.298  -74.980  -18.040 0.4000000060
13213  35.637  -75.398  -18.503 0.4000000060
19993  39.964  -70.093  -21.943 0.5000000000
15502  37.328  -73.853  -17.283 0.4000000060
14355  35.826  -74.435  -17.464 0.4000000060
145163  35.493  -74.870  -17.892 0.4000000060
13215  34.069  -75.072  -18.932 0.5000000000
14374  33.680  -74.403  -18.936 0.5000000000
139723  39.901  -68.249  -21.834 0.4000000060
19994  38.998  -69.892  -21.158 0.5000000000
15487  36.822  -73.256  -16.705 0.4000000060
14386  33.499  -74.518  -19.811 0.5000000000
18888  37.859  -70.743  -20.706 0.4000000060
15546  33.476  -73.780  -20.220 0.4000000060
16705  34.276  -72.481  -20.079 0.4000000060
17805  36.677  -71.435  -20.508 0.4000000060
22221  40.017  -67.317  -22.022 0.4000000060
23447  39.218  -66.728  -21.440 0.3000000119
14356  34.820  -74.405  -17.568 0.4000000060
14357  34.027  -74.060  -17.755 0.4000000060
150521  39.324  -68.866  -21.380 0.4000000060
31772  29.320  -58.987  -22.743 0.4000000060
16657  36.282  -72.453  -16.318 0.4000000060
15488  35.790  -73.230  -16.621 0.4000000060
15521  33.590  -73.592  -18.536 0.5000000000
16695  33.566  -73.013  -18.895 0.5000000000
21071  38.400  -69.006  -20.726 0.5000000000
19973  38.158  -69.929  -20.592 0.4000000060
16658  35.209  -72.535  -16.434 0.4000000060
18889  37.042  -70.839  -20.268 0.4000000060
17807  35.127  -71.909  -20.214 0.4000000060
17792  36.235  -70.966  -19.852 0.4000000060
24635  39.167  -65.926  -21.571 0.4000000060
22222  39.242  -67.676  -21.383 0.3000000119
15505  34.356  -73.521  -17.217 0.4000000060
15506  33.737  -73.505  -17.835 0.4000000060
21091  38.549  -68.037  -20.858 0.3000000119
16659  34.454  -72.667  -16.827 0.4000000060
16660  34.089  -72.075  -17.062 0.4000000060
16686  33.584  -72.907  -18.116 0.4000000060
153428  33.836  -72.552  -19.291 0.5000000000
17764  35.507  -71.783  -16.130 0.4000000060
17765  34.679  -71.767  -16.483 0.4000000060
128676  34.388  -71.372  -18.618 0.4000000060
17793  35.221  -71.218  -19.469 0.4000000060
128332  36.517  -70.325  -19.729 0.4000000060
145264  38.561  -64.657  -22.213 0.4000000060
17782  34.117  -71.545  -17.669 0.4000000060
15667  34.903  -72.768  -27.469 0.3000000119
10924  39.411  -76.853  -20.465 0.3000000119
13226  40.221  -75.441  -19.865 0.3000000119
14367  40.859  -74.382  -19.301 0.4000000060
16670  40.056  -73.073  -17.496 0.4000000060
15501  38.318  -73.834  -17.559 0.4000000060
16654  39.297  -72.561  -16.796 0.4000000060
16656  37.388  -72.622  -16.452 0.4000000060
22199  38.559  -67.053  -20.937 0.3000000119
17763  36.269  -71.689  -16.011 0.4000000060
23430  38.593  -66.169  -21.058 0.4000000060
22200  37.928  -67.433  -20.425 0.4000000060
21072  37.913  -68.279  -20.448 0.4000000060
18834  35.408  -70.402  -15.765 0.4000000060
17777  34.286  -71.240  -16.832 0.4000000060
140146  34.413  -70.853  -18.034 0.4000000060
18870  34.906  -70.628  -18.680 0.4000000060
19960  36.619  -69.474  -19.668 0.3000000119
19974  37.439  -69.030  -20.222 0.4000000060
18835  34.849  -70.372  -16.083 0.4000000060
18904  39.748  -71.089  -22.528 0.4000000060
144460  38.545  -65.426  -21.261 0.4000000060
149071  35.632  -78.078  -26.240 0.3000000119
128317  36.088  -78.722  -23.850 0.3000000119
11040  36.179  -77.212  -26.003 0.3000000119
16840  34.813  -72.663  -28.643 0.3000000119
141333  34.783  -73.757  -27.586 0.3000000119
10980  37.365  -77.463  -23.602 0.3000000119
10940  38.998  -76.709  -21.013 0.3000000119
10959  37.737  -77.155  -23.015 0.4000000060
129493  36.633  -76.773  -23.151 0.4000000060
130176  38.353  -76.513  -21.339 0.3000000119
13241  38.788  -76.098  -20.699 0.3000000119
128665  37.764  -76.459  -21.501 0.4000000060
135691  36.183  -76.581  -21.423 0.4000000060
13224  40.966  -74.779  -19.332 0.3000000119
16684  41.613  -73.231  -18.423 0.4000000060
13231  34.355  -75.587  -19.396 0.4000000060
13243  33.545  -75.255  -20.315 0.5000000000
15545  33.930  -73.030  -20.699 0.3000000119
13242  33.933  -75.788  -20.144 0.5000000000
15486  37.857  -73.282  -16.922 0.4000000060
144001  34.400  -71.928  -19.358 0.4000000060
18875  35.690  -70.457  -19.293 0.4000000060
24603  36.123  -65.367  -18.514 0.4000000060
25819  36.377  -64.845  -19.277 0.4000000060
138330  35.123  -64.639  -16.867 0.4000000060
25795  34.625  -64.267  -17.326 0.3000000119
24615  35.589  -64.733  -18.430 0.5000000000
25834  36.790  -64.604  -20.155 0.4000000060
25843  37.122  -64.374  -20.837 0.4000000060
24601  43.270  -65.773  -18.328 0.3000000119
138543  42.610  -65.291  -17.681 0.3000000119
28183  40.762  -62.777  -17.056 0.3000000119
28166  38.916  -63.013  -15.738 0.3000000119
28167  38.388  -62.362  -15.786 0.3000000119
28168  36.366  -62.544  -15.656 0.3000000119
25792  42.425  -64.239  -17.506 0.3000000119
141470  41.707  -63.981  -17.104 0.3000000119
28199  42.264  -62.752  -17.828 0.3000000119
23416  44.420  -66.160  -19.612 0.3000000119
24613  44.593  -65.593  -19.857 0.3000000119
28185  39.272  -62.245  -16.272 0.3000000119
29370  39.062  -61.349  -16.693 0.3000000119
27037  42.849  -63.501  -17.966 0.3000000119
28218  42.017  -61.991  -18.058 0.3000000119
28201  40.589  -62.075  -17.250 0.3000000119
28233  45.038  -63.462  -21.274 0.3000000119
28216  43.799  -63.059  -19.557 0.3000000119
29402  42.535  -61.637  -18.913 0.3000000119
28234  44.353  -62.927  -20.612 0.3000000119
29412  44.029  -62.080  -21.046 0.3000000119
27063  45.107  -64.228  -20.786 0.3000000119
29387  41.110  -61.638  -17.773 0.3000000119
30535  40.075  -60.529  -17.691 0.3000000119
30537  38.773  -60.122  -17.366 0.3000000119
28251  44.838  -62.839  -21.597 0.3000000119
29403  41.609  -61.197  -18.433 0.3000000119
30557  40.894  -59.865  -18.997 0.3000000119
29421  44.945  -62.205  -22.020 0.3000000119
30555  42.544  -60.475  -20.108 0.3000000119
29414  42.103  -60.784  -19.204 0.3000000119
31729  42.248  -59.655  -20.409 0.3000000119
32900  38.740  -58.914  -17.565 0.3000000119
30549  39.776  -60.016  -17.880 0.3000000119
136568  39.395  -59.101  -18.003 0.3000000119
133481  38.691  -57.989  -17.471 0.3000000119
32880  37.126  -58.019  -16.121 0.3000000119
34044  38.634  -57.172  -17.274 0.3000000119
35158  38.094  -56.927  -16.713 0.3000000119
34033  37.022  -57.101  -15.836 0.3000000119
25781  35.419  -64.438  -16.245 0.3000000119
25794  35.201  -64.779  -17.530 0.4000000060
153250  37.441  -62.609  -15.576 0.3000000119
30536  39.355  -60.315  -17.514 0.3000000119
24587  35.664  -65.324  -17.720 0.5000000000
25805  43.383  -64.652  -18.279 0.3000000119
28200  41.381  -62.563  -17.491 0.3000000119
135198  39.770  -63.242  -16.146 0.3000000119
27007  37.656  -63.531  -15.508 0.3000000119
27008  36.721  -63.389  -15.567 0.3000000119
28217  42.987  -62.632  -18.579 0.3000000119
152649  44.525  -63.942  -20.255 0.3000000119
29369  39.862  -61.700  -16.909 0.3000000119
28235  43.443  -62.239  -19.720 0.3000000119
30568  43.792  -60.738  -21.712 0.3000000119
30569  43.086  -60.162  -20.979 0.3000000119
30547  41.227  -60.433  -18.741 0.3000000119
29427  45.444  -61.702  -22.247 0.3000000119
30556  41.582  -59.979  -19.546 0.3000000119
21054  36.651  -68.505  -19.568 0.3000000119
19961  35.796  -68.941  -18.955 0.4000000060
21000  34.865  -68.384  -16.342 0.4000000060
21013  34.914  -67.981  -17.648 0.4000000060
21053  37.325  -67.954  -19.991 0.3000000119
22160  35.058  -67.356  -17.126 0.4000000060
22146  35.194  -67.595  -16.322 0.3000000119
21034  36.103  -68.074  -19.048 0.4000000060
22172  35.355  -67.276  -17.991 0.4000000060
23358  35.760  -66.641  -16.286 0.3000000119
23418  36.577  -66.539  -19.167 0.3000000119
22171  35.936  -67.322  -18.800 0.4000000060
139338  35.452  -66.706  -16.806 0.4000000060
24614  36.695  -65.603  -19.176 0.3000000119
24602  36.286  -65.946  -18.626 0.4000000060
23390  35.657  -65.951  -17.211 0.4000000060
22184  37.344  -66.952  -19.820 0.3000000119
24626  37.136  -65.217  -19.813 0.3000000119
24625  37.730  -65.498  -20.305 0.3000000119
23431  37.963  -66.381  -20.420 0.3000000119
136934  35.490  -66.606  -17.522 0.4000000060
130276  35.498  -68.041  -18.452 0.4000000060
14366  41.322  -74.184  -19.027 0.3000000119
129906  34.610  -70.117  -17.990 0.3000000119
14301  42.413  -74.099  -14.615 0.3000000119
14319  42.043  -73.900  -15.604 0.3000000119
14350  42.255  -73.559  -17.617 0.3000000119
14365  41.648  -73.547  -18.571 0.3000000119
154292  35.262  -69.190  -18.451 0.3000000119
18863  34.359  -70.637  -17.327 0.3000000119
136505  44.340  -73.053  -13.948 0.3000000119
153145  43.144  -72.914  -16.455 0.3000000119
15470  43.584  -73.053  -15.282 0.3000000119
15518  42.095  -72.951  -18.229 0.3000000119
16669  41.095  -72.835  -17.836 0.3000000119
19923  34.528  -69.672  -17.135 0.3000000119
151222  47.005  -73.193  -13.215 0.3000000119
16632  44.316  -72.703  -14.674 0.3000000119
15467  45.544  -73.503  -13.717 0.3000000119
15484  43.147  -72.423  -17.130 0.3000000119
16645  43.587  -72.420  -16.236 0.3000000119
16667  42.533  -72.528  -17.592 0.3000000119
16642  44.969  -72.325  -13.915 0.3000000119
16643  44.634  -72.192  -14.813 0.3000000119
15497  43.008  -72.113  -17.337 0.3000000119
16644  44.115  -72.078  -15.738 0.3000000119
17775  41.265  -72.260  -17.064 0.3000000119
140918  38.707  -72.093  -16.425 0.3000000119
17762  37.630  -71.310  -16.002 0.3000000119
16630  46.900  -72.246  -13.042 0.3000000119
17774  42.214  -72.102  -17.165 0.3000000119
17773  43.063  -71.992  -17.333 0.3000000119
143793  40.502  -71.776  -16.625 0.3000000119
19904  34.686  -69.663  -16.295 0.3000000119
18829  45.582  -71.106  -14.303 0.3000000119
18820  45.841  -71.332  -13.653 0.3000000119
17743  44.631  -71.490  -15.452 0.3000000119
17755  44.080  -71.388  -16.175 0.3000000119
17759  41.343  -71.449  -16.488 0.3000000119
17761  38.462  -71.438  -16.234 0.3000000119
18833  36.288  -70.444  -15.631 0.3000000119
19903  35.044  -69.671  -15.823 0.3000000119
133809  35.361  -68.959  -15.702 0.3000000119
19951  35.301  -69.780  -18.663 0.3000000119
18831  44.653  -70.720  -15.671 0.3000000119
17758  42.520  -71.443  -16.710 0.3000000119
138957  40.266  -71.097  -16.305 0.3000000119
18832  37.370  -70.462  -15.779 0.3000000119
149727  42.080  -73.298  -18.279 0.3000000119
14318  42.845  -73.474  -15.509 0.3000000119
15477  42.536  -73.480  -16.572 0.3000000119
8974  34.534  -79.467  -23.713 0.3000000119
9940  36.613  -78.218  -24.461 0.3000000119
9950  35.480  -78.588  -25.395 0.3000000119
10913  39.646  -76.907  -19.869 0.3000000119
10941  38.614  -76.996  -21.508 0.3000000119
11001  36.949  -77.625  -24.216 0.3000000119
12054  40.021  -76.534  -19.468 0.3000000119
12067  35.855  -76.333  -19.919 0.5000000000
12079  39.403  -76.344  -20.643 0.3000000119
12101  37.940  -76.598  -22.131 0.4000000060
12102  37.222  -76.497  -21.861 0.4000000060
12104  34.263  -76.488  -21.970 0.4000000060
12121  37.879  -76.761  -22.534 0.4000000060
12122  35.264  -76.725  -22.514 0.4000000060
12135  37.110  -76.954  -23.761 0.3000000119
12136  36.081  -76.852  -24.094 0.4000000060
12147  37.007  -77.208  -24.045 0.3000000119
12148  36.538  -77.110  -24.727 0.3000000119
13211  37.753  -75.434  -19.178 0.3000000119
13214  34.709  -75.329  -18.685 0.5000000000
13230  35.230  -75.842  -19.239 0.4000000060
13232  33.741  -75.147  -19.561 0.5000000000
13240  39.542  -75.894  -20.398 0.3000000119
13255  33.422  -75.284  -21.048 0.5000000000
14300  43.267  -73.654  -14.547 0.3000000119
14351  41.789  -74.097  -18.430 0.3000000119
14354  36.823  -74.448  -17.649 0.4000000060
14358  33.753  -74.048  -18.220 0.4000000060
14368  40.140  -74.326  -19.082 0.4000000060
14370  37.306  -74.982  -18.338 0.4000000060
14372  34.949  -75.004  -18.119 0.4000000060
14373  34.231  -74.643  -18.286 0.4000000060
14383  40.631  -74.922  -19.534 0.3000000119
14384  40.330  -74.879  -19.599 0.3000000119
14412  33.381  -74.514  -21.520 0.3000000119
15458  46.143  -73.742  -13.593 0.3000000119
15466  46.141  -73.162  -13.604 0.3000000119
15468  44.757  -73.038  -13.696 0.3000000119
15469  44.100  -72.984  -14.439 0.3000000119
15476  43.961  -72.673  -15.315 0.3000000119
15485  42.824  -73.072  -17.207 0.3000000119
15489  34.941  -73.187  -16.715 0.4000000060
15498  42.523  -72.705  -17.715 0.3000000119
15499  40.847  -73.400  -18.422 0.4000000060
15503  36.305  -73.877  -17.035 0.4000000060
15504  35.297  -73.829  -16.991 0.4000000060
15519  41.241  -73.787  -18.872 0.3000000119
15533  33.513  -73.736  -19.344 0.5000000000
15666  35.011  -72.897  -28.095 0.3000000119
16619  46.818  -72.755  -13.488 0.3000000119
16631  44.683  -72.808  -13.883 0.3000000119
16641  45.433  -71.796  -13.822 0.3000000119
16653  43.531  -71.893  -16.829 0.3000000119
16655  38.358  -72.666  -16.625 0.4000000060
16668  41.961  -72.693  -17.944 0.3000000119
16671  38.945  -73.289  -17.279 0.4000000060
16672  33.873  -72.840  -17.392 0.4000000060
16685  33.847  -72.242  -18.484 0.5000000000
16706  33.641  -73.087  -19.752 0.4000000060
16723  36.917  -72.396  -22.045 0.4000000060
17714  46.854  -72.035  -12.737 0.3000000119
17728  46.050  -71.888  -13.177 0.3000000119
17729  46.321  -71.240  -13.162 0.3000000119
17742  45.035  -71.646  -14.631 0.3000000119
17744  36.738  -71.164  -15.826 0.4000000060
17745  35.826  -71.109  -15.804 0.3000000119
17746  35.094  -71.069  -16.054 0.4000000060
17756  43.604  -71.458  -16.602 0.3000000119
17757  43.313  -71.489  -16.829 0.3000000119
17760  39.475  -71.626  -16.466 0.3000000119
17772  43.304  -71.868  -17.094 0.3000000119
17776  40.278  -72.399  -16.947 0.3000000119
17783  33.822  -72.329  -17.709 0.4000000060
17823  39.357  -72.123  -23.162 0.4000000060
17824  38.808  -72.507  -22.786 0.3000000119
17858  39.015  -72.495  -23.810 0.3000000119
18821  46.089  -70.697  -13.707 0.3000000119
18853  34.526  -70.436  -16.607 0.4000000060
18887  38.675  -70.724  -21.205 0.4000000060
18924  40.746  -70.485  -23.523 0.5000000000
18944  40.980  -70.250  -23.993 0.6000000238
18965  40.591  -70.062  -24.118 0.6000000238
19952  34.810  -69.342  -17.995 0.3000000119
19975  37.264  -70.079  -20.208 0.4000000060
20010  41.532  -69.850  -23.709 0.6000000238
20011  41.276  -70.093  -23.236 0.5000000000
20026  41.514  -69.823  -24.083 0.6000000238
20981  34.847  -68.974  -16.038 0.3000000119
21001  34.639  -68.899  -16.614 0.4000000060
21014  34.678  -68.750  -17.382 0.3000000119
21035  35.106  -68.694  -18.166 0.3000000119
21090  40.310  -69.192  -22.151 0.4000000060
21107  41.247  -69.448  -22.833 0.4000000060
21138  41.135  -68.712  -25.004 0.5000000000
21150  41.448  -67.842  -25.653 0.4000000060
22147  34.717  -68.100  -16.858 0.4000000060
22185  36.650  -67.553  -19.411 0.3000000119
22265  42.050  -68.056  -25.132 0.5000000000
22268  39.816  -67.068  -25.144 0.5000000000
22279  41.844  -67.568  -26.258 0.4000000060
22280  41.407  -67.713  -26.425 0.4000000060
22291  41.795  -67.477  -26.611 0.4000000060
23404  35.856  -66.567  -18.399 0.4000000060
23405  35.869  -65.926  -17.955 0.5000000000
23417  37.344  -65.990  -19.698 0.3000000119
23446  39.675  -66.458  -21.906 0.5000000000
23464  40.886  -66.615  -23.150 0.5000000000
23485  41.922  -67.185  -24.532 0.4000000060
23531  41.891  -66.955  -26.632 0.4000000060
23532  41.395  -66.817  -26.724 0.4000000060
24570  35.566  -65.248  -16.969 0.4000000060
24586  41.831  -65.990  -17.400 0.3000000119
24600  43.921  -65.716  -19.136 0.3000000119
24612  44.937  -65.639  -20.182 0.3000000119
24624  38.209  -65.655  -20.730 0.3000000119
24636  38.047  -65.075  -20.812 0.3000000119
24645  39.697  -65.914  -22.219 0.5000000000
24646  39.023  -65.238  -21.995 0.4000000060
24684  39.243  -66.113  -26.211 0.4000000060
24705  41.394  -64.991  -27.286 0.5000000000
25782  34.766  -64.090  -16.614 0.3000000119
25817  44.917  -64.980  -20.365 0.3000000119
25818  44.281  -64.730  -19.374 0.3000000119
25820  35.685  -64.337  -19.255 0.5000000000
25833  37.510  -64.865  -20.434 0.3000000119
25842  38.243  -64.739  -21.488 0.4000000060
25850  38.350  -64.305  -22.825 0.6000000238
25857  39.502  -64.686  -23.951 0.6999999881
25861  41.098  -64.784  -25.421 0.6999999881
25877  41.518  -64.047  -27.743 0.5000000000
25878  41.160  -64.752  -27.952 0.5000000000
25880  39.209  -65.099  -28.037 0.5000000000
25885  40.753  -64.317  -28.289 0.6000000238
27023  40.559  -63.320  -16.643 0.3000000119
27026  33.811  -63.029  -16.781 0.4000000060
27038  41.966  -63.380  -17.456 0.3000000119
27040  33.628  -63.183  -17.510 0.4000000060
27052  43.683  -63.705  -18.879 0.3000000119
27053  34.120  -63.770  -17.827 0.6000000238
27064  35.253  -63.823  -19.727 0.5000000000
27065  34.480  -63.501  -19.441 0.6000000238
27075  35.548  -63.601  -20.484 0.5000000000
27085  35.849  -63.370  -21.234 0.5000000000
27096  38.004  -63.185  -24.162 0.6000000238
27099  41.021  -63.115  -26.440 0.6999999881
27105  41.703  -63.214  -27.514 0.5000000000
27110  41.628  -63.346  -27.961 0.5000000000
27116  41.189  -63.486  -28.246 0.6000000238
28169  35.435  -62.425  -15.819 0.4000000060
28170  34.611  -62.195  -16.041 0.4000000060
28171  33.841  -61.950  -16.219 0.4000000060
28184  40.140  -62.554  -16.725 0.3000000119
28186  38.552  -61.713  -16.218 0.3000000119
28202  33.146  -62.688  -17.946 0.6000000238
28203  32.755  -62.081  -17.761 0.6000000238
28219  33.299  -62.640  -18.668 0.6000000238
28238  33.013  -62.077  -18.895 0.6000000238
28250  45.225  -62.856  -21.772 0.3000000119
28263  45.423  -62.262  -21.990 0.3000000119
28275  35.870  -62.116  -22.330 0.6000000238
28277  36.975  -62.515  -23.410 0.6000000238
28291  41.706  -62.390  -27.323 0.6000000238
28298  41.398  -62.188  -27.968 0.6000000238
28300  39.277  -62.442  -27.817 0.6000000238
28302  41.509  -62.829  -28.095 0.6000000238
29356  35.096  -61.617  -15.999 0.4000000060
29371  38.146  -61.029  -16.577 0.4000000060
29372  37.220  -61.121  -16.236 0.4000000060
29373  36.399  -61.145  -16.082 0.4000000060
29374  33.400  -61.095  -16.253 0.4000000060
29375  32.799  -61.229  -16.783 0.4000000060
29388  40.348  -61.257  -17.455 0.3000000119
29389  39.608  -60.924  -17.197 0.3000000119
29391  32.635  -61.361  -17.545 0.4000000060
29404  40.776  -60.851  -18.076 0.3000000119
29413  43.042  -61.318  -19.896 0.3000000119
29415  33.253  -61.463  -19.322 0.6000000238
29422  43.444  -61.033  -20.851 0.3000000119
29428  45.302  -61.592  -22.296 0.3000000119
29451  37.882  -61.616  -24.299 0.6999999881
29456  39.433  -61.422  -25.402 0.6999999881
29463  41.243  -61.122  -27.204 0.6000000238
29470  40.821  -62.085  -28.071 0.6000000238
30505  36.060  -60.446  -16.102 0.4000000060
30506  35.242  -60.311  -15.895 0.4000000060
30507  34.536  -60.210  -15.862 0.4000000060
30522  32.895  -60.453  -16.560 0.4000000060
30548  40.391  -60.101  -18.386 0.3000000119
30550  33.031  -60.139  -18.558 0.5000000000
30551  32.638  -60.719  -18.052 0.5000000000
30570  34.549  -60.531  -20.607 0.6000000238
30571  33.818  -60.991  -20.061 0.6000000238
30580  36.376  -59.884  -22.209 0.6000000238
30582  35.087  -60.456  -21.174 0.6000000238
30586  37.331  -60.203  -23.204 0.6000000238
30588  35.898  -60.617  -22.162 0.6000000238
30596  37.006  -60.961  -23.371 0.6999999881
30599  40.438  -59.507  -25.990 0.6000000238
30600  39.513  -59.987  -25.045 0.6000000238
30611  40.645  -59.931  -26.842 0.6999999881
30615  40.894  -60.507  -27.115 0.6999999881
31696  38.429  -59.635  -17.282 0.4000000060
31706  39.167  -59.691  -17.729 0.3000000119
31715  39.854  -59.527  -18.199 0.3000000119
31718  28.575  -59.286  -18.939 0.5000000000
31732  34.306  -59.225  -19.558 0.4000000060
31733  33.619  -59.651  -19.105 0.5000000000
31746  43.546  -59.968  -21.794 0.3000000119
31750  29.923  -59.439  -20.949 0.5000000000
31760  35.059  -59.926  -20.837 0.5000000000
31770  36.992  -59.279  -22.333 0.6000000238
31783  32.396  -58.511  -25.016 0.4000000060
32881  35.682  -58.317  -15.531 0.4000000060
32889  38.236  -58.398  -17.008 0.3000000119
32890  37.684  -58.675  -16.596 0.4000000060
32901  33.122  -58.512  -17.079 0.5000000000
32908  39.892  -58.852  -18.421 0.3000000119
32912  29.162  -58.718  -18.696 0.5000000000
32926  29.800  -58.991  -19.180 0.5000000000
32936  36.050  -57.882  -20.894 0.4000000060
32937  35.447  -58.360  -20.509 0.4000000060
32938  34.855  -58.780  -20.069 0.5000000000
32949  37.363  -58.061  -22.053 0.6000000238
32961  34.114  -58.422  -23.014 0.5000000000
32968  38.288  -58.931  -23.181 0.6999999881
32971  33.080  -57.996  -24.587 0.5000000000
32976  40.273  -58.393  -25.881 0.6999999881
32977  39.984  -58.661  -24.991 0.6000000238
32979  36.894  -58.620  -24.763 0.6000000238
32991  34.663  -58.722  -25.241 0.5000000000
32993  40.240  -59.199  -26.475 0.6999999881
34031  38.210  -57.659  -16.887 0.4000000060
34032  37.632  -57.411  -16.400 0.3000000119
34058  29.410  -57.753  -18.430 0.4000000060
34075  30.870  -58.158  -19.010 0.5000000000
35159  37.550  -56.757  -16.232 0.3000000119
35203  35.376  -56.284  -19.734 0.5000000000
35205  31.557  -56.571  -19.003 0.5000000000
35219  36.327  -56.548  -20.741 0.5000000000
35246  39.779  -56.827  -24.294 0.5000000000
35252  38.481  -56.791  -25.503 0.6000000238
36319  32.777  -55.903  -19.800 0.5000000000
36333  33.905  -55.865  -20.803 0.6000000238
36340  38.113  -55.614  -22.307 0.5000000000
36345  39.957  -55.185  -25.046 0.6000000238
36347  37.423  -54.432  -24.834 0.6000000238
36356  39.927  -55.598  -26.352 0.6000000238
37429  36.428  -54.483  -20.784 0.5000000000
37441  37.462  -54.372  -21.810 0.5000000000
38536  34.376  -53.363  -21.585 0.6000000238
38545  38.010  -53.884  -22.482 0.5000000000
38558  39.755  -53.792  -25.674 0.6000000238
38564  39.462  -53.215  -26.290 0.6999999881
39595  35.558  -52.453  -23.146 0.6999999881
39596  34.992  -52.499  -22.475 0.6999999881
39606  36.871  -52.289  -24.495 0.6999999881
39607  36.197  -52.385  -23.803 0.6999999881
39614  38.504  -52.710  -25.836 0.6999999881
39619  39.510  -52.642  -26.169 0.6000000238
40633  39.462  -50.717  -24.933 0.6000000238
40634  39.271  -50.920  -24.126 0.6000000238
40637  35.121  -51.021  -23.229 0.5000000000
40644  37.394  -51.392  -24.948 0.6000000238
40647  39.380  -51.469  -25.641 0.6000000238
40648  38.962  -51.428  -25.722 0.6999999881
40649  38.118  -51.400  -25.438 0.6999999881
41705  39.385  -50.195  -25.072 0.5000000000
41708  39.262  -50.539  -25.317 0.6000000238
42805  34.318  -48.952  -22.997 0.4000000060
42812  39.220  -49.539  -25.057 0.5000000000
129372  37.948  -72.053  -16.197 0.4000000060
129832  37.584  -76.852  -23.084 0.3000000119
130335  37.001  -71.902  -21.314 0.4000000060
132813  34.245  -63.702  -18.628 0.6000000238
133294  36.405  -59.418  -25.851 0.6000000238
133432  34.777  -59.554  -15.689 0.4000000060
135978  39.681  -60.727  -27.453 0.8000000119
136159  32.110  -53.045  -20.467 0.4000000060
136891  44.191  -61.516  -21.668 0.3000000119
137264  39.019  -53.303  -26.317 0.6999999881
138074  34.660  -70.980  -16.378 0.4000000060
138476  37.989  -57.928  -22.477 0.4000000060
138878  39.523  -57.938  -24.046 0.5000000000
139085  40.184  -57.591  -25.972 0.5000000000
139337  34.772  -60.855  -16.000 0.4000000060
140016  35.981  -69.799  -19.289 0.3000000119
140080  43.887  -73.248  -14.347 0.3000000119
140336  32.755  -55.038  -19.796 0.5000000000
140783  41.184  -65.733  -24.309 0.4000000060
141783  40.877  -69.461  -24.614 0.6000000238
141787  37.047  -71.895  -16.104 0.3000000119
142200  32.701  -59.957  -16.897 0.4000000060
142578  33.587  -73.724  -21.146 0.3000000119
142657  37.368  -56.854  -21.679 0.3000000119
143667  33.466  -59.473  -25.375 0.5000000000
143974  37.649  -51.785  -22.248 0.4000000060
144083  39.557  -52.071  -25.976 0.6000000238
144339  41.915  -68.740  -24.279 0.6000000238
146021  40.124  -56.431  -24.893 0.5000000000
146307  45.796  -72.468  -13.376 0.3000000119
146549  29.627  -56.950  -18.276 0.4000000060
146740  35.095  -68.385  -15.973 0.3000000119
147310  35.893  -71.489  -20.167 0.4000000060
147658  37.745  -64.651  -20.962 0.4000000060
147800  38.858  -58.124  -25.794 0.6000000238
148163  41.540  -61.691  -27.157 0.6000000238
148952  33.511  -75.721  -21.291 0.5000000000
149018  36.479  -58.391  -15.774 0.4000000060
149498  39.395  -55.398  -23.679 0.6000000238
149758  36.413  -53.785  -20.882 0.4000000060
150041  45.257  -72.951  -13.539 0.3000000119
150408  33.613  -62.413  -16.561 0.4000000060
151363  38.936  -59.738  -26.841 0.6999999881
151825  36.840  -63.276  -27.086 0.5000000000
151930  38.194  -63.026  -15.545 0.3000000119
152347  34.705  -58.928  -15.587 0.4000000060
152428  39.211  -48.995  -24.926 0.5000000000
153310  35.201  -57.275  -22.428 0.6999999881
153594  35.646  -61.318  -22.134 0.6000000238
154076  34.075  -58.293  -25.066 0.5000000000
154505  34.984  -54.527  -21.960 0.6999999881
154981  39.005  -73.799  -17.804 0.4000000060
