#!ascii label  , from subject sub001 vox2ras=TkReg
745
28269  27.661  -61.875  -21.535 0.6000000238
20982  26.139  -68.055  -15.669 0.6999999881
23359  27.281  -66.724  -15.863 0.6999999881
23419  29.112  -66.113  -19.050 0.8999999762
25823  28.997  -64.551  -19.175 0.8000000119
27067  28.966  -63.710  -19.607 0.8000000119
28256  27.406  -62.394  -20.787 0.6000000238
29434  26.718  -61.379  -22.468 0.6999999881
29443  27.191  -60.762  -23.046 0.6999999881
142846  25.489  -67.824  -15.219 0.6999999881
147632  24.857  -68.052  -14.961 0.6999999881
23360  26.612  -66.566  -15.473 0.6999999881
24572  27.112  -65.487  -15.910 0.6000000238
24571  27.605  -65.993  -16.292 0.6999999881
23391  28.199  -66.509  -16.968 0.6999999881
25796  27.794  -64.700  -17.906 0.8000000119
25808  27.664  -63.970  -18.580 0.8000000119
25807  28.467  -64.652  -18.542 0.8000000119
27068  28.007  -63.482  -19.336 0.8000000119
27079  28.279  -63.005  -20.030 0.6000000238
28270  26.439  -61.970  -21.749 0.6000000238
29444  26.113  -60.710  -22.938 0.6999999881
30591  26.706  -60.065  -23.254 0.6999999881
23342  25.345  -66.825  -14.671 0.5000000000
145948  24.509  -67.711  -14.354 0.6000000238
23361  25.879  -66.322  -15.133 0.6000000238
24553  26.451  -65.632  -15.534 0.5000000000
25798  26.693  -64.293  -16.759 0.6000000238
25797  27.365  -64.673  -17.234 0.8000000119
27055  26.812  -63.541  -18.540 0.6999999881
27069  27.032  -63.259  -19.199 0.6999999881
28240  26.307  -62.713  -19.961 0.6999999881
140147  25.521  -62.155  -21.787 0.5000000000
29435  25.580  -61.456  -22.519 0.6000000238
30593  25.622  -60.156  -22.899 0.6000000238
30592  25.873  -60.179  -23.112 0.6000000238
137393  27.160  -59.478  -23.094 0.5000000000
23324  24.317  -66.486  -13.730 0.5000000000
22097  23.518  -67.560  -13.582 0.6000000238
20948  22.005  -68.307  -13.670 0.6000000238
134516  24.768  -67.077  -14.195 0.5000000000
151847  26.149  -63.876  -16.629 0.5000000000
27041  26.206  -63.617  -17.172 0.6000000238
28222  25.298  -62.654  -18.630 0.6000000238
144892  25.494  -62.636  -19.820 0.6000000238
134222  25.506  -62.533  -20.894 0.5000000000
28258  24.802  -62.233  -21.627 0.5000000000
29436  24.853  -61.189  -22.501 0.6000000238
29446  25.113  -60.678  -22.500 0.6000000238
148092  26.055  -59.895  -21.627 0.5000000000
31753  27.348  -59.733  -21.105 0.5000000000
132389  28.351  -59.588  -21.153 0.5000000000
31763  27.810  -59.257  -22.432 0.5000000000
135605  23.011  -67.425  -13.268 0.5000000000
22098  22.328  -67.670  -13.143 0.5000000000
23343  24.832  -66.509  -14.325 0.5000000000
149118  25.243  -64.894  -15.300 0.4000000060
25786  24.287  -64.171  -15.571 0.3000000119
25785  25.152  -64.256  -15.771 0.4000000060
27043  23.897  -62.980  -16.912 0.3000000119
27029  23.196  -63.553  -16.254 0.3000000119
128228  24.806  -63.114  -16.929 0.5000000000
28204  24.589  -62.541  -17.696 0.5000000000
28223  24.092  -62.268  -18.901 0.5000000000
28241  24.747  -62.504  -20.702 0.5000000000
28259  24.078  -62.132  -21.321 0.5000000000
130457  24.256  -61.114  -21.850 0.6000000238
30573  24.568  -60.621  -21.685 0.6000000238
30572  25.297  -60.284  -21.292 0.5000000000
30561  26.710  -59.983  -20.381 0.5000000000
31752  28.338  -59.761  -20.141 0.5000000000
22083  22.681  -66.885  -12.708 0.5000000000
140803  23.775  -66.120  -13.215 0.5000000000
24525  24.049  -65.463  -13.661 0.5000000000
25768  23.741  -64.282  -15.028 0.4000000060
25767  24.600  -64.649  -15.157 0.5000000000
27012  22.791  -63.770  -15.565 0.4000000060
27030  22.082  -63.436  -16.331 0.3000000119
28206  22.456  -62.436  -17.787 0.3000000119
28224  22.992  -62.008  -18.707 0.4000000060
28242  23.999  -62.344  -20.303 0.5000000000
28260  23.340  -61.922  -20.894 0.4000000060
30563  25.073  -60.276  -20.421 0.5000000000
150503  24.899  -60.006  -19.648 0.5000000000
31739  25.620  -59.886  -19.581 0.5000000000
31735  29.079  -59.489  -19.467 0.5000000000
31736  28.316  -59.589  -19.376 0.4000000060
31737  27.513  -59.787  -19.679 0.5000000000
23308  22.596  -66.026  -12.105 0.5000000000
24526  23.521  -65.516  -12.942 0.5000000000
25744  23.519  -64.784  -13.277 0.5000000000
26993  23.051  -63.914  -14.602 0.4000000060
27014  21.368  -63.293  -16.086 0.3000000119
28207  21.841  -62.962  -17.095 0.3000000119
28225  22.047  -62.104  -18.607 0.4000000060
28244  22.378  -61.887  -19.563 0.4000000060
152657  21.942  -61.608  -20.078 0.4000000060
28243  23.188  -62.130  -19.893 0.4000000060
28261  22.608  -61.697  -20.435 0.4000000060
154882  22.817  -61.101  -21.025 0.5000000000
30574  22.784  -60.801  -20.908 0.5000000000
141718  23.608  -60.844  -21.246 0.6000000238
31721  26.036  -59.391  -18.995 0.4000000060
31738  26.522  -59.809  -19.588 0.5000000000
25731  23.242  -64.895  -12.529 0.4000000060
26983  23.243  -64.003  -13.645 0.4000000060
26970  23.201  -64.129  -12.785 0.4000000060
26994  22.267  -63.387  -14.989 0.4000000060
26995  21.604  -63.036  -15.440 0.4000000060
28190  21.407  -63.148  -16.610 0.4000000060
28227  21.081  -62.137  -17.677 0.4000000060
149500  21.659  -62.456  -17.778 0.4000000060
29405  21.064  -61.601  -19.235 0.4000000060
29418  21.269  -61.358  -20.050 0.4000000060
30575  22.217  -60.940  -20.737 0.5000000000
141726  22.107  -60.476  -20.548 0.5000000000
31754  22.650  -59.922  -20.230 0.6000000238
31740  24.307  -59.704  -19.497 0.5000000000
34077  24.323  -58.322  -19.088 0.4000000060
31723  24.693  -59.150  -18.797 0.4000000060
25732  22.907  -64.238  -11.965 0.4000000060
26984  22.653  -63.267  -14.039 0.4000000060
141802  23.054  -63.281  -13.080 0.4000000060
28156  22.072  -62.573  -14.531 0.4000000060
28173  20.924  -62.412  -16.413 0.4000000060
29406  20.840  -61.519  -18.481 0.4000000060
29419  20.695  -61.118  -19.508 0.4000000060
151771  21.068  -60.556  -20.401 0.4000000060
129185  21.416  -60.373  -20.442 0.5000000000
31741  22.289  -59.175  -20.026 0.4000000060
136815  23.498  -59.574  -19.756 0.6000000238
26971  22.948  -63.513  -12.363 0.4000000060
28150  22.647  -62.506  -13.473 0.4000000060
29346  21.971  -61.905  -14.643 0.4000000060
29347  21.568  -62.370  -15.276 0.4000000060
140332  21.426  -61.507  -15.925 0.4000000060
29376  21.036  -61.723  -16.440 0.4000000060
141033  20.914  -61.242  -17.257 0.5000000000
135530  20.677  -61.139  -18.008 0.4000000060
30552  20.360  -60.601  -18.790 0.3000000119
31724  19.978  -59.631  -19.120 0.3000000119
30565  20.858  -60.762  -20.224 0.4000000060
32943  21.115  -58.387  -20.343 0.4000000060
150600  21.715  -58.012  -20.182 0.4000000060
32929  22.459  -58.255  -19.905 0.5000000000
26956  22.606  -63.324  -11.694 0.4000000060
30497  22.282  -61.273  -15.009 0.4000000060
30511  21.929  -61.072  -15.746 0.4000000060
31702  21.816  -59.976  -16.872 0.3000000119
30539  21.041  -60.306  -17.270 0.3000000119
30540  20.519  -60.373  -17.939 0.3000000119
31725  19.821  -58.975  -18.591 0.3000000119
31742  20.135  -59.185  -19.707 0.3000000119
34088  21.364  -57.398  -20.192 0.4000000060
34087  22.187  -57.349  -20.170 0.4000000060
30482  23.553  -61.194  -14.079 0.3000000119
29345  22.682  -61.516  -14.275 0.3000000119
132670  22.746  -60.648  -15.616 0.3000000119
30523  22.977  -60.069  -16.090 0.3000000119
31701  22.657  -59.690  -16.586 0.3000000119
31709  22.235  -59.169  -17.061 0.3000000119
150843  20.658  -59.871  -17.621 0.4000000060
34048  20.542  -57.861  -17.725 0.4000000060
31703  20.044  -58.685  -18.114 0.3000000119
34064  19.859  -57.813  -18.534 0.3000000119
32930  20.212  -58.242  -19.738 0.3000000119
137540  20.872  -57.151  -19.965 0.4000000060
35224  21.366  -56.472  -20.039 0.4000000060
35223  22.232  -56.089  -20.211 0.4000000060
32902  21.899  -58.446  -17.343 0.4000000060
131225  20.745  -57.202  -17.738 0.4000000060
136576  20.324  -57.339  -18.021 0.4000000060
35178  20.117  -57.222  -18.478 0.3000000119
146618  20.192  -56.791  -19.221 0.4000000060
36309  20.452  -55.330  -19.126 0.4000000060
36308  21.045  -55.028  -19.589 0.4000000060
36322  20.854  -55.835  -19.667 0.4000000060
36321  21.689  -55.602  -19.945 0.4000000060
35177  20.519  -56.589  -18.068 0.4000000060
35194  20.265  -56.302  -18.611 0.5000000000
37400  20.606  -54.480  -18.689 0.4000000060
37421  20.703  -54.414  -19.103 0.4000000060
36320  22.549  -55.437  -20.042 0.3000000119
38510  20.885  -53.650  -19.030 0.3000000119
27078  29.079  -63.119  -20.211 0.6999999881
151667  28.857  -65.912  -18.386 0.8000000119
28239  27.238  -62.806  -19.979 0.6999999881
31764  26.630  -59.569  -22.542 0.6000000238
25766  25.898  -64.842  -15.601 0.4000000060
139732  26.060  -64.217  -16.160 0.4000000060
27056  26.177  -63.327  -18.111 0.6999999881
28221  26.205  -63.020  -19.044 0.6999999881
28257  26.352  -62.436  -20.912 0.6999999881
24538  24.604  -65.818  -14.300 0.5000000000
134270  24.749  -62.483  -19.673 0.5000000000
28205  23.536  -62.349  -17.775 0.4000000060
29438  23.322  -61.159  -21.251 0.6000000238
144257  24.242  -60.384  -20.433 0.5000000000
30564  23.437  -60.212  -20.375 0.6000000238
29377  20.837  -62.000  -16.924 0.3000000119
30576  20.747  -59.948  -20.298 0.4000000060
29339  22.712  -61.947  -12.944 0.4000000060
31743  19.744  -58.880  -19.145 0.3000000119
34080  19.922  -57.644  -19.209 0.3000000119
35210  20.152  -56.125  -18.957 0.3000000119
38509  21.714  -53.897  -19.599 0.3000000119
21114  25.968  -68.685  -23.232 0.6000000238
21129  25.808  -68.500  -24.131 0.6000000238
21177  26.373  -68.731  -28.177 0.6000000238
21167  28.074  -68.371  -28.294 0.6000000238
20032  24.915  -69.840  -23.349 0.5000000000
20017  25.496  -69.411  -22.716 0.6000000238
21097  26.569  -68.455  -21.930 0.6999999881
21113  26.451  -68.205  -22.876 0.6999999881
142890  25.530  -69.111  -23.528 0.6000000238
22247  26.849  -67.587  -23.497 0.6000000238
21142  26.149  -67.891  -24.888 0.6000000238
22271  27.157  -66.941  -25.251 0.6000000238
22284  27.041  -66.865  -26.261 0.6000000238
21168  26.829  -67.929  -27.799 0.6000000238
23537  28.077  -66.810  -27.075 0.6000000238
23536  29.361  -66.755  -26.933 0.6999999881
18912  24.976  -70.251  -21.394 0.6000000238
19981  26.262  -69.604  -20.312 0.6999999881
20018  24.939  -70.140  -22.212 0.5000000000
20001  26.137  -69.335  -21.349 0.6999999881
21098  26.018  -68.943  -22.297 0.6999999881
22228  27.524  -67.370  -22.087 0.6999999881
22229  26.973  -67.762  -22.495 0.6999999881
22258  27.236  -67.063  -24.129 0.5000000000
23527  27.762  -66.717  -26.618 0.6000000238
24693  28.894  -66.171  -26.491 0.6000000238
23525  29.181  -66.165  -26.819 0.6999999881
24692  29.523  -65.739  -26.371 0.6999999881
23535  30.358  -66.814  -26.822 0.6999999881
25876  30.995  -65.699  -26.685 0.6999999881
24709  37.453  -65.290  -27.647 0.4000000060
27107  34.823  -64.295  -27.313 0.5000000000
27108  33.870  -64.269  -26.886 0.6000000238
27109  32.974  -64.574  -26.751 0.6000000238
131092  31.274  -65.038  -26.394 0.6999999881
19985  22.847  -68.820  -20.546 0.5000000000
19983  24.472  -70.035  -20.041 0.5000000000
19965  25.809  -69.702  -19.309 0.6000000238
18894  23.816  -70.342  -20.618 0.5000000000
19964  26.745  -69.401  -19.484 0.6999999881
137261  25.297  -70.033  -19.968 0.5000000000
19982  25.442  -70.093  -20.804 0.6000000238
143933  27.717  -68.459  -19.978 0.6999999881
21079  27.434  -68.245  -20.755 0.6999999881
131112  27.783  -67.532  -21.222 0.6999999881
22246  27.432  -67.250  -23.068 0.6999999881
23511  27.769  -66.710  -25.371 0.6000000238
24681  28.931  -65.976  -25.601 0.6000000238
24680  29.587  -65.380  -25.232 0.6999999881
25869  30.658  -64.991  -26.069 0.6999999881
128492  31.220  -64.303  -25.723 0.6999999881
25868  31.983  -64.587  -26.427 0.6000000238
27104  31.693  -63.417  -25.622 0.6000000238
21042  23.277  -67.721  -18.812 0.5000000000
151278  22.956  -66.632  -20.852 0.4000000060
21061  24.464  -68.933  -18.846 0.5000000000
138425  23.652  -68.322  -19.184 0.5000000000
19967  24.128  -69.196  -19.456 0.5000000000
21039  25.962  -69.187  -17.654 0.6000000238
19954  26.349  -69.412  -18.598 0.6000000238
21015  28.343  -67.986  -17.872 0.6999999881
19953  27.212  -69.139  -18.827 0.6000000238
21059  27.817  -68.583  -19.189 0.6999999881
22207  28.039  -67.745  -20.384 0.6999999881
23474  27.976  -66.861  -22.497 0.6999999881
23494  27.882  -66.651  -23.633 0.6999999881
138148  27.623  -66.763  -24.648 0.6999999881
24667  29.117  -65.698  -24.260 0.6999999881
148355  29.779  -65.066  -24.263 0.6999999881
143893  30.203  -64.693  -24.797 0.8000000119
25864  30.718  -64.269  -25.231 0.6999999881
28288  33.670  -62.900  -26.055 0.5000000000
27103  32.411  -63.502  -26.068 0.6000000238
22174  22.525  -67.586  -18.730 0.4000000060
129670  24.226  -68.709  -17.831 0.6000000238
21040  24.546  -68.879  -18.294 0.6000000238
153699  26.025  -68.864  -16.877 0.6000000238
21017  26.725  -68.801  -17.112 0.6000000238
21016  27.584  -68.480  -17.402 0.6000000238
22173  28.650  -67.361  -18.470 0.6999999881
22187  28.663  -67.441  -19.214 0.6999999881
22206  28.563  -66.883  -20.712 0.6999999881
22227  28.096  -67.047  -21.678 0.6999999881
24628  29.071  -65.899  -20.999 0.8000000119
23452  28.513  -66.456  -21.764 0.8000000119
24652  29.088  -65.720  -23.012 0.6000000238
25860  30.280  -64.435  -23.698 0.6000000238
27095  30.654  -63.023  -23.980 0.8000000119
27098  30.871  -63.396  -24.639 0.6999999881
28296  34.487  -63.066  -26.407 0.5000000000
28289  32.865  -62.691  -25.804 0.6000000238
28282  31.434  -62.456  -25.120 0.6999999881
132778  34.217  -62.159  -25.589 0.6000000238
19938  23.262  -68.787  -17.332 0.5000000000
131107  21.996  -68.409  -18.002 0.4000000060
21043  20.466  -68.413  -18.592 0.4000000060
21020  23.875  -68.808  -17.408 0.5000000000
128064  23.556  -68.368  -17.997 0.5000000000
21018  25.305  -68.891  -17.003 0.6000000238
21003  26.477  -68.467  -16.382 0.6000000238
142741  27.993  -67.595  -16.931 0.6000000238
22161  28.499  -67.047  -17.695 0.6999999881
130296  28.913  -66.796  -19.626 0.8000000119
24616  29.220  -65.260  -19.522 0.8000000119
25836  29.585  -64.337  -20.753 0.6000000238
25853  30.196  -64.155  -22.441 0.6000000238
25852  30.496  -63.491  -23.268 0.6999999881
27091  30.354  -62.607  -23.224 0.6999999881
29453  30.502  -61.387  -24.449 0.6999999881
29460  32.705  -61.630  -25.345 0.6000000238
153027  31.437  -60.994  -24.914 0.6000000238
30609  31.354  -60.148  -24.669 0.6000000238
29459  33.616  -61.306  -25.443 0.6000000238
30608  32.125  -60.503  -25.013 0.6000000238
19906  23.306  -69.280  -15.803 0.5000000000
19925  22.873  -69.279  -16.576 0.5000000000
19940  21.334  -69.273  -17.292 0.5000000000
148643  20.495  -69.235  -17.496 0.5000000000
20984  24.469  -68.605  -15.375 0.5000000000
19924  23.797  -69.082  -16.637 0.5000000000
22148  26.849  -67.970  -16.039 0.6000000238
27077  29.403  -63.648  -20.408 0.6999999881
28254  29.409  -62.803  -20.842 0.6000000238
28267  29.766  -62.330  -21.720 0.6000000238
152016  29.693  -61.804  -22.243 0.6000000238
28279  29.958  -61.709  -23.491 0.6999999881
29441  29.449  -61.306  -22.910 0.6000000238
29448  29.903  -60.829  -24.064 0.6000000238
29452  30.963  -60.883  -24.706 0.6999999881
153527  33.790  -60.394  -25.437 0.5000000000
147765  31.828  -59.190  -24.921 0.4000000060
19890  22.929  -69.264  -15.005 0.5000000000
19891  22.016  -69.190  -15.034 0.5000000000
19909  20.575  -69.330  -15.796 0.5000000000
20986  19.347  -69.010  -16.240 0.5000000000
21006  18.545  -68.625  -16.449 0.5000000000
22162  17.221  -67.482  -16.785 0.5000000000
29433  28.039  -61.330  -22.276 0.6000000238
29442  28.386  -60.877  -23.002 0.6000000238
30589  28.764  -60.453  -23.555 0.4000000060
30602  29.793  -59.672  -24.057 0.5000000000
32974  30.253  -58.749  -23.856 0.4000000060
32973  31.187  -58.296  -24.002 0.4000000060
32985  30.878  -58.578  -24.224 0.5000000000
20961  22.502  -68.784  -14.319 0.6000000238
20962  21.576  -68.734  -14.378 0.5000000000
19893  20.405  -68.956  -15.099 0.5000000000
20965  19.158  -68.419  -15.049 0.5000000000
132454  18.416  -68.305  -15.539 0.5000000000
22149  17.395  -67.424  -15.928 0.5000000000
23377  16.233  -66.192  -16.422 0.4000000060
148626  15.751  -65.437  -16.407 0.5000000000
25787  15.164  -64.187  -16.650 0.4000000060
138238  15.007  -62.465  -17.147 0.4000000060
28210  15.242  -61.373  -18.648 0.4000000060
30590  27.773  -60.176  -23.473 0.6000000238
31773  28.020  -59.067  -23.276 0.4000000060
32975  29.348  -59.074  -23.625 0.4000000060
20949  21.100  -68.318  -13.746 0.5000000000
20950  20.231  -68.219  -13.947 0.4000000060
22117  18.473  -67.841  -14.632 0.4000000060
22118  17.798  -67.337  -14.693 0.5000000000
23345  16.783  -66.434  -14.619 0.4000000060
24556  15.925  -65.681  -15.702 0.5000000000
24539  16.105  -65.906  -14.794 0.4000000060
25769  15.187  -64.875  -15.470 0.5000000000
24557  15.396  -64.919  -16.060 0.5000000000
25770  14.754  -64.244  -15.632 0.3000000119
140615  14.794  -61.947  -17.047 0.3000000119
28193  14.277  -61.297  -16.991 0.3000000119
22100  20.596  -67.802  -13.248 0.5000000000
22101  19.724  -67.659  -13.488 0.5000000000
22102  18.859  -67.491  -13.759 0.4000000060
22084  21.790  -67.239  -12.592 0.4000000060
22085  20.947  -67.326  -12.610 0.4000000060
23326  19.211  -67.076  -13.034 0.4000000060
23312  17.924  -66.276  -12.944 0.4000000060
23309  21.293  -66.726  -12.137 0.4000000060
23310  20.461  -66.705  -12.215 0.4000000060
23311  19.591  -66.587  -12.409 0.4000000060
23299  20.843  -66.213  -11.634 0.4000000060
23301  19.116  -65.925  -12.016 0.4000000060
24515  18.236  -65.742  -12.330 0.4000000060
25733  16.968  -65.006  -12.061 0.4000000060
23300  19.995  -66.123  -11.777 0.4000000060
23298  22.114  -65.414  -11.563 0.3000000119
24507  18.628  -65.189  -11.674 0.4000000060
25714  18.118  -64.305  -11.362 0.4000000060
25715  17.326  -64.445  -11.594 0.4000000060
25711  22.421  -64.722  -11.550 0.4000000060
25717  15.529  -64.343  -11.488 0.4000000060
137460  16.215  -63.579  -11.142 0.4000000060
25712  22.284  -63.993  -11.233 0.3000000119
24491  21.095  -64.692  -10.734 0.4000000060
25696  20.329  -64.398  -10.552 0.4000000060
25698  18.738  -63.906  -10.757 0.4000000060
26951  18.059  -63.573  -10.929 0.4000000060
26957  17.206  -63.656  -11.092 0.4000000060
26952  17.681  -63.102  -10.766 0.3000000119
28268  28.915  -61.887  -21.345 0.6000000238
131194  24.700  -68.784  -16.260 0.5000000000
32965  28.830  -58.931  -23.335 0.4000000060
21169  25.933  -68.076  -27.252 0.6000000238
24704  29.828  -66.177  -26.905 0.6999999881
25870  30.083  -65.060  -25.816 0.6999999881
148629  35.632  -64.199  -27.520 0.5000000000
136951  35.351  -63.156  -26.712 0.5000000000
25874  33.744  -66.086  -27.366 0.5000000000
27102  33.133  -63.518  -26.292 0.6000000238
21081  23.550  -68.245  -19.828 0.5000000000
23473  28.496  -66.301  -22.745 0.6999999881
28290  32.121  -62.555  -25.497 0.6000000238
21038  26.986  -69.136  -17.935 0.6000000238
137969  28.560  -66.181  -23.667 0.6999999881
27097  31.142  -63.254  -25.029 0.6999999881
143576  29.802  -64.410  -21.553 0.6000000238
140432  30.400  -62.209  -24.103 0.6999999881
151482  30.814  -62.769  -24.511 0.6999999881
29458  34.554  -60.946  -25.596 0.5000000000
28287  35.136  -62.178  -25.745 0.5000000000
147616  31.108  -61.618  -24.893 0.6999999881
29461  31.808  -61.650  -25.106 0.6000000238
27086  29.878  -63.510  -21.364 0.6999999881
27092  30.280  -63.005  -22.333 0.6999999881
28276  30.026  -62.131  -22.558 0.6999999881
133367  30.556  -60.143  -24.381 0.6000000238
30607  33.056  -60.450  -25.278 0.6000000238
31790  32.647  -59.320  -25.186 0.6000000238
19907  22.438  -69.415  -15.777 0.5000000000
142152  21.154  -69.464  -16.442 0.5000000000
19928  19.719  -69.244  -16.684 0.4000000060
29432  29.162  -61.489  -22.131 0.6000000238
30597  29.193  -60.060  -23.888 0.6000000238
139196  15.528  -63.180  -18.327 0.3000000119
31779  28.483  -59.187  -23.534 0.5000000000
32964  29.738  -58.903  -23.348 0.4000000060
23362  17.238  -66.982  -15.219 0.5000000000
25788  15.003  -64.129  -16.220 0.4000000060
28211  14.888  -60.780  -18.277 0.4000000060
24504  21.220  -65.499  -11.188 0.4000000060
24492  20.404  -65.150  -10.874 0.4000000060
14473  34.236  -74.233  -26.802 0.3000000119
15639  33.757  -73.981  -25.708 0.3000000119
23468  35.503  -66.218  -22.498 0.4000000060
22256  38.164  -67.275  -23.443 0.4000000060
148205  37.092  -68.240  -22.359 0.4000000060
21109  37.889  -68.799  -22.642 0.4000000060
24662  35.699  -65.466  -23.866 0.4000000060
24649  33.787  -65.811  -22.644 0.4000000060
24664  33.806  -65.868  -23.876 0.4000000060
134126  32.578  -66.324  -24.021 0.5000000000
23472  31.449  -66.651  -23.086 0.5000000000
23492  31.074  -66.931  -24.179 0.5000000000
23487  38.490  -66.479  -24.389 0.4000000060
23489  36.906  -66.039  -23.376 0.5000000000
24648  34.625  -65.860  -22.594 0.5000000000
22257  30.474  -67.510  -24.153 0.5000000000
22268  39.816  -67.068  -25.144 0.5000000000
23466  37.253  -66.919  -22.972 0.5000000000
22255  39.390  -67.847  -24.273 0.5000000000
22241  38.553  -68.301  -23.242 0.4000000060
21108  38.796  -69.177  -23.057 0.4000000060
20012  38.456  -69.694  -22.927 0.4000000060
18926  38.550  -70.747  -23.266 0.4000000060
18948  37.302  -71.738  -23.334 0.3000000119
17860  36.348  -71.810  -23.512 0.4000000060
24686  37.181  -65.646  -26.143 0.4000000060
24688  35.338  -66.257  -26.457 0.4000000060
24685  38.190  -65.734  -26.054 0.4000000060
24675  36.854  -65.450  -25.059 0.4000000060
24676  35.786  -65.512  -24.947 0.4000000060
132044  34.451  -65.728  -24.333 0.4000000060
24678  33.959  -66.384  -25.497 0.5000000000
23490  32.485  -66.719  -25.204 0.5000000000
23506  38.965  -66.230  -25.399 0.4000000060
23488  37.393  -65.788  -24.232 0.4000000060
24647  36.042  -65.800  -23.236 0.4000000060
24679  33.154  -67.069  -26.279 0.5000000000
148477  30.946  -67.420  -25.126 0.5000000000
22269  30.985  -67.355  -26.153 0.6000000238
22282  30.189  -67.528  -26.409 0.6000000238
21151  29.786  -68.132  -25.987 0.6000000238
24703  31.621  -66.513  -27.103 0.6000000238
23534  31.338  -66.912  -26.799 0.6000000238
22283  29.522  -68.066  -26.839 0.5000000000
20028  39.419  -70.204  -23.461 0.4000000060
22295  28.450  -67.530  -27.473 0.5000000000
18947  38.555  -72.069  -23.705 0.4000000060
17859  38.475  -72.532  -23.496 0.4000000060
135713  37.378  -72.299  -23.250 0.4000000060
149844  35.143  -67.145  -27.180 0.4000000060
24700  34.554  -67.200  -27.192 0.5000000000
24689  33.876  -67.295  -26.878 0.5000000000
24701  33.468  -67.094  -27.160 0.5000000000
23508  32.483  -67.243  -26.599 0.5000000000
24702  32.521  -66.748  -27.230 0.5000000000
23524  31.680  -67.197  -26.665 0.6000000238
25875  31.822  -65.737  -27.052 0.6000000238
153854  35.060  -74.381  -27.864 0.3000000119
14451  33.348  -74.775  -24.210 0.3000000119
16725  35.209  -72.809  -22.273 0.3000000119
24696  37.866  -65.524  -27.235 0.4000000060
150188  37.002  -65.665  -27.351 0.4000000060
24710  36.531  -65.477  -27.557 0.4000000060
24699  35.566  -66.589  -27.093 0.4000000060
27115  35.340  -65.443  -27.611 0.4000000060
25873  34.633  -65.936  -27.485 0.4000000060
22293  29.902  -67.352  -26.701 0.6000000238
21166  29.108  -68.491  -27.624 0.5000000000
25872  35.731  -65.831  -27.294 0.4000000060
129291  35.078  -65.454  -24.099 0.4000000060
21140  29.946  -68.133  -24.708 0.5000000000
16744  36.047  -72.534  -22.886 0.3000000119
24698  36.384  -65.750  -26.987 0.4000000060
133902  34.689  -67.119  -26.713 0.5000000000
23523  32.231  -67.176  -26.982 0.6000000238
130798  20.713  -57.908  -20.103 0.3000000119
13324  34.728  -74.679  -27.390 0.3000000119
15656  34.048  -73.862  -26.331 0.3000000119
18893  24.644  -70.320  -20.757 0.6000000238
18934  24.231  -70.579  -22.644 0.5000000000
19892  21.127  -69.086  -15.080 0.5000000000
19905  24.004  -68.961  -15.841 0.5000000000
19908  21.531  -69.397  -15.760 0.5000000000
19910  19.916  -69.312  -16.164 0.4000000060
19926  21.953  -69.396  -16.550 0.5000000000
19927  20.402  -69.416  -16.749 0.5000000000
19939  22.402  -68.969  -17.314 0.5000000000
19941  19.841  -69.216  -17.298 0.5000000000
19955  25.285  -69.302  -18.511 0.5000000000
19966  24.921  -69.630  -19.327 0.5000000000
19984  23.608  -69.550  -20.090 0.5000000000
20002  25.522  -69.752  -21.776 0.6000000238
20013  37.677  -69.713  -22.732 0.4000000060
20031  25.307  -69.174  -24.285 0.6000000238
20074  27.217  -68.678  -28.738 0.6000000238
20947  22.978  -68.143  -13.689 0.6000000238
20959  25.163  -67.424  -14.749 0.6999999881
20960  23.831  -68.014  -14.008 0.6000000238
20963  20.721  -68.659  -14.478 0.5000000000
20964  19.927  -68.571  -14.703 0.4000000060
20983  25.242  -68.339  -15.593 0.5000000000
20985  23.728  -68.944  -15.146 0.5000000000
20987  17.797  -68.093  -16.191 0.5000000000
21002  27.236  -68.198  -16.605 0.6000000238
21004  25.663  -68.623  -16.263 0.6000000238
21005  19.212  -68.945  -16.979 0.4000000060
21019  24.473  -68.923  -17.133 0.5000000000
21021  22.898  -68.130  -17.996 0.5000000000
21022  20.948  -68.832  -18.037 0.4000000060
21036  28.387  -68.080  -18.761 0.6999999881
21037  27.766  -68.633  -18.314 0.6999999881
21041  23.895  -68.466  -18.496 0.6000000238
21058  28.271  -67.997  -19.594 0.6999999881
21060  27.109  -68.978  -20.212 0.6999999881
21062  23.316  -67.313  -19.762 0.5000000000
21080  26.797  -68.779  -21.039 0.6999999881
21082  23.179  -67.204  -20.421 0.4000000060
21096  27.168  -67.990  -21.602 0.6999999881
21125  39.576  -69.013  -23.755 0.4000000060
21128  26.308  -67.987  -23.858 0.6000000238
22086  20.082  -67.219  -12.807 0.4000000060
22099  21.466  -67.833  -13.115 0.5000000000
22115  24.139  -67.310  -13.791 0.5000000000
22116  19.377  -68.077  -14.228 0.4000000060
22130  27.345  -67.489  -16.210 0.6999999881
22131  26.750  -67.376  -15.687 0.6999999881
22132  25.955  -67.237  -15.188 0.6999999881
22133  17.828  -67.710  -15.352 0.5000000000
22242  37.631  -67.800  -22.732 0.4000000060
22259  26.706  -67.412  -24.557 0.6000000238
22270  30.415  -67.709  -25.477 0.6000000238
22272  26.525  -67.308  -25.625 0.6000000238
22285  26.465  -67.357  -26.726 0.6000000238
22292  30.804  -67.121  -26.631 0.6000000238
22294  29.210  -67.652  -27.105 0.6999999881
22296  27.405  -67.141  -27.283 0.6000000238
23307  23.255  -66.194  -12.705 0.5000000000
23325  23.544  -66.851  -13.276 0.5000000000
23363  16.505  -66.365  -15.463 0.5000000000
23375  27.732  -66.873  -16.414 0.6000000238
23376  16.834  -66.909  -16.105 0.5000000000
23406  28.780  -66.567  -18.369 0.6999999881
23436  29.225  -66.035  -20.006 0.8000000119
23491  31.916  -66.644  -24.153 0.5000000000
23493  28.292  -66.390  -24.764 0.6999999881
23507  37.875  -65.696  -25.143 0.4000000060
23509  31.660  -67.153  -25.562 0.5000000000
23510  28.255  -66.500  -26.040 0.6000000238
23526  28.575  -66.515  -26.794 0.6999999881
24505  20.413  -65.706  -11.318 0.4000000060
24506  19.608  -65.396  -11.322 0.4000000060
24508  17.757  -65.060  -11.946 0.4000000060
24513  23.128  -65.579  -12.398 0.5000000000
24514  22.784  -65.153  -11.974 0.4000000060
24537  25.208  -66.084  -14.736 0.5000000000
24552  27.114  -66.041  -15.714 0.6999999881
24554  25.604  -65.510  -15.197 0.4000000060
24555  24.923  -65.322  -14.866 0.5000000000
24574  15.483  -64.799  -16.881 0.5000000000
24588  28.469  -65.380  -18.087 0.8000000119
24589  27.953  -65.479  -17.223 0.6999999881
24604  28.951  -65.316  -18.766 0.8999999762
24627  29.356  -65.152  -20.369 0.8000000119
24638  29.477  -65.093  -21.259 0.6000000238
24639  29.063  -65.781  -21.977 0.6999999881
24651  29.612  -65.064  -22.212 0.6000000238
24661  36.458  -65.522  -24.058 0.4000000060
24663  34.477  -65.627  -23.401 0.4000000060
24665  33.152  -66.289  -24.675 0.5000000000
24666  29.728  -65.075  -23.290 0.6000000238
24677  34.871  -65.900  -25.320 0.4000000060
24687  36.221  -65.755  -26.187 0.4000000060
24690  33.047  -67.415  -26.995 0.5000000000
24691  30.221  -65.618  -26.562 0.6999999881
24697  37.393  -65.686  -26.929 0.4000000060
25697  19.529  -64.170  -10.558 0.4000000060
25713  19.055  -64.638  -11.069 0.4000000060
25716  16.537  -64.359  -11.509 0.4000000060
25753  24.342  -64.968  -14.468 0.4000000060
25754  23.741  -64.542  -14.104 0.4000000060
25783  27.283  -65.094  -16.514 0.6000000238
25784  26.665  -64.857  -15.994 0.5000000000
25799  15.371  -63.831  -17.459 0.4000000060
25809  26.977  -63.977  -17.743 0.6999999881
25822  29.313  -64.422  -19.922 0.6999999881
25824  28.484  -64.077  -19.014 0.8000000119
25859  30.662  -63.892  -24.284 0.8000000119
25881  37.789  -64.695  -27.799 0.4000000060
26959  15.365  -63.408  -11.295 0.4000000060
27011  23.630  -63.911  -15.696 0.3000000119
27013  21.924  -63.482  -15.723 0.3000000119
27027  25.509  -63.604  -16.564 0.4000000060
27028  24.362  -63.641  -16.195 0.4000000060
27031  15.064  -63.332  -16.885 0.4000000060
27032  14.854  -63.144  -16.403 0.3000000119
27042  25.477  -63.062  -17.477 0.6000000238
27044  22.809  -62.943  -16.975 0.3000000119
27045  15.294  -62.487  -17.843 0.3000000119
27046  15.057  -61.543  -17.757 0.4000000060
28138  22.706  -62.598  -12.413 0.4000000060
28172  21.107  -62.815  -15.887 0.4000000060
28191  20.998  -62.956  -16.524 0.4000000060
28192  14.717  -61.088  -17.713 0.4000000060
28208  21.211  -62.718  -17.160 0.4000000060
28209  20.919  -62.427  -17.011 0.3000000119
28226  21.341  -61.970  -18.397 0.4000000060
28229  14.978  -61.063  -18.982 0.4000000060
28245  21.633  -61.760  -19.366 0.4000000060
28255  28.559  -62.473  -20.682 0.6999999881
28271  24.951  -61.756  -22.210 0.5000000000
28272  24.396  -61.616  -21.949 0.5000000000
28283  30.844  -62.257  -24.734 0.6999999881
29358  21.645  -61.689  -15.325 0.4000000060
29359  21.190  -62.106  -15.813 0.4000000060
29392  20.904  -61.784  -17.549 0.4000000060
29417  22.043  -61.265  -20.519 0.4000000060
29425  22.877  -61.329  -20.993 0.5000000000
29426  21.411  -60.904  -20.475 0.4000000060
29437  23.670  -61.510  -21.467 0.6000000238
29445  25.438  -60.666  -22.837 0.6000000238
29449  29.458  -60.883  -23.637 0.6000000238
30496  23.332  -60.843  -14.844 0.3000000119
30524  22.302  -60.421  -16.287 0.4000000060
30525  21.441  -60.901  -16.521 0.3000000119
30562  25.909  -60.159  -20.379 0.5000000000
30566  20.390  -60.253  -19.686 0.3000000119
30583  25.361  -60.194  -22.389 0.6000000238
30598  27.585  -59.537  -23.405 0.6000000238
31710  21.169  -59.279  -17.389 0.3000000119
31711  20.297  -59.396  -17.947 0.3000000119
31722  25.146  -59.583  -19.003 0.4000000060
31755  21.802  -59.744  -20.312 0.4000000060
31756  21.127  -59.375  -20.455 0.4000000060
31765  25.852  -59.823  -22.736 0.5000000000
31774  26.256  -59.788  -23.078 0.6000000238
31777  29.743  -59.060  -23.905 0.4000000060
31778  29.114  -59.361  -23.783 0.5000000000
31784  31.010  -59.037  -24.617 0.6000000238
31785  30.297  -58.992  -24.227 0.5000000000
32896  20.101  -58.230  -17.979 0.3000000119
32903  21.087  -58.359  -17.489 0.4000000060
32904  20.493  -58.630  -17.722 0.3000000119
32905  19.846  -58.265  -18.367 0.3000000119
32917  19.670  -58.211  -18.876 0.3000000119
32927  23.913  -59.062  -19.279 0.6000000238
32931  19.854  -58.433  -19.324 0.3000000119
32942  21.657  -58.823  -20.257 0.4000000060
32944  20.618  -58.857  -20.229 0.3000000119
32984  31.764  -58.457  -24.541 0.4000000060
34049  20.056  -57.788  -18.162 0.4000000060
34089  20.392  -57.393  -19.649 0.3000000119
34090  20.642  -56.615  -19.650 0.4000000060
35176  21.299  -56.705  -17.677 0.4000000060
35211  19.992  -56.930  -18.883 0.3000000119
36290  20.435  -55.375  -18.665 0.4000000060
37420  21.163  -54.343  -19.473 0.4000000060
128211  24.984  -69.018  -17.734 0.6000000238
130813  35.220  -65.643  -23.245 0.5000000000
131866  20.178  -59.784  -18.522 0.3000000119
132255  28.536  -58.955  -22.882 0.4000000060
132431  16.590  -65.463  -12.601 0.4000000060
132680  22.370  -62.002  -13.829 0.4000000060
133073  19.738  -68.990  -15.515 0.5000000000
133386  28.508  -67.378  -19.918 0.6999999881
134565  18.730  -66.430  -12.657 0.4000000060
135417  27.531  -66.747  -25.965 0.6000000238
135550  28.670  -66.974  -27.117 0.6999999881
136332  24.164  -68.375  -14.659 0.6999999881
136358  28.559  -66.135  -17.743 0.6999999881
136752  18.499  -63.245  -10.593 0.3000000119
137048  23.387  -68.664  -14.419 0.6000000238
138015  20.068  -68.982  -17.971 0.5000000000
138397  21.953  -56.735  -20.232 0.4000000060
138534  19.776  -64.808  -10.788 0.4000000060
138910  28.408  -59.665  -23.709 0.4000000060
139700  32.733  -65.917  -27.319 0.6000000238
140195  38.349  -65.718  -26.745 0.4000000060
140900  23.054  -59.050  -19.703 0.5000000000
141526  19.826  -57.555  -18.798 0.3000000119
144276  21.835  -64.783  -11.114 0.4000000060
146051  37.666  -66.436  -23.601 0.5000000000
147008  21.991  -54.775  -19.814 0.3000000119
147417  33.437  -62.158  -25.573 0.6000000238
149078  35.255  -66.869  -27.423 0.4000000060
149676  21.703  -66.122  -11.741 0.4000000060
149948  20.772  -53.840  -18.773 0.4000000060
150678  19.039  -68.675  -15.745 0.5000000000
151448  30.160  -61.577  -24.023 0.6999999881
152089  28.918  -66.862  -18.920 0.6999999881
152141  26.881  -59.711  -23.184 0.6999999881
152277  30.708  -66.323  -26.878 0.6999999881
153123  24.967  -70.222  -20.362 0.5000000000
153892  15.640  -65.342  -15.321 0.4000000060
154187  21.667  -64.188  -10.802 0.3000000119
154440  21.313  -62.324  -17.711 0.4000000060
154457  22.024  -66.609  -12.235 0.5000000000
154491  20.374  -56.124  -19.279 0.4000000060
154664  27.351  -68.958  -19.553 0.6999999881
