#!ascii label  , from subject sub001 vox2ras=TkReg
1966
35186  34.195  -56.983  -18.587 0.6000000238
34045  33.448  -57.709  -17.423 0.5000000000
37388  34.105  -54.288  -17.725 0.6999999881
38488  34.471  -53.656  -18.247 0.6000000238
38498  34.831  -53.231  -18.959 0.6000000238
39531  34.504  -52.090  -18.205 0.6000000238
36284  33.843  -55.784  -17.684 0.6999999881
36271  34.212  -55.092  -18.092 0.6000000238
37397  34.519  -54.448  -18.403 0.5000000000
37409  34.904  -54.105  -18.970 0.5000000000
37408  35.401  -54.538  -19.632 0.5000000000
38497  35.325  -53.606  -19.593 0.6000000238
40578  34.786  -51.729  -18.781 0.6000000238
35174  33.581  -56.399  -17.268 0.5000000000
34056  33.653  -57.310  -18.093 0.5000000000
35204  34.780  -56.621  -19.179 0.6000000238
40577  35.188  -51.816  -19.451 0.6000000238
31708  32.810  -59.292  -16.964 0.5000000000
31698  33.594  -59.308  -16.092 0.5000000000
41607  34.494  -50.464  -16.443 0.6000000238
41619  34.525  -50.697  -17.442 0.6999999881
38452  33.917  -53.676  -16.101 0.6000000238
38464  33.918  -53.182  -16.654 0.6999999881
40549  34.325  -51.280  -16.564 0.6000000238
140524  34.296  -51.681  -17.403 0.6000000238
40562  34.634  -51.282  -18.223 0.6000000238
36256  33.704  -55.002  -16.447 0.6000000238
36272  33.755  -54.971  -17.282 0.6999999881
41632  34.961  -50.509  -18.397 0.6000000238
34034  33.627  -56.994  -16.002 0.5000000000
136924  33.765  -55.680  -16.206 0.5000000000
41631  35.354  -50.368  -19.227 0.6000000238
135026  33.500  -57.876  -16.420 0.5000000000
41649  35.711  -50.379  -20.129 0.6000000238
32883  33.745  -58.432  -15.949 0.5000000000
42783  36.045  -49.656  -20.280 0.6000000238
43886  37.194  -48.299  -19.886 0.6999999881
42782  36.613  -49.399  -20.764 0.6000000238
146427  37.253  -48.708  -20.615 0.6999999881
41677  36.917  -50.100  -21.398 0.6000000238
42781  37.465  -49.125  -21.330 0.6000000238
42793  38.766  -48.742  -22.679 0.6000000238
43910  38.292  -48.765  -21.883 0.6000000238
45086  35.955  -47.708  -22.589 0.5000000000
45063  34.751  -47.678  -20.346 0.6999999881
45087  35.106  -48.158  -22.206 0.6000000238
43898  34.008  -48.245  -20.967 0.8000000119
43911  34.226  -48.415  -21.908 0.6999999881
42714  34.897  -49.608  -15.560 0.6000000238
152715  34.888  -49.130  -16.026 0.6999999881
39495  34.438  -52.342  -15.591 0.6999999881
39507  34.087  -52.244  -16.449 0.6999999881
143694  34.561  -51.016  -15.786 0.6000000238
154147  34.968  -50.028  -17.827 0.6999999881
43843  35.323  -48.491  -16.245 0.6999999881
38451  34.415  -53.733  -15.493 0.6000000238
134630  34.577  -52.986  -15.350 0.6000000238
43853  35.545  -48.668  -17.242 0.8000000119
37359  35.176  -54.795  -15.113 0.5000000000
37360  34.501  -54.614  -15.433 0.5000000000
43852  36.217  -48.222  -17.771 0.8000000119
136933  35.383  -49.647  -18.586 0.6000000238
35146  34.510  -56.551  -15.461 0.5000000000
35147  33.991  -56.198  -15.833 0.5000000000
43866  36.438  -48.381  -18.620 0.8000000119
43888  35.989  -48.967  -19.071 0.6000000238
130941  34.154  -58.900  -15.678 0.5000000000
45050  37.057  -47.894  -19.180 0.8000000119
42767  36.397  -48.979  -19.982 0.6999999881
45060  38.689  -47.526  -20.761 0.6999999881
45049  38.027  -47.523  -19.850 0.6999999881
45059  39.337  -46.970  -20.996 0.6999999881
45048  39.075  -46.840  -20.336 0.6999999881
43897  38.304  -48.282  -21.239 0.6999999881
45082  39.241  -46.613  -21.756 0.6000000238
43896  39.148  -47.439  -21.604 0.6000000238
46109  38.422  -46.417  -21.823 0.6999999881
132016  38.763  -47.608  -23.074 0.6999999881
45083  39.094  -47.190  -22.289 0.6000000238
45075  36.689  -47.273  -22.008 0.6999999881
45092  37.334  -47.635  -23.715 0.6000000238
144550  35.496  -47.549  -20.931 0.8000000119
45061  36.398  -47.140  -21.040 0.8000000119
45085  36.984  -47.394  -22.921 0.6000000238
45051  35.178  -47.204  -19.507 0.8999999762
43899  33.006  -48.318  -20.730 0.6999999881
45052  34.272  -47.534  -19.380 0.8000000119
141546  33.320  -48.555  -21.634 0.6999999881
44975  35.919  -48.169  -14.727 0.6000000238
44988  35.572  -48.164  -15.329 0.6999999881
46012  36.368  -47.008  -14.797 0.6999999881
42713  35.359  -49.497  -15.026 0.6000000238
44987  36.076  -47.129  -15.595 0.6000000238
41590  37.022  -50.708  -14.849 0.4000000060
40517  35.708  -51.453  -15.040 0.6000000238
41577  35.636  -50.097  -14.854 0.6000000238
45004  35.679  -47.706  -16.011 0.6999999881
139032  35.474  -52.075  -15.107 0.6000000238
45018  35.896  -47.964  -16.882 0.8000000119
38449  36.563  -53.699  -15.279 0.4000000060
141230  36.019  -53.361  -15.127 0.5000000000
38450  35.148  -53.366  -15.018 0.6000000238
45017  36.546  -47.481  -17.469 0.8000000119
37358  36.049  -54.968  -15.165 0.5000000000
46049  36.898  -46.728  -17.163 0.8000000119
35145  35.353  -56.272  -15.268 0.4000000060
45028  37.641  -47.206  -18.934 0.8000000119
34023  35.237  -57.587  -15.387 0.5000000000
46063  39.128  -45.915  -19.272 0.8000000119
47192  39.518  -45.212  -20.273 0.8000000119
46085  39.481  -46.147  -19.983 0.6999999881
46086  38.595  -46.667  -19.519 0.8000000119
47200  38.797  -45.922  -21.416 0.8000000119
46084  39.585  -45.623  -20.254 0.6999999881
140042  37.840  -45.552  -20.544 0.8999999762
46097  38.096  -46.007  -21.215 0.8999999762
47199  39.246  -45.784  -21.210 0.6999999881
46098  37.131  -46.297  -20.792 0.8999999762
46108  38.968  -46.217  -21.704 0.6999999881
46110  37.419  -46.704  -21.563 0.6000000238
45062  35.754  -47.215  -20.268 0.8999999762
46099  36.438  -46.682  -20.328 0.8999999762
45054  32.334  -47.368  -19.140 0.8000000119
45066  31.384  -47.295  -20.198 0.8000000119
45065  32.599  -47.887  -19.894 0.8000000119
43900  31.905  -48.108  -20.676 0.8000000119
45053  33.324  -47.599  -19.192 0.8000000119
45064  33.676  -47.964  -20.029 0.6999999881
44974  36.573  -47.753  -14.426 0.6999999881
139364  37.209  -46.145  -14.341 0.6000000238
43818  36.220  -48.605  -14.526 0.6000000238
47115  37.472  -45.399  -14.565 0.6999999881
42712  37.394  -49.999  -14.694 0.4000000060
42701  36.822  -49.236  -14.448 0.5000000000
42702  35.938  -49.359  -14.631 0.6000000238
46040  36.580  -46.520  -16.215 0.6999999881
40516  36.611  -51.408  -15.040 0.5000000000
47138  36.979  -45.806  -15.836 0.6999999881
40531  38.384  -51.734  -16.006 0.5000000000
39492  37.017  -52.011  -15.277 0.6000000238
39521  38.586  -52.854  -16.622 0.4000000060
133060  37.865  -52.985  -15.931 0.4000000060
129336  38.738  -44.623  -17.078 0.8000000119
46048  37.718  -46.202  -17.782 0.8000000119
37370  37.572  -54.561  -15.900 0.4000000060
46047  38.672  -45.672  -18.409 0.8000000119
47146  38.226  -45.462  -17.447 0.8000000119
45016  37.289  -46.973  -18.059 0.8000000119
35144  36.260  -56.650  -15.442 0.3000000119
49408  39.292  -43.880  -19.290 0.8000000119
48294  39.483  -44.079  -19.173 0.8000000119
47164  39.520  -45.103  -19.139 0.8000000119
48307  39.096  -44.302  -19.811 0.8000000119
47181  39.622  -45.035  -19.828 0.8000000119
152399  37.929  -44.034  -19.079 0.8999999762
48315  38.581  -44.850  -20.272 0.8999999762
47165  37.408  -44.768  -19.125 0.8999999762
47183  37.635  -45.127  -19.837 0.8999999762
47166  36.445  -45.220  -18.535 0.8999999762
46087  36.811  -45.901  -19.986 0.8999999762
46065  36.297  -46.048  -19.041 0.8999999762
45034  31.413  -46.741  -19.326 0.8000000119
46100  30.516  -46.506  -20.283 0.8000000119
46066  35.402  -46.604  -18.721 0.8999999762
45030  34.691  -47.159  -18.824 0.8999999762
45032  33.084  -47.082  -18.539 0.8000000119
46067  34.514  -46.700  -18.184 0.8000000119
44964  37.964  -47.157  -13.619 0.6000000238
46000  37.568  -46.643  -13.857 0.6000000238
47100  38.408  -45.103  -13.485 0.6000000238
44963  38.723  -47.389  -13.552 0.6000000238
42699  38.562  -49.250  -14.598 0.4000000060
43815  39.075  -48.736  -14.418 0.4000000060
43816  38.281  -48.518  -14.112 0.4000000060
43817  37.408  -48.133  -14.035 0.5000000000
47116  36.907  -45.801  -14.997 0.6999999881
42711  38.310  -49.922  -14.895 0.4000000060
47129  37.508  -45.138  -15.491 0.6999999881
41606  38.593  -51.018  -15.771 0.5000000000
41588  38.851  -50.309  -15.516 0.4000000060
47137  37.751  -45.275  -16.460 0.6999999881
40530  38.972  -51.336  -16.397 0.5000000000
49369  39.509  -43.339  -16.517 0.8000000119
50357  39.392  -43.154  -17.828 0.8000000119
47145  39.126  -44.899  -18.151 0.8000000119
49398  38.914  -43.347  -18.653 0.8000000119
49399  37.882  -43.450  -18.454 0.8999999762
49409  38.726  -43.799  -19.262 0.8999999762
49400  36.635  -43.720  -17.652 0.8999999762
47167  35.738  -45.864  -18.383 0.8999999762
47148  35.520  -45.315  -17.798 1.0000000000
46070  31.495  -46.106  -18.687 0.8000000119
47149  34.705  -45.392  -17.470 1.0000000000
45033  32.256  -46.710  -18.517 0.8000000119
47150  33.949  -45.402  -17.399 1.0000000000
46068  33.673  -46.653  -18.015 0.8000000119
154328  32.921  -45.673  -17.740 0.8000000119
128722  38.769  -45.936  -13.094 0.6000000238
48241  39.556  -44.270  -12.772 0.6000000238
45998  39.380  -46.827  -13.140 0.6000000238
140699  39.155  -43.814  -13.334 0.6999999881
43814  39.885  -48.430  -14.397 0.4000000060
43804  38.950  -48.138  -13.926 0.4000000060
44962  39.604  -47.687  -13.670 0.4000000060
43829  39.598  -49.229  -15.053 0.4000000060
48263  38.308  -43.954  -15.137 0.6999999881
133104  40.171  -50.074  -16.574 0.5000000000
43828  40.474  -48.794  -15.249 0.4000000060
48271  38.079  -44.673  -16.152 0.8000000119
49368  39.627  -43.098  -17.139 0.8000000119
50320  39.702  -42.211  -15.303 0.8000000119
50342  38.882  -42.089  -17.257 0.8000000119
49381  39.422  -43.520  -17.981 0.8000000119
149054  38.294  -42.078  -17.576 0.8000000119
50358  39.063  -42.806  -17.930 0.8000000119
47147  36.061  -44.536  -17.739 0.8999999762
50344  36.355  -42.167  -17.318 0.8999999762
49383  35.542  -43.866  -17.182 1.0000000000
139200  34.848  -44.066  -17.084 1.0000000000
48281  34.430  -44.663  -17.303 1.0000000000
47168  32.586  -45.215  -17.979 0.8000000119
46089  30.489  -46.137  -19.470 0.8000000119
48282  33.742  -44.629  -17.479 1.0000000000
48283  32.999  -44.566  -17.835 0.8000000119
47151  33.272  -45.270  -17.616 0.8000000119
45983  40.389  -45.825  -12.623 0.6000000238
45984  39.674  -45.919  -12.723 0.6000000238
47099  39.178  -45.141  -12.839 0.6000000238
49336  39.215  -43.146  -13.843 0.6999999881
50289  39.851  -42.637  -13.221 0.6999999881
44972  40.464  -47.771  -13.983 0.4000000060
44961  40.904  -47.125  -13.583 0.5000000000
45997  40.377  -46.557  -12.910 0.5000000000
49351  38.757  -43.514  -14.558 0.8000000119
50314  39.664  -42.342  -14.255 0.8000000119
43813  40.821  -48.234  -14.738 0.4000000060
49350  39.358  -42.832  -14.950 0.8000000119
43826  42.100  -48.203  -15.906 0.4000000060
44986  41.864  -47.931  -15.110 0.4000000060
146634  39.602  -42.640  -16.729 0.8000000119
49359  39.702  -42.802  -16.128 0.8000000119
51294  39.354  -42.105  -16.783 0.8000000119
49382  37.122  -42.897  -17.601 0.8999999762
141724  37.035  -40.791  -17.339 0.8000000119
139395  35.950  -43.032  -17.154 1.0000000000
49384  34.920  -43.261  -17.133 1.0000000000
50345  35.331  -42.251  -17.283 1.0000000000
50361  33.293  -42.769  -18.562 1.0000000000
48296  32.236  -44.447  -18.336 0.8999999762
47184  30.858  -45.559  -18.815 0.8000000119
48297  31.412  -44.191  -18.676 0.8999999762
49401  32.912  -43.331  -18.406 1.0000000000
50362  32.532  -42.706  -19.126 1.0000000000
49402  32.070  -43.551  -18.719 1.0000000000
51320  33.302  -41.998  -19.977 1.0000000000
51336  33.602  -41.402  -21.247 1.0000000000
51329  33.157  -41.713  -20.582 1.0000000000
51330  32.890  -41.351  -20.850 1.0000000000
146160  34.029  -41.045  -21.790 1.0000000000
51349  33.526  -41.059  -21.545 1.0000000000
134391  40.820  -43.261  -12.497 0.6999999881
147545  40.101  -43.273  -12.635 0.6999999881
51242  41.380  -41.607  -12.760 0.6999999881
48224  41.864  -44.219  -12.451 0.6000000238
134706  41.114  -43.888  -12.422 0.6000000238
45982  40.934  -46.067  -12.761 0.6000000238
46010  41.766  -46.958  -13.850 0.5000000000
51269  40.328  -41.083  -14.036 0.8000000119
46025  42.804  -46.923  -14.816 0.4000000060
51270  39.946  -41.648  -14.623 0.8000000119
51277  39.665  -41.515  -15.462 0.8000000119
51284  39.328  -41.415  -16.225 0.8000000119
51295  38.815  -41.316  -16.843 0.8000000119
52395  38.768  -40.568  -16.306 0.8000000119
52407  37.462  -40.171  -17.192 0.6999999881
51296  38.128  -41.156  -17.334 0.8000000119
139919  36.079  -40.728  -17.282 0.8999999762
52408  36.265  -40.016  -17.357 0.8000000119
51298  35.687  -41.376  -17.312 0.8999999762
53635  36.181  -39.389  -17.814 1.0000000000
53636  35.539  -39.914  -17.713 1.0000000000
51299  34.850  -41.446  -17.530 1.0000000000
52421  34.918  -40.300  -18.066 1.0000000000
53660  35.276  -39.777  -19.647 1.0000000000
51309  34.069  -41.650  -18.184 1.0000000000
52429  34.725  -40.361  -19.176 1.0000000000
52422  34.319  -41.000  -18.706 1.0000000000
138859  35.212  -40.469  -21.285 1.0000000000
51328  33.667  -41.650  -20.637 1.0000000000
146702  32.024  -42.231  -19.679 1.0000000000
49411  31.224  -43.438  -18.865 1.0000000000
52442  34.184  -41.280  -21.303 1.0000000000
50376  32.474  -41.792  -20.220 1.0000000000
151787  31.785  -41.820  -19.816 1.0000000000
52443  32.995  -40.929  -21.175 1.0000000000
52471  33.817  -40.555  -21.983 1.0000000000
53694  33.624  -40.477  -21.603 1.0000000000
138921  41.364  -42.473  -12.530 0.6999999881
50303  40.361  -42.089  -13.071 0.6999999881
48223  42.757  -44.255  -12.616 0.5000000000
50287  42.211  -42.699  -12.353 0.6999999881
51257  40.713  -41.447  -13.260 0.6999999881
47079  41.727  -45.103  -12.571 0.6000000238
45995  42.128  -46.298  -13.385 0.5000000000
47097  42.438  -45.493  -12.984 0.5000000000
52376  40.458  -40.209  -14.322 0.8000000119
52384  39.926  -39.917  -14.996 0.8000000119
52385  39.353  -40.569  -15.555 0.6999999881
52386  38.808  -39.859  -15.830 0.8000000119
53623  38.403  -39.595  -16.546 0.8000000119
138995  37.153  -39.264  -17.463 0.6999999881
140551  37.910  -39.667  -17.089 0.6999999881
54832  36.785  -38.688  -17.943 0.8999999762
56023  37.547  -37.623  -18.399 0.8000000119
56046  37.604  -37.521  -19.124 0.8000000119
56067  38.468  -37.611  -20.612 0.8000000119
53647  36.188  -38.922  -18.473 0.8999999762
56024  36.971  -37.871  -18.835 0.8000000119
56087  37.825  -37.926  -20.941 0.8000000119
147354  35.753  -39.110  -19.161 1.0000000000
54865  36.349  -38.492  -19.320 0.8999999762
54883  37.176  -38.220  -20.720 0.8999999762
56086  38.305  -38.145  -21.462 0.8000000119
54884  36.457  -38.645  -20.420 0.8999999762
53673  36.050  -39.632  -21.154 1.0000000000
52441  34.773  -40.626  -20.489 1.0000000000
52430  34.215  -41.324  -20.152 1.0000000000
52456  35.064  -40.534  -22.241 1.0000000000
147203  34.559  -40.466  -22.187 1.0000000000
53676  32.766  -40.537  -20.460 1.0000000000
53725  35.842  -40.232  -23.170 1.0000000000
143472  34.632  -40.097  -22.641 1.0000000000
53675  33.356  -40.086  -20.916 1.0000000000
53710  35.167  -40.104  -23.125 1.0000000000
54921  34.999  -39.469  -22.997 1.0000000000
54907  34.300  -38.822  -21.764 1.0000000000
50286  42.950  -42.818  -12.467 0.6999999881
148767  42.643  -42.326  -12.436 0.6999999881
52336  42.807  -41.042  -12.711 0.6999999881
52337  41.959  -40.995  -12.825 0.6999999881
52357  41.587  -40.365  -13.323 0.6999999881
50302  43.831  -42.820  -12.767 0.6000000238
52358  40.887  -40.629  -13.627 0.6999999881
48239  43.600  -44.480  -12.972 0.5000000000
53588  41.130  -39.806  -13.877 0.6999999881
47096  43.267  -45.278  -13.338 0.5000000000
53606  40.558  -39.170  -14.520 0.8000000119
53622  38.917  -38.986  -15.848 0.6999999881
53615  39.680  -38.974  -15.161 0.6999999881
143435  38.501  -38.725  -16.610 0.6999999881
54830  38.250  -38.186  -17.106 0.6999999881
54831  37.548  -38.413  -17.591 0.6999999881
56045  38.525  -37.289  -19.486 0.8000000119
56044  39.396  -37.200  -19.409 0.8000000119
56084  40.083  -37.920  -21.248 0.8000000119
56066  39.240  -37.384  -20.226 0.8000000119
54903  39.507  -38.450  -21.964 0.8000000119
54904  38.762  -38.457  -21.957 0.8000000119
54906  36.795  -39.134  -21.402 1.0000000000
54905  37.558  -38.631  -21.552 0.8999999762
54919  38.829  -39.243  -22.801 0.8000000119
53690  37.081  -39.664  -22.397 1.0000000000
53707  38.064  -39.807  -23.616 0.8000000119
53674  35.429  -40.125  -20.810 1.0000000000
53692  35.609  -40.384  -21.871 1.0000000000
52455  35.747  -40.394  -22.692 1.0000000000
54932  36.204  -39.694  -23.387 1.0000000000
54886  33.792  -39.070  -20.393 1.0000000000
53661  33.342  -39.618  -19.874 1.0000000000
142266  36.161  -38.687  -23.414 1.0000000000
56110  35.903  -37.527  -22.967 1.0000000000
56101  35.134  -38.497  -22.615 1.0000000000
56100  35.549  -37.745  -22.655 1.0000000000
52335  43.705  -41.172  -12.917 0.6999999881
144498  43.360  -40.258  -13.136 0.6999999881
53587  41.894  -39.543  -13.516 0.6000000238
53605  41.409  -38.955  -14.013 0.6000000238
54799  41.122  -38.323  -14.561 0.6000000238
55945  41.026  -37.714  -15.162 0.6999999881
54809  39.584  -38.204  -15.667 0.6999999881
54808  40.314  -38.241  -15.041 0.6999999881
55979  39.426  -37.400  -16.918 0.6999999881
55980  38.660  -37.578  -17.275 0.6999999881
56020  40.067  -37.179  -18.881 0.8000000119
151758  38.454  -37.344  -17.765 0.6999999881
56021  39.147  -37.039  -18.632 0.8000000119
54902  40.383  -38.579  -21.873 0.8000000119
54918  39.799  -39.215  -22.828 0.8000000119
53706  39.026  -40.060  -23.928 0.8000000119
154277  37.641  -39.914  -23.933 0.8000000119
53721  39.194  -40.267  -24.806 0.8000000119
53709  36.469  -40.276  -22.996 1.0000000000
53734  37.972  -39.742  -24.364 1.0000000000
53733  38.755  -39.886  -24.844 0.6999999881
54943  37.421  -39.271  -24.197 1.0000000000
54942  38.144  -39.134  -24.536 0.8999999762
54931  36.780  -39.438  -23.770 1.0000000000
56108  36.915  -38.167  -23.890 1.0000000000
133867  37.343  -37.071  -23.980 1.0000000000
54868  33.768  -38.621  -19.392 1.0000000000
56109  36.425  -37.190  -23.407 1.0000000000
57122  36.530  -35.746  -23.486 1.0000000000
56088  34.936  -38.119  -21.998 1.0000000000
54885  34.288  -38.425  -20.787 1.0000000000
54867  34.196  -38.194  -19.904 1.0000000000
142227  35.316  -37.223  -22.277 1.0000000000
52356  42.403  -40.235  -13.081 0.6999999881
139000  41.008  -37.420  -15.827 0.6000000238
55999  39.945  -37.110  -17.423 0.6999999881
149666  40.335  -37.341  -16.516 0.6999999881
56000  39.075  -37.146  -17.768 0.6999999881
56065  40.698  -37.736  -20.429 0.6999999881
146212  40.810  -38.219  -21.139 0.6999999881
53705  40.120  -40.106  -23.681 0.6999999881
53720  39.740  -40.576  -24.708 0.6999999881
53732  39.513  -40.287  -25.390 0.6999999881
54953  39.891  -38.659  -25.507 0.8000000119
141011  39.409  -39.635  -25.416 0.6999999881
56120  38.539  -37.798  -24.437 0.8999999762
56121  37.711  -38.093  -24.172 1.0000000000
57131  38.836  -36.442  -24.463 1.0000000000
57121  37.260  -35.624  -23.965 1.0000000000
134004  34.980  -36.748  -21.736 1.0000000000
57116  35.396  -35.312  -22.918 1.0000000000
54775  43.574  -38.674  -13.694 0.6000000238
54776  42.823  -38.502  -13.808 0.6000000238
55943  42.499  -37.617  -14.699 0.6000000238
55965  42.714  -37.414  -15.445 0.6000000238
55966  41.786  -37.495  -15.402 0.6000000238
55977  42.104  -37.417  -16.253 0.6000000238
137006  41.755  -37.436  -17.214 0.6000000238
55998  40.836  -37.227  -17.274 0.6000000238
136653  40.442  -37.102  -18.049 0.6000000238
151384  40.897  -37.297  -18.710 0.6999999881
54882  41.531  -38.417  -20.565 0.6999999881
53704  41.127  -40.127  -23.347 0.6999999881
54917  40.783  -39.285  -22.590 0.6999999881
53719  40.543  -40.894  -24.527 0.6999999881
52480  40.289  -41.006  -25.214 0.6999999881
52488  40.372  -40.403  -25.893 0.6999999881
56095  46.455  -37.459  -22.855 0.3000000119
56128  40.595  -38.217  -25.456 0.6999999881
53736  40.485  -39.808  -25.950 0.6999999881
58109  47.467  -35.488  -22.708 0.3000000119
56129  40.216  -37.214  -25.165 0.8000000119
53639  31.099  -39.450  -16.448 0.8999999762
54834  32.255  -38.479  -17.391 1.0000000000
54850  33.498  -38.147  -18.670 1.0000000000
54833  32.729  -38.903  -17.944 1.0000000000
58117  37.472  -34.337  -24.036 1.0000000000
58119  35.787  -34.685  -23.290 1.0000000000
57123  36.045  -36.113  -22.933 1.0000000000
56069  34.319  -37.294  -20.270 1.0000000000
57117  35.024  -35.618  -22.407 1.0000000000
55941  43.935  -37.629  -14.639 0.6000000238
55942  43.201  -37.499  -14.813 0.6000000238
55976  43.153  -37.434  -16.272 0.6000000238
136451  42.686  -37.577  -17.102 0.6000000238
154384  43.152  -37.800  -17.680 0.6000000238
56019  43.189  -38.141  -18.352 0.6999999881
56041  42.552  -38.165  -18.958 0.6999999881
146365  42.347  -37.687  -18.075 0.6000000238
54863  42.039  -38.319  -19.675 0.6999999881
52451  46.273  -41.056  -22.633 0.3000000119
52466  45.583  -42.037  -22.636 0.3000000119
53689  41.625  -39.550  -22.198 0.6999999881
54913  46.099  -38.243  -23.212 0.3000000119
57105  47.144  -36.115  -22.154 0.4000000060
58103  47.399  -35.429  -21.724 0.4000000060
149535  30.030  -39.974  -16.024 0.6999999881
53625  29.426  -39.357  -16.049 0.6999999881
63524  48.442  -30.688  -20.192 0.3000000119
132371  41.099  -37.020  -24.748 0.6999999881
54817  30.851  -38.555  -16.522 0.8999999762
62387  48.475  -31.596  -20.668 0.3000000119
59173  47.698  -34.700  -21.249 0.3000000119
54835  31.573  -38.187  -16.966 0.8999999762
61310  48.392  -32.524  -20.664 0.3000000119
60240  48.047  -34.007  -20.635 0.3000000119
57130  39.675  -36.155  -24.797 0.8000000119
59210  38.270  -34.114  -24.184 1.0000000000
56047  33.770  -37.601  -19.285 1.0000000000
129398  36.940  -34.188  -23.527 1.0000000000
57098  34.546  -36.628  -21.060 1.0000000000
59196  36.178  -34.192  -23.311 1.0000000000
58112  35.146  -34.547  -22.817 1.0000000000
58113  34.532  -34.702  -22.256 1.0000000000
143231  34.945  -34.230  -22.432 1.0000000000
54861  43.629  -39.071  -19.427 0.6999999881
54862  42.825  -38.736  -19.566 0.6999999881
147741  45.821  -40.645  -21.905 0.3000000119
52452  45.124  -41.110  -21.642 0.4000000060
54881  42.380  -38.978  -20.259 0.6999999881
53672  42.021  -39.226  -21.161 0.6999999881
51345  44.968  -43.228  -23.502 0.4000000060
53703  41.802  -40.349  -22.800 0.6999999881
50384  45.191  -43.981  -24.506 0.3000000119
52469  41.455  -41.277  -24.040 0.6999999881
52479  41.030  -41.607  -25.324 0.6999999881
50394  44.807  -44.267  -25.102 0.5000000000
52486  41.080  -41.500  -25.423 0.6999999881
53715  45.280  -40.905  -24.336 0.4000000060
53716  44.536  -40.837  -24.051 0.6000000238
53701  45.004  -39.637  -23.332 0.5000000000
148083  40.725  -40.686  -25.750 0.6999999881
54928  45.703  -39.319  -23.659 0.3000000119
54940  41.212  -39.264  -25.533 0.6999999881
61258  47.286  -32.283  -17.628 0.4000000060
56080  45.335  -37.512  -21.728 0.4000000060
56117  41.052  -38.121  -25.333 0.6999999881
54819  28.661  -38.629  -16.198 0.6999999881
140764  47.711  -31.873  -18.165 0.4000000060
56079  46.191  -37.298  -21.992 0.4000000060
57106  46.524  -36.626  -21.678 0.4000000060
143753  28.563  -39.485  -15.943 0.6000000238
63508  48.228  -30.495  -19.337 0.3000000119
61290  47.990  -33.008  -19.177 0.3000000119
62373  48.089  -32.078  -18.916 0.4000000060
58104  46.833  -36.042  -21.227 0.4000000060
57094  46.168  -36.422  -21.040 0.4000000060
56118  40.739  -37.048  -25.014 0.6999999881
57120  41.250  -35.868  -24.245 0.6999999881
53624  30.360  -39.340  -16.239 0.6999999881
60203  47.301  -33.489  -18.649 0.4000000060
59156  47.416  -34.666  -20.235 0.4000000060
58093  46.178  -35.897  -20.434 0.4000000060
57129  40.392  -35.901  -24.812 0.8000000119
61289  48.323  -32.316  -19.827 0.3000000119
59157  46.651  -35.178  -19.936 0.4000000060
58126  40.644  -34.710  -24.637 0.8000000119
56025  33.247  -37.594  -18.587 1.0000000000
59208  40.243  -33.882  -24.391 0.8999999762
146504  37.974  -33.946  -23.945 1.0000000000
57110  34.287  -35.507  -21.672 1.0000000000
139924  35.648  -34.070  -22.653 1.0000000000
59191  36.235  -34.059  -23.238 1.0000000000
59190  37.172  -34.084  -23.466 1.0000000000
59180  34.266  -34.506  -21.751 1.0000000000
58105  33.908  -34.768  -21.649 1.0000000000
131546  34.595  -34.302  -21.636 1.0000000000
54846  43.818  -38.534  -18.710 0.6000000238
53657  44.157  -39.469  -19.778 0.6000000238
53658  43.769  -39.606  -19.962 0.6000000238
53670  43.566  -39.952  -20.540 0.6999999881
52438  44.639  -40.352  -20.869 0.5000000000
52453  44.495  -41.176  -21.553 0.6000000238
53671  42.815  -39.666  -20.803 0.6999999881
51334  44.666  -42.150  -22.397 0.4000000060
53688  42.445  -40.089  -21.852 0.6999999881
153602  44.179  -42.362  -22.556 0.6000000238
52468  42.308  -41.054  -22.866 0.6999999881
51346  44.175  -43.165  -23.368 0.6000000238
149022  42.182  -41.879  -23.925 0.6999999881
51366  44.473  -44.155  -25.144 0.6000000238
51360  43.563  -43.599  -25.105 0.6000000238
51362  41.550  -42.871  -25.980 0.6999999881
52485  41.579  -41.910  -25.571 0.6999999881
52475  44.720  -42.151  -24.713 0.5000000000
53702  44.182  -39.721  -23.306 0.6000000238
53717  43.538  -40.995  -24.316 0.6000000238
53730  41.966  -40.635  -25.127 0.6000000238
60187  45.955  -33.219  -17.582 0.4000000060
56096  45.755  -37.882  -22.422 0.4000000060
54915  44.574  -38.877  -22.654 0.4000000060
54916  43.740  -38.995  -22.693 0.5000000000
138400  43.440  -39.699  -23.425 0.6000000238
54939  41.730  -39.437  -25.019 0.6999999881
61259  46.533  -32.490  -17.214 0.4000000060
56097  44.924  -38.138  -22.179 0.5000000000
54930  41.443  -38.232  -24.834 0.6999999881
61275  47.602  -32.658  -18.375 0.4000000060
57108  44.833  -37.033  -21.102 0.4000000060
56099  41.525  -37.186  -23.875 0.6999999881
56002  30.839  -37.476  -16.990 0.8999999762
54818  29.793  -38.585  -16.314 0.6999999881
60219  47.621  -33.935  -19.569 0.4000000060
58079  45.705  -35.445  -19.657 0.4000000060
58125  41.095  -34.728  -24.448 0.6999999881
150532  46.986  -34.598  -19.555 0.4000000060
56027  31.981  -37.423  -17.486 0.8999999762
60261  40.022  -33.576  -23.938 0.8999999762
147286  32.509  -36.502  -18.796 0.8999999762
57099  33.853  -36.119  -20.799 1.0000000000
56048  33.158  -36.918  -18.975 1.0000000000
59189  38.202  -34.124  -23.508 1.0000000000
57082  33.566  -36.609  -19.806 1.0000000000
59177  36.684  -34.364  -22.604 1.0000000000
58098  33.227  -35.093  -21.274 1.0000000000
57100  33.050  -35.686  -20.445 1.0000000000
59178  36.352  -34.749  -21.457 1.0000000000
61296  36.403  -33.040  -19.411 0.8999999762
59143  36.470  -34.297  -19.651 1.0000000000
59164  35.928  -34.643  -20.427 1.0000000000
59166  34.095  -34.198  -20.982 1.0000000000
59181  33.341  -34.570  -21.317 1.0000000000
59144  35.579  -34.202  -19.835 1.0000000000
60227  35.141  -33.677  -19.695 1.0000000000
59146  34.094  -33.755  -20.001 0.8999999762
61297  35.497  -33.084  -19.411 1.0000000000
131821  34.576  -33.141  -19.438 0.8999999762
52439  43.970  -40.740  -21.094 0.6000000238
52454  43.514  -41.350  -21.913 0.6999999881
147306  42.896  -40.992  -22.045 0.6999999881
51335  43.734  -42.345  -22.666 0.6999999881
51348  42.469  -42.741  -24.571 0.6999999881
50386  43.788  -43.700  -24.558 0.6000000238
50387  42.761  -43.256  -25.026 0.6000000238
147167  41.794  -43.256  -26.187 0.6999999881
52477  42.727  -42.766  -25.373 0.6999999881
52484  41.800  -43.005  -26.209 0.6000000238
53729  42.355  -41.730  -25.352 0.6000000238
138395  42.273  -39.632  -24.105 0.6000000238
63466  45.796  -31.234  -16.170 0.3000000119
52476  43.975  -42.409  -24.779 0.6000000238
61238  45.440  -32.629  -16.880 0.4000000060
145265  44.717  -32.332  -16.488 0.4000000060
130363  42.853  -39.132  -23.111 0.6000000238
147924  43.241  -38.397  -22.269 0.5000000000
54929  42.029  -38.505  -23.656 0.6000000238
56062  43.896  -37.088  -21.028 0.4000000060
56098  42.152  -37.316  -22.723 0.6000000238
60206  44.426  -33.917  -17.932 0.5000000000
58094  45.060  -35.946  -20.090 0.4000000060
144522  41.647  -36.042  -23.255 0.6000000238
59121  44.857  -34.506  -18.410 0.5000000000
59136  46.231  -34.845  -19.251 0.4000000060
58116  41.463  -34.757  -23.804 0.6000000238
59137  45.290  -35.035  -18.964 0.4000000060
58080  44.682  -35.442  -19.470 0.4000000060
60266  40.869  -33.364  -23.408 0.8999999762
59207  40.838  -34.050  -24.401 0.8000000119
57059  31.067  -36.557  -17.614 0.8999999762
57084  31.919  -35.900  -19.186 0.8999999762
58082  32.034  -35.506  -20.396 0.8999999762
57083  32.754  -36.187  -19.568 0.8999999762
145822  37.625  -34.448  -22.718 1.0000000000
59163  37.159  -34.739  -20.312 1.0000000000
58106  32.541  -34.779  -21.291 1.0000000000
146131  33.354  -34.075  -20.952 0.8999999762
130028  35.939  -32.238  -19.502 1.0000000000
130027  35.006  -32.330  -19.342 1.0000000000
129738  33.638  -33.178  -19.590 0.8999999762
140952  35.469  -31.402  -19.528 1.0000000000
140951  34.503  -31.473  -19.387 0.8999999762
52467  42.924  -41.963  -23.000 0.6999999881
64611  46.275  -29.767  -15.962 0.3000000119
62304  44.992  -31.266  -15.722 0.3000000119
62323  44.455  -31.801  -16.085 0.3000000119
54900  42.583  -38.270  -22.654 0.6000000238
61260  44.415  -32.811  -16.957 0.5000000000
61239  43.960  -32.252  -16.530 0.4000000060
154225  42.737  -37.832  -22.048 0.5000000000
57096  44.280  -36.431  -20.482 0.5000000000
56083  42.626  -37.063  -21.759 0.5000000000
60188  44.943  -33.373  -17.409 0.5000000000
58096  43.498  -35.877  -20.327 0.5000000000
57109  42.510  -36.192  -21.266 0.5000000000
59122  43.908  -34.277  -18.520 0.5000000000
152837  43.361  -35.339  -20.042 0.5000000000
59138  44.282  -34.903  -18.935 0.5000000000
59186  41.637  -33.720  -23.244 0.6999999881
140828  42.980  -33.659  -19.613 0.5000000000
59158  42.969  -34.396  -19.978 0.5000000000
60260  41.329  -33.356  -23.328 0.6000000238
59188  40.085  -33.562  -23.448 0.8999999762
142961  39.256  -34.173  -23.137 0.8999999762
129989  39.047  -33.693  -23.933 0.8999999762
59176  38.698  -34.726  -22.080 0.8999999762
146761  36.850  -33.723  -19.360 0.8999999762
155037  37.246  -34.205  -19.566 0.8999999762
144017  37.521  -34.929  -21.546 1.0000000000
59167  32.628  -34.394  -21.200 0.8999999762
58099  32.163  -35.092  -21.234 0.8999999762
60245  33.043  -33.708  -20.317 0.8999999762
130477  36.823  -32.170  -19.599 0.8000000119
62376  36.389  -31.327  -19.660 0.6999999881
60246  32.112  -34.026  -20.693 0.8999999762
61298  34.128  -32.422  -19.288 0.8999999762
60228  32.703  -33.230  -19.755 0.8999999762
63451  45.535  -30.412  -15.643 0.3000000119
139960  44.562  -30.559  -15.296 0.3000000119
63452  44.075  -29.829  -14.777 0.3000000119
62305  44.112  -31.222  -15.613 0.3000000119
63453  43.653  -30.618  -15.234 0.4000000060
62347  43.203  -31.935  -16.684 0.4000000060
60190  43.226  -32.897  -17.991 0.5000000000
129696  42.885  -32.400  -17.773 0.4000000060
58097  42.651  -35.164  -20.689 0.5000000000
57115  42.006  -36.150  -22.137 0.5000000000
60220  42.764  -32.884  -19.684 0.5000000000
58110  42.162  -35.018  -21.750 0.5000000000
59159  42.501  -33.469  -21.076 0.5000000000
59185  42.138  -33.612  -22.474 0.5000000000
59140  42.631  -33.065  -20.419 0.5000000000
60252  42.336  -32.958  -22.057 0.5000000000
61312  42.251  -32.686  -20.381 0.5000000000
60242  42.036  -32.654  -21.295 0.6000000238
152015  41.617  -32.990  -22.816 0.6000000238
60243  41.336  -33.169  -20.815 0.6999999881
59160  40.670  -33.676  -21.508 0.6999999881
59175  39.935  -34.162  -22.301 0.6999999881
60244  40.170  -33.838  -20.312 0.6999999881
59161  39.539  -34.497  -21.028 0.8000000119
59168  31.906  -34.689  -21.111 0.8999999762
59142  38.051  -34.284  -19.835 0.8999999762
59162  38.394  -34.804  -20.699 0.8999999762
132667  37.538  -32.167  -19.349 0.6999999881
60229  31.871  -33.322  -19.689 0.8999999762
61299  33.226  -32.341  -19.330 0.8999999762
63512  35.016  -30.606  -19.592 1.0000000000
64600  43.325  -29.206  -14.630 0.3000000119
64613  43.093  -30.049  -14.899 0.4000000060
65699  42.687  -28.448  -14.725 0.3000000119
63455  42.451  -30.019  -15.482 0.3000000119
131484  42.861  -32.100  -17.299 0.4000000060
62325  42.837  -31.271  -16.148 0.4000000060
63467  42.414  -30.581  -15.972 0.4000000060
61291  42.403  -32.562  -19.392 0.4000000060
62348  42.478  -31.572  -16.992 0.4000000060
62349  41.641  -31.320  -17.279 0.4000000060
61277  42.591  -32.465  -18.485 0.4000000060
134813  41.970  -32.201  -18.715 0.4000000060
61292  42.034  -32.450  -19.602 0.5000000000
60223  39.620  -33.605  -19.405 0.6000000238
59141  39.096  -34.291  -20.012 0.8000000119
60225  37.697  -33.617  -19.380 0.6999999881
62375  37.187  -31.378  -19.582 0.6999999881
62377  33.795  -31.774  -19.276 0.8999999762
62378  32.560  -31.604  -19.332 0.8999999762
64670  35.364  -29.729  -19.838 0.8999999762
64671  34.475  -29.927  -19.684 0.8000000119
63513  33.779  -31.074  -19.398 0.8000000119
64684  35.620  -29.018  -20.276 0.6999999881
134038  35.099  -28.506  -20.426 0.8000000119
66724  42.419  -27.502  -14.766 0.3000000119
152314  42.115  -28.779  -15.181 0.3000000119
63468  41.784  -30.062  -16.127 0.3000000119
65710  41.551  -28.645  -15.634 0.4000000060
63489  41.250  -30.521  -16.769 0.4000000060
63469  41.043  -29.840  -16.440 0.4000000060
62350  40.678  -30.958  -17.388 0.5000000000
61263  41.534  -31.873  -17.892 0.5000000000
62362  40.624  -31.762  -17.854 0.5000000000
62363  39.771  -31.127  -17.822 0.5000000000
61278  41.179  -32.265  -18.297 0.5000000000
134883  39.859  -31.886  -18.091 0.5000000000
61279  40.408  -32.393  -18.350 0.5000000000
61280  39.503  -32.376  -18.438 0.6000000238
60210  39.078  -33.052  -18.816 0.6999999881
61281  38.581  -32.123  -18.727 0.6999999881
62374  37.871  -31.577  -19.149 0.6999999881
142841  37.593  -30.663  -19.341 0.6999999881
63510  36.838  -30.398  -19.769 0.6999999881
64668  37.405  -29.697  -19.670 0.6999999881
64669  36.329  -29.623  -20.073 0.8000000119
64682  37.010  -29.106  -20.319 0.6999999881
66713  43.128  -27.738  -14.517 0.3000000119
67708  42.171  -26.611  -14.787 0.3000000119
66725  41.673  -27.223  -15.291 0.4000000060
146858  41.925  -28.077  -15.195 0.3000000119
66732  41.271  -27.844  -15.814 0.4000000060
64626  40.629  -29.197  -16.498 0.4000000060
63490  40.413  -29.977  -16.950 0.4000000060
64644  39.980  -29.044  -16.964 0.3000000119
63491  39.953  -30.413  -17.479 0.5000000000
64645  39.642  -29.643  -17.416 0.3000000119
63501  39.296  -30.253  -17.833 0.5000000000
64661  38.968  -29.280  -18.013 0.4000000060
62364  39.147  -31.571  -18.270 0.6999999881
142631  39.018  -30.820  -18.156 0.6999999881
63502  38.667  -30.123  -18.368 0.6000000238
143010  38.375  -30.986  -18.684 0.6999999881
151597  38.030  -32.174  -19.073 0.6999999881
63509  37.972  -30.008  -18.910 0.6999999881
143766  41.013  -26.919  -16.111 0.3000000119
66733  40.706  -27.719  -16.479 0.3000000119
65733  39.831  -28.260  -17.216 0.3000000119
143980  40.560  -27.068  -16.851 0.3000000119
139593  40.167  -26.868  -17.444 0.3000000119
67725  40.186  -26.062  -17.790 0.3000000119
152513  39.484  -28.213  -17.558 0.3000000119
66741  39.608  -27.598  -17.681 0.4000000060
64662  38.438  -29.418  -18.662 0.5000000000
149286  39.114  -28.280  -17.947 0.5000000000
66758  39.049  -27.469  -18.546 0.5000000000
65750  38.547  -28.528  -18.739 0.6000000238
65756  38.167  -28.471  -19.520 0.6000000238
69685  42.183  -24.240  -14.631 0.4000000060
69698  41.712  -24.867  -14.978 0.3000000119
68717  41.401  -25.492  -15.559 0.3000000119
69703  41.256  -24.623  -15.763 0.3000000119
67717  41.095  -26.053  -16.106 0.3000000119
68718  40.976  -25.286  -16.522 0.3000000119
67718  40.620  -26.224  -16.893 0.3000000119
68724  40.583  -25.383  -17.358 0.3000000119
68731  40.237  -25.278  -18.136 0.3000000119
67726  39.673  -26.736  -18.141 0.4000000060
67739  39.821  -25.977  -18.677 0.4000000060
66759  38.474  -27.767  -19.365 0.6000000238
133281  39.388  -26.677  -18.834 0.4000000060
67752  39.330  -26.276  -19.364 0.4000000060
66771  38.902  -26.982  -19.353 0.5000000000
65763  37.975  -28.025  -20.056 0.6000000238
65781  36.359  -27.888  -21.124 0.6999999881
65767  34.449  -28.326  -20.403 0.8000000119
70614  42.036  -23.422  -14.696 0.4000000060
132402  41.598  -24.005  -15.153 0.3000000119
70638  41.093  -23.721  -15.900 0.3000000119
69704  40.862  -24.339  -16.709 0.3000000119
69710  40.527  -24.573  -17.563 0.3000000119
69716  40.147  -24.482  -18.346 0.4000000060
68732  39.922  -25.157  -18.882 0.4000000060
68748  39.129  -25.817  -19.863 0.4000000060
67753  38.739  -26.517  -19.948 0.4000000060
66772  38.349  -27.255  -20.002 0.5000000000
67764  38.482  -26.033  -20.660 0.4000000060
65764  37.381  -28.306  -20.555 0.6000000238
131723  38.233  -26.787  -20.500 0.4000000060
66781  37.044  -27.809  -21.125 0.6999999881
67765  37.820  -26.638  -21.169 0.4000000060
67779  37.357  -26.460  -21.962 0.4000000060
66801  36.524  -27.378  -21.614 0.6000000238
67780  36.764  -26.788  -22.146 0.5000000000
66802  35.585  -27.481  -21.339 0.6000000238
66782  34.911  -27.907  -20.744 0.6999999881
66803  34.489  -27.258  -21.237 0.6999999881
71501  41.936  -22.519  -14.727 0.3000000119
134145  41.038  -22.839  -16.035 0.3000000119
70639  40.772  -23.407  -16.717 0.3000000119
146026  40.593  -23.847  -17.278 0.3000000119
70650  40.333  -23.779  -17.887 0.3000000119
70651  40.000  -23.667  -18.548 0.4000000060
69717  39.790  -24.376  -19.008 0.3000000119
138138  39.654  -23.606  -19.207 0.3000000119
69731  39.449  -24.226  -19.538 0.3000000119
70678  39.159  -23.587  -19.909 0.3000000119
68760  38.858  -25.242  -20.292 0.3000000119
69748  38.626  -23.999  -20.580 0.3000000119
68765  38.396  -25.256  -21.122 0.3000000119
69756  38.281  -24.464  -21.275 0.3000000119
68777  37.333  -25.775  -22.434 0.3000000119
69757  37.761  -25.029  -21.999 0.4000000060
67792  36.935  -26.232  -22.541 0.5000000000
67781  35.938  -26.861  -22.098 0.5000000000
67782  34.984  -26.690  -21.804 0.5000000000
71524  41.446  -22.243  -15.393 0.3000000119
72462  41.093  -21.980  -16.227 0.3000000119
71529  40.769  -22.559  -16.873 0.3000000119
134143  40.553  -22.303  -17.653 0.3000000119
71537  40.326  -22.961  -18.151 0.3000000119
134149  39.485  -22.960  -19.468 0.3000000119
70679  38.584  -23.161  -20.542 0.3000000119
70687  38.182  -23.622  -21.233 0.3000000119
135574  37.750  -24.096  -21.926 0.3000000119
68778  36.684  -25.654  -23.136 0.4000000060
67794  35.388  -26.222  -22.572 0.5000000000
68779  35.792  -25.710  -23.234 0.5000000000
67795  34.430  -25.998  -22.241 0.5000000000
73428  41.479  -20.786  -15.368 0.3000000119
73457  41.178  -21.040  -16.348 0.3000000119
72463  40.816  -21.698  -17.051 0.3000000119
72467  40.553  -21.372  -17.876 0.3000000119
72473  40.291  -22.106  -18.333 0.3000000119
72474  39.926  -21.787  -18.855 0.3000000119
138137  39.008  -21.777  -19.971 0.3000000119
71564  38.514  -22.301  -20.550 0.3000000119
132275  37.444  -24.468  -22.617 0.4000000060
69769  36.744  -24.970  -23.528 0.4000000060
68789  35.324  -25.066  -23.510 0.4000000060
69779  35.810  -24.482  -23.757 0.4000000060
68780  34.850  -25.527  -22.939 0.5000000000
69770  34.317  -24.794  -23.167 0.4000000060
73407  41.910  -20.457  -14.779 0.3000000119
73473  40.666  -20.418  -17.766 0.3000000119
73483  40.346  -20.747  -18.412 0.3000000119
73484  40.023  -21.079  -18.811 0.3000000119
71550  39.507  -22.187  -19.405 0.3000000119
73504  38.885  -20.891  -20.035 0.3000000119
71575  38.071  -22.777  -21.208 0.3000000119
135910  37.624  -22.397  -22.006 0.3000000119
137158  37.717  -23.251  -21.959 0.3000000119
69777  37.042  -24.290  -23.393 0.4000000060
69778  36.447  -24.451  -23.809 0.3000000119
134142  41.578  -19.967  -15.309 0.3000000119
74431  41.409  -19.561  -16.086 0.3000000119
74453  41.275  -18.978  -16.883 0.3000000119
74432  41.067  -20.097  -16.876 0.3000000119
74454  40.796  -19.496  -17.706 0.3000000119
139220  40.447  -19.914  -18.385 0.3000000119
74472  40.223  -19.496  -18.833 0.3000000119
73493  39.983  -20.292  -18.966 0.3000000119
72483  39.522  -21.170  -19.351 0.3000000119
74473  39.802  -19.477  -19.305 0.3000000119
72495  38.450  -21.469  -20.579 0.3000000119
128650  41.483  -18.867  -16.049 0.3000000119
75391  41.084  -17.993  -16.999 0.3000000119
75392  40.852  -18.533  -17.758 0.3000000119
74467  40.548  -19.049  -18.424 0.3000000119
138843  39.381  -20.210  -19.623 0.3000000119
73505  38.338  -20.704  -20.722 0.3000000119
154492  37.964  -21.235  -21.156 0.3000000119
75371  41.313  -18.211  -16.220 0.3000000119
76332  41.237  -17.138  -17.109 0.3000000119
75405  40.569  -18.051  -18.556 0.3000000119
76333  40.921  -17.622  -17.792 0.4000000060
75418  40.211  -18.795  -19.021 0.3000000119
75419  39.642  -18.688  -19.560 0.3000000119
74486  39.219  -19.394  -19.886 0.3000000119
139096  40.442  -17.160  -18.992 0.4000000060
139994  40.731  -17.194  -18.352 0.4000000060
76366  40.080  -17.960  -19.275 0.4000000060
77266  41.177  -16.312  -17.103 0.3000000119
77283  40.753  -16.359  -18.515 0.4000000060
50347  33.975  -43.158  -17.735 1.0000000000
51310  33.478  -42.177  -19.004 1.0000000000
49386  33.446  -43.850  -17.792 0.8999999762
63511  35.930  -30.492  -19.750 0.6999999881
64683  36.332  -28.903  -20.453 0.8000000119
65766  35.822  -28.298  -20.729 0.8000000119
65765  36.702  -28.401  -20.753 0.6999999881
39522  34.175  -52.654  -17.471 0.6000000238
143917  34.511  -52.859  -18.292 0.6000000238
42749  35.221  -49.373  -17.614 0.6000000238
34025  33.929  -56.950  -15.630 0.5000000000
34024  34.393  -57.418  -15.460 0.5000000000
143574  35.310  -50.797  -15.071 0.6000000238
41576  36.419  -50.007  -14.682 0.5000000000
37371  36.734  -54.389  -15.361 0.4000000060
38448  36.847  -52.873  -15.305 0.5000000000
36255  36.939  -55.224  -15.525 0.4000000060
46039  37.321  -46.005  -16.809 0.6999999881
48314  39.281  -44.869  -20.363 0.8999999762
47114  37.911  -45.039  -14.155 0.6999999881
40515  37.643  -51.396  -15.333 0.5000000000
39504  38.905  -52.003  -16.744 0.5000000000
48270  38.767  -43.994  -16.190 0.8000000119
36254  37.705  -55.417  -16.169 0.4000000060
47163  39.540  -44.354  -18.838 0.8000000119
48252  38.282  -44.300  -14.180 0.6999999881
148495  39.563  -49.905  -15.783 0.4000000060
50343  37.419  -42.141  -17.524 0.8000000119
47169  31.646  -45.177  -18.478 0.8000000119
47081  40.118  -45.052  -12.520 0.6000000238
44971  41.359  -47.657  -14.393 0.4000000060
43842  40.877  -48.955  -15.911 0.4000000060
46009  42.508  -46.641  -14.149 0.5000000000
45996  41.294  -46.497  -13.181 0.5000000000
49321  42.452  -43.485  -12.431 0.6999999881
52410  34.631  -40.906  -17.868 1.0000000000
50360  33.805  -42.410  -18.129 1.0000000000
53693  34.134  -39.854  -22.031 1.0000000000
54922  34.603  -39.211  -22.460 1.0000000000
56001  37.922  -37.676  -17.741 0.8000000119
53708  37.249  -39.979  -23.386 1.0000000000
53691  36.296  -40.102  -22.191 1.0000000000
56043  40.829  -37.465  -19.474 0.6999999881
56119  39.401  -37.499  -24.851 0.8000000119
58129  38.217  -35.164  -24.259 1.0000000000
58118  36.641  -34.579  -23.663 1.0000000000
137315  39.091  -35.377  -24.478 1.0000000000
56042  41.646  -37.686  -18.988 0.6999999881
53728  45.674  -41.942  -25.258 0.4000000060
53638  31.666  -39.119  -16.912 1.0000000000
56026  32.680  -37.144  -18.271 1.0000000000
59179  35.204  -34.288  -21.680 1.0000000000
52483  45.178  -42.986  -25.269 0.4000000060
51359  44.433  -43.710  -25.258 0.5000000000
60204  46.401  -33.751  -18.237 0.4000000060
59119  46.797  -34.237  -18.921 0.4000000060
59165  34.955  -34.300  -20.694 1.0000000000
56081  44.412  -37.652  -21.571 0.5000000000
144617  34.309  -30.675  -19.516 0.8000000119
60207  43.587  -33.546  -18.246 0.5000000000
59174  42.368  -33.888  -21.623 0.5000000000
60253  42.070  -32.772  -22.182 0.5000000000
59187  40.947  -33.245  -22.745 0.6999999881
60221  41.816  -32.657  -20.173 0.6000000238
61293  41.241  -32.652  -19.004 0.5000000000
60222  40.738  -33.220  -19.648 0.5000000000
152328  41.104  -31.508  -17.568 0.5000000000
151951  36.903  -29.703  -19.994 0.6999999881
65757  37.676  -28.813  -19.946 0.6999999881
66780  37.717  -27.439  -20.720 0.6000000238
71538  39.901  -22.759  -18.839 0.3000000119
145829  38.972  -47.957  -23.055 0.5000000000
45090  38.961  -48.057  -23.917 0.5000000000
45084  38.091  -47.341  -23.124 0.5000000000
41695  39.312  -50.002  -24.374 0.5000000000
43917  39.409  -48.982  -24.664 0.5000000000
40623  38.525  -51.225  -23.129 0.5000000000
154612  38.992  -49.103  -23.113 0.5000000000
142081  39.278  -48.723  -23.555 0.5000000000
143974  37.649  -51.785  -22.248 0.5000000000
137957  36.861  -51.749  -21.552 0.4000000060
39579  36.483  -52.458  -21.158 0.4000000060
40611  36.636  -51.037  -21.345 0.5000000000
38520  35.667  -53.019  -20.133 0.5000000000
40598  36.273  -51.639  -20.960 0.5000000000
47139  29.760  -44.679  -16.818 0.6999999881
47140  28.856  -45.270  -16.591 0.6999999881
48284  30.297  -44.180  -17.744 0.8000000119
48298  30.516  -44.336  -18.397 0.8000000119
47170  30.488  -45.017  -18.444 0.8000000119
49412  30.781  -43.821  -18.646 0.8999999762
49371  29.493  -43.899  -16.219 0.6999999881
49403  30.568  -43.575  -18.458 0.8999999762
49388  30.447  -43.406  -17.701 0.8999999762
51322  30.752  -42.174  -19.177 0.8999999762
50371  30.794  -42.880  -18.913 0.8999999762
50331  30.050  -42.712  -15.885 0.6000000238
49370  30.381  -43.097  -16.656 0.8000000119
50363  30.632  -42.788  -18.592 0.8999999762
51311  30.987  -41.629  -19.141 0.8999999762
52432  31.721  -41.232  -19.696 0.8999999762
52444  32.375  -41.126  -20.503 0.8999999762
54807  46.027  -38.317  -15.181 0.5000000000
146635  44.802  -38.452  -14.205 0.5000000000
54795  44.184  -38.097  -13.987 0.5000000000
51268  44.836  -40.517  -13.747 0.6000000238
52355  44.399  -39.905  -13.571 0.5000000000
53585  43.762  -39.541  -13.471 0.5000000000
51286  30.064  -41.827  -15.624 0.6000000238
50330  30.614  -42.320  -16.342 0.8999999762
51300  31.339  -41.372  -17.996 0.8999999762
50348  30.643  -42.637  -17.520 0.8999999762
52423  31.617  -40.959  -18.726 0.8999999762
52431  32.138  -40.519  -19.143 0.8999999762
149481  32.229  -40.754  -19.996 0.8999999762
136368  45.160  -37.254  -16.599 0.5000000000
55996  44.511  -37.420  -17.166 0.5000000000
55974  45.767  -37.333  -16.136 0.5000000000
55963  44.509  -37.520  -15.351 0.5000000000
55975  44.225  -37.355  -16.267 0.5000000000
55973  46.383  -37.415  -16.376 0.5000000000
55962  45.436  -37.703  -15.332 0.5000000000
52413  31.130  -40.939  -16.430 0.8999999762
52396  30.259  -40.825  -15.928 0.6999999881
150739  31.491  -40.985  -17.070 0.8999999762
52412  31.757  -40.606  -17.628 0.8999999762
52411  32.173  -40.228  -18.097 0.8999999762
53662  32.735  -40.078  -19.457 0.8999999762
56017  44.878  -37.594  -17.870 0.5000000000
55997  43.604  -37.534  -17.073 0.5000000000
56016  45.818  -37.370  -17.833 0.5000000000
142077  46.529  -37.291  -17.456 0.5000000000
150542  31.913  -39.862  -17.321 0.8999999762
53637  32.288  -39.363  -17.597 0.8999999762
53649  33.253  -39.048  -18.704 0.8999999762
54845  44.533  -38.189  -18.553 0.5000000000
54859  45.205  -38.329  -19.212 0.5000000000
54860  44.335  -38.835  -19.239 0.5000000000
54844  45.261  -37.765  -18.461 0.5000000000
53668  45.122  -39.557  -20.452 0.4000000060
55982  29.244  -37.844  -16.568 0.6000000238
56004  28.861  -37.130  -17.067 0.6000000238
56003  29.794  -37.230  -16.937 0.8000000119
57060  29.477  -36.598  -17.502 0.6999999881
57073  28.676  -35.786  -18.316 0.6999999881
58070  28.441  -35.257  -18.563 0.6999999881
59124  28.126  -34.614  -18.832 0.6999999881
57071  30.152  -36.209  -17.937 0.8000000119
57072  29.305  -36.028  -18.167 0.6999999881
58069  29.255  -35.408  -18.803 0.6999999881
59149  28.594  -34.157  -19.341 0.6999999881
59148  29.315  -34.379  -19.520 0.6999999881
60232  29.090  -33.672  -19.677 0.6999999881
58101  30.744  -34.908  -20.051 0.8000000119
59147  29.969  -34.671  -19.789 0.8000000119
58083  31.182  -35.357  -19.845 0.8000000119
60248  29.554  -33.209  -19.859 0.6999999881
153074  29.949  -33.707  -19.870 0.6999999881
59170  30.381  -34.200  -19.964 0.8000000119
58100  31.531  -35.053  -20.675 0.8000000119
60231  30.287  -33.299  -19.829 0.6999999881
61301  31.570  -32.405  -19.449 0.8000000119
62380  30.810  -31.360  -19.517 0.6000000238
60247  31.439  -34.025  -20.314 0.8000000119
135871  30.842  -33.920  -20.041 0.8000000119
63515  32.080  -30.734  -19.533 0.6000000238
64674  31.615  -30.064  -19.740 0.6000000238
64688  31.658  -29.364  -19.934 0.6000000238
62379  31.657  -31.503  -19.440 0.8000000119
64673  32.337  -29.936  -19.680 0.6000000238
64687  32.680  -29.065  -19.861 0.6000000238
61300  32.366  -32.499  -19.422 0.8000000119
65769  32.658  -28.290  -20.334 0.6000000238
63514  33.002  -30.698  -19.378 0.6999999881
66783  34.005  -27.753  -20.669 0.6999999881
66784  33.059  -27.725  -20.655 0.6000000238
65768  33.599  -28.488  -20.214 0.6000000238
66804  33.478  -27.124  -21.169 0.6000000238
150788  33.108  -29.859  -19.592 0.6999999881
64686  33.712  -29.384  -19.764 0.6999999881
134750  35.850  -53.946  -20.336 0.4000000060
39563  35.956  -52.341  -20.547 0.5000000000
40599  35.698  -51.457  -20.250 0.5000000000
41687  37.704  -50.226  -22.223 0.5000000000
41686  38.415  -50.336  -22.898 0.5000000000
50370  31.173  -42.175  -19.447 0.8999999762
54880  45.559  -38.726  -20.049 0.3000000119
58067  30.941  -35.825  -18.600 0.8000000119
41696  38.956  -50.421  -23.564 0.5000000000
49389  30.156  -43.843  -16.798 0.8000000119
52375  45.060  -39.704  -13.894 0.5000000000
58084  30.159  -35.319  -19.438 0.8000000119
58085  29.502  -34.950  -19.393 0.6999999881
59169  31.212  -34.561  -20.298 0.8000000119
61313  29.803  -32.406  -19.893 0.6999999881
150457  31.182  -31.874  -19.447 0.6999999881
46008  43.223  -46.391  -14.464 0.4000000060
46006  44.953  -46.056  -14.810 0.4000000060
47095  44.104  -45.105  -13.540 0.4000000060
47112  44.465  -45.541  -14.242 0.4000000060
48238  44.481  -44.253  -13.490 0.5000000000
47111  45.310  -45.259  -14.464 0.4000000060
47128  45.802  -45.847  -15.047 0.4000000060
50313  45.176  -42.095  -13.885 0.5000000000
51255  44.561  -41.408  -13.417 0.5000000000
49349  45.080  -43.588  -13.906 0.5000000000
152924  46.120  -44.023  -14.799 0.4000000060
48251  45.156  -44.417  -14.148 0.4000000060
154463  46.743  -45.077  -15.095 0.4000000060
48249  46.403  -44.555  -14.951 0.4000000060
143587  44.711  -44.933  -13.953 0.4000000060
47126  47.355  -45.293  -15.495 0.4000000060
51267  45.286  -41.193  -14.123 0.5000000000
136359  45.003  -42.851  -13.739 0.5000000000
138791  46.568  -43.843  -15.232 0.4000000060
49357  47.247  -43.624  -15.737 0.4000000060
48278  49.522  -44.358  -17.760 0.4000000060
48279  48.830  -44.114  -17.279 0.4000000060
48268  48.134  -44.342  -16.187 0.4000000060
146973  50.126  -45.088  -18.006 0.4000000060
47143  49.240  -44.989  -17.032 0.4000000060
50312  45.710  -41.863  -14.638 0.5000000000
50319  46.146  -42.479  -15.118 0.4000000060
51356  52.363  -41.852  -24.243 0.3000000119
49358  46.628  -43.030  -15.499 0.4000000060
50383  51.999  -42.591  -23.339 0.3000000119
49367  47.627  -43.174  -16.450 0.4000000060
49427  52.110  -43.329  -23.831 0.3000000119
49422  51.617  -43.350  -22.704 0.3000000119
49419  50.733  -43.480  -21.142 0.3000000119
146836  50.282  -43.972  -20.139 0.3000000119
48305  49.713  -43.572  -19.093 0.4000000060
49379  49.069  -43.663  -17.809 0.4000000060
49366  48.234  -43.727  -16.744 0.4000000060
48317  51.004  -44.241  -21.536 0.3000000119
48318  50.569  -44.089  -20.723 0.3000000119
48304  50.186  -44.222  -19.475 0.4000000060
51276  45.851  -40.934  -14.825 0.4000000060
52382  46.450  -40.653  -15.472 0.4000000060
50318  46.667  -42.207  -15.759 0.4000000060
51275  46.277  -41.590  -15.332 0.4000000060
134542  51.979  -41.946  -23.009 0.3000000119
51332  51.395  -41.145  -21.464 0.3000000119
50379  51.516  -42.558  -22.192 0.3000000119
51333  51.206  -42.045  -21.272 0.3000000119
50367  50.231  -42.643  -20.028 0.3000000119
50355  49.386  -42.212  -18.963 0.4000000060
135212  49.272  -42.984  -18.791 0.4000000060
49380  48.516  -43.314  -17.564 0.4000000060
50380  51.027  -42.867  -21.431 0.3000000119
50375  50.697  -42.741  -20.786 0.3000000119
50368  49.691  -42.869  -19.394 0.3000000119
52374  45.439  -40.317  -14.293 0.4000000060
53654  50.500  -38.948  -19.665 0.3000000119
147928  49.607  -39.037  -18.334 0.3000000119
52404  48.742  -40.390  -17.429 0.4000000060
53633  48.726  -39.265  -17.214 0.4000000060
52405  48.024  -40.954  -16.953 0.4000000060
52394  47.084  -40.372  -16.008 0.4000000060
53665  51.214  -39.689  -21.032 0.3000000119
141792  50.836  -40.012  -20.085 0.3000000119
143657  49.735  -39.850  -18.575 0.3000000119
52420  49.215  -40.778  -18.241 0.4000000060
51292  48.499  -41.390  -17.730 0.4000000060
51282  47.442  -41.624  -16.632 0.4000000060
139736  50.687  -41.087  -20.279 0.3000000119
52428  49.817  -40.744  -18.934 0.3000000119
51307  49.441  -41.430  -18.758 0.4000000060
51293  47.862  -41.931  -17.283 0.4000000060
147240  51.028  -41.369  -20.838 0.3000000119
51317  50.303  -41.727  -19.826 0.3000000119
148743  48.952  -42.507  -18.466 0.4000000060
50340  47.988  -42.816  -17.147 0.4000000060
55995  46.776  -37.352  -16.915 0.4000000060
55994  47.445  -37.633  -17.019 0.4000000060
54815  46.960  -37.719  -16.298 0.4000000060
53613  46.277  -39.066  -15.209 0.4000000060
54843  48.806  -37.796  -18.268 0.3000000119
54829  47.963  -38.030  -17.142 0.4000000060
53620  47.390  -39.370  -16.070 0.4000000060
53621  46.685  -39.646  -15.545 0.4000000060
54827  49.172  -38.634  -17.896 0.4000000060
54813  48.225  -38.611  -16.947 0.4000000060
52393  47.751  -40.182  -16.459 0.4000000060
61314  29.195  -32.447  -20.093 0.6000000238
61315  28.867  -32.891  -19.923 0.6000000238
63525  30.437  -30.621  -19.878 0.5000000000
62388  30.071  -31.492  -19.923 0.5000000000
64689  30.121  -29.815  -20.324 0.5000000000
129854  30.858  -29.094  -20.276 0.5000000000
66785  32.295  -27.795  -20.590 0.5000000000
132897  34.010  -26.497  -21.609 0.4000000060
74497  37.967  -19.219  -21.262 0.3000000119
147314  37.831  -17.876  -21.782 0.3000000119
75439  37.573  -18.295  -22.615 0.3000000119
76367  39.460  -17.909  -19.870 0.3000000119
75426  39.042  -18.620  -20.172 0.3000000119
75427  38.409  -18.557  -20.811 0.3000000119
76378  38.281  -17.884  -21.154 0.3000000119
76398  37.753  -17.463  -22.264 0.3000000119
150196  37.559  -17.645  -23.275 0.3000000119
77341  37.568  -16.787  -23.865 0.3000000119
132346  39.889  -17.144  -19.634 0.3000000119
130578  39.319  -17.190  -20.288 0.3000000119
76377  38.846  -17.875  -20.497 0.3000000119
77321  38.748  -16.310  -21.165 0.3000000119
76397  38.195  -16.859  -21.761 0.3000000119
128310  38.329  -16.105  -22.085 0.3000000119
77329  37.716  -16.844  -22.816 0.3000000119
78281  37.607  -15.984  -24.304 0.3000000119
77362  36.552  -16.194  -25.291 0.3000000119
77299  40.287  -16.221  -19.404 0.3000000119
77300  39.673  -16.450  -20.092 0.3000000119
77314  39.165  -16.599  -20.616 0.3000000119
78262  38.995  -15.376  -21.346 0.3000000119
78270  38.411  -15.270  -22.394 0.3000000119
77340  37.852  -16.013  -23.124 0.3000000119
78295  37.494  -15.441  -25.042 0.3000000119
78211  40.690  -15.513  -18.925 0.3000000119
78248  40.181  -14.991  -20.095 0.3000000119
78249  39.674  -15.129  -20.567 0.3000000119
79332  39.016  -14.546  -21.851 0.3000000119
79347  38.517  -14.491  -22.738 0.3000000119
78280  38.014  -15.195  -23.438 0.3000000119
79359  38.150  -14.318  -23.789 0.3000000119
79297  40.446  -14.429  -19.758 0.3000000119
79318  40.072  -14.446  -20.427 0.3000000119
79319  39.553  -14.514  -21.061 0.3000000119
80386  39.589  -13.750  -21.524 0.3000000119
80418  38.449  -13.400  -23.694 0.3000000119
80363  40.362  -13.757  -20.272 0.3000000119
80385  40.140  -13.242  -20.860 0.3000000119
81443  39.893  -12.765  -21.663 0.3000000119
80403  39.325  -13.323  -22.278 0.3000000119
81424  40.537  -12.980  -20.151 0.3000000119
81442  40.382  -12.340  -20.830 0.3000000119
82413  40.562  -11.631  -20.402 0.3000000119
47136  48.135  -45.115  -15.988 0.4000000060
46024  43.490  -46.883  -15.268 0.4000000060
46023  44.461  -46.650  -15.394 0.4000000060
142476  47.856  -45.850  -15.925 0.4000000060
46021  46.297  -46.335  -15.601 0.4000000060
47162  50.592  -45.711  -18.581 0.4000000060
148645  49.691  -45.613  -17.396 0.4000000060
47135  48.636  -45.452  -16.472 0.4000000060
49426  52.516  -43.232  -25.295 0.3000000119
48327  52.185  -44.185  -24.424 0.3000000119
48328  51.729  -44.121  -23.135 0.3000000119
48323  51.514  -44.687  -22.367 0.3000000119
48312  51.033  -44.742  -20.730 0.3000000119
149479  50.629  -44.819  -19.551 0.3000000119
50392  52.424  -42.498  -24.641 0.3000000119
146728  51.768  -40.892  -22.261 0.3000000119
53666  50.884  -38.969  -20.493 0.3000000119
52450  51.505  -40.328  -21.686 0.3000000119
56039  46.869  -37.410  -18.984 0.4000000060
56014  47.520  -37.307  -18.412 0.4000000060
55993  47.989  -37.565  -17.822 0.4000000060
54842  49.506  -38.213  -18.606 0.3000000119
53655  50.037  -38.927  -18.901 0.3000000119
56040  45.991  -37.655  -18.710 0.4000000060
60233  28.376  -33.402  -19.534 0.6000000238
79281  40.770  -14.793  -18.508 0.3000000119
79282  40.637  -14.143  -18.984 0.3000000119
80348  40.601  -13.549  -19.562 0.3000000119
148724  40.630  -12.235  -19.958 0.3000000119
129716  40.694  -12.018  -19.210 0.3000000119
45994  42.869  -45.961  -13.745 0.4000000060
49335  43.996  -43.710  -12.935 0.5000000000
50328  47.132  -42.727  -16.065 0.4000000060
138059  51.703  -41.614  -22.211 0.3000000119
53612  46.847  -38.480  -15.695 0.4000000060
78228  39.932  -15.653  -20.040 0.3000000119
79360  37.845  -15.132  -24.359 0.3000000119
79346  39.056  -13.967  -22.243 0.3000000119
80417  38.927  -12.992  -22.942 0.3000000119
131970  40.612  -11.637  -19.743 0.3000000119
44985  42.654  -47.501  -15.442 0.3000000119
43912  32.390  -48.551  -21.352 0.6000000238
43913  31.294  -48.237  -21.188 0.6999999881
140910  31.222  -48.851  -21.404 0.6999999881
46022  45.394  -46.514  -15.505 0.3000000119
37369  38.294  -54.775  -16.577 0.3000000119
38479  38.999  -53.372  -17.180 0.3000000119
45068  29.544  -46.909  -20.333 0.6999999881
45002  42.858  -47.896  -16.282 0.3000000119
43902  29.714  -47.639  -20.791 0.6999999881
43914  30.515  -48.190  -21.212 0.6999999881
45001  43.580  -47.609  -16.604 0.3000000119
46038  44.885  -47.052  -16.128 0.3000000119
45078  30.311  -47.304  -21.098 0.6999999881
45000  44.352  -47.393  -16.807 0.3000000119
45011  47.667  -47.597  -17.191 0.3000000119
145266  46.036  -47.377  -17.117 0.3000000119
46037  45.892  -47.003  -16.248 0.3000000119
45010  48.563  -47.498  -17.237 0.3000000119
44996  48.123  -47.000  -16.677 0.3000000119
44997  47.289  -47.129  -16.640 0.3000000119
39520  39.140  -52.597  -17.184 0.3000000119
42735  40.866  -49.867  -17.139 0.4000000060
46091  29.766  -46.117  -19.519 0.6999999881
43840  42.374  -48.500  -16.695 0.3000000119
42725  40.841  -49.396  -16.474 0.3000000119
46102  29.674  -46.199  -20.348 0.6999999881
45067  29.791  -46.675  -20.963 0.6999999881
45015  43.897  -47.802  -17.371 0.3000000119
45014  44.687  -47.582  -17.622 0.3000000119
45012  46.249  -47.663  -17.909 0.3000000119
46036  46.820  -46.737  -16.136 0.3000000119
43847  49.015  -48.064  -17.726 0.3000000119
40529  39.408  -51.263  -16.989 0.4000000060
47186  29.959  -45.992  -18.780 0.6999999881
42733  42.198  -49.331  -17.865 0.3000000119
42724  41.924  -49.062  -17.141 0.3000000119
43849  44.265  -48.088  -18.150 0.3000000119
43851  42.689  -48.772  -17.438 0.3000000119
46090  29.846  -45.983  -19.751 0.6999999881
45026  45.745  -47.753  -18.445 0.3000000119
46101  29.880  -46.253  -20.508 0.6999999881
46033  49.132  -45.957  -16.835 0.3000000119
46034  48.388  -46.207  -16.409 0.3000000119
45025  49.899  -47.881  -17.961 0.3000000119
45009  49.395  -47.310  -17.443 0.3000000119
43865  43.020  -49.073  -18.159 0.3000000119
47185  30.461  -45.691  -18.812 0.6999999881
137242  45.137  -48.363  -19.680 0.3000000119
43863  44.630  -48.290  -19.045 0.3000000119
46062  50.670  -46.602  -18.409 0.3000000119
43885  44.013  -48.857  -19.386 0.3000000119
48309  30.809  -44.759  -18.655 0.6999999881
46044  50.190  -46.108  -17.858 0.3000000119
56038  47.791  -37.254  -19.204 0.3000000119
154900  33.597  -48.944  -22.441 0.5000000000
42797  31.555  -49.718  -21.690 0.6999999881
151802  32.197  -49.537  -21.950 0.6000000238
42795  32.818  -48.862  -21.916 0.6000000238
43889  29.630  -48.318  -19.469 0.6999999881
45055  29.637  -47.671  -18.898 0.6999999881
151824  39.810  -52.249  -18.006 0.3000000119
46071  29.670  -46.975  -18.356 0.6999999881
40548  39.838  -51.082  -17.658 0.4000000060
46053  29.550  -46.360  -17.560 0.6999999881
42748  41.695  -49.902  -18.285 0.4000000060
41617  40.317  -50.465  -17.443 0.4000000060
47152  29.611  -45.524  -17.196 0.6999999881
42747  42.472  -49.581  -18.607 0.3000000119
42766  42.777  -49.822  -19.339 0.3000000119
42780  43.087  -50.074  -20.042 0.3000000119
44984  43.316  -47.413  -15.933 0.3000000119
47171  30.105  -45.578  -18.097 0.6999999881
42796  32.052  -48.999  -21.687 0.6000000238
42764  44.313  -49.068  -20.218 0.3000000119
41630  41.189  -50.639  -18.711 0.3000000119
43922  39.068  -48.582  -24.609 0.5000000000
45093  36.315  -47.878  -23.366 0.5000000000
43925  36.550  -48.624  -24.046 0.5000000000
45094  38.362  -48.103  -24.405 0.4000000060
37411  31.486  -54.724  -19.165 0.4000000060
35189  30.368  -56.867  -18.376 0.5000000000
43919  36.813  -48.062  -23.997 0.4000000060
45095  37.635  -47.880  -24.214 0.5000000000
43915  35.365  -48.225  -23.006 0.5000000000
142550  28.578  -57.984  -18.325 0.4000000060
32913  28.274  -58.750  -18.552 0.4000000060
36285  30.758  -56.130  -18.609 0.5000000000
142821  27.100  -58.600  -18.450 0.4000000060
31720  27.046  -59.348  -18.864 0.4000000060
34059  28.795  -57.142  -18.362 0.4000000060
36286  30.082  -55.513  -18.541 0.5000000000
141547  29.881  -56.207  -18.357 0.4000000060
153887  31.462  -53.933  -19.397 0.5000000000
38523  31.308  -52.814  -20.462 0.4000000060
42806  32.734  -49.345  -22.136 0.5000000000
40613  32.375  -51.292  -22.042 0.4000000060
39583  31.707  -52.091  -21.473 0.4000000060
41678  32.399  -50.222  -22.127 0.4000000060
32915  26.363  -58.717  -18.563 0.4000000060
34079  23.018  -57.308  -19.931 0.4000000060
35191  27.986  -56.483  -18.582 0.4000000060
35209  23.881  -56.093  -19.878 0.4000000060
36287  29.292  -55.497  -18.572 0.5000000000
35190  29.002  -56.309  -18.458 0.4000000060
129705  24.493  -55.567  -19.694 0.4000000060
37398  29.714  -54.669  -18.850 0.5000000000
38505  25.269  -53.955  -19.577 0.4000000060
36306  24.351  -54.994  -19.743 0.4000000060
37412  30.619  -54.073  -19.141 0.5000000000
38501  30.075  -53.310  -19.683 0.5000000000
39547  24.998  -53.170  -19.550 0.4000000060
141804  24.727  -52.303  -19.487 0.4000000060
38500  30.974  -53.349  -19.724 0.5000000000
149984  30.659  -52.442  -20.883 0.6000000238
40614  31.187  -51.736  -21.578 0.6000000238
41679  31.490  -50.906  -21.816 0.5000000000
32928  23.454  -58.210  -19.503 0.4000000060
34078  23.948  -57.162  -19.578 0.4000000060
34061  26.763  -57.894  -18.396 0.4000000060
138213  24.695  -56.433  -19.523 0.4000000060
37399  28.672  -54.776  -18.921 0.5000000000
36289  27.418  -55.629  -18.999 0.4000000060
146537  25.322  -55.809  -19.458 0.4000000060
146508  28.956  -54.029  -19.283 0.5000000000
37416  25.574  -54.605  -19.600 0.4000000060
36305  25.063  -55.100  -19.600 0.4000000060
37413  29.711  -53.867  -19.292 0.5000000000
39567  29.992  -52.318  -20.857 0.5000000000
40581  25.542  -51.703  -19.394 0.4000000060
39584  30.508  -52.007  -21.324 0.6000000238
41680  30.722  -50.294  -21.446 0.6000000238
34077  24.323  -58.322  -19.088 0.4000000060
35192  26.973  -56.298  -18.790 0.4000000060
34076  24.898  -57.491  -19.133 0.4000000060
35208  25.564  -56.761  -19.153 0.4000000060
36304  26.018  -55.246  -19.553 0.4000000060
142731  29.213  -53.385  -19.741 0.5000000000
37415  26.424  -54.532  -19.568 0.4000000060
140283  25.951  -53.291  -19.524 0.4000000060
38525  29.461  -52.744  -20.313 0.5000000000
147976  25.511  -52.566  -19.488 0.4000000060
42798  30.690  -49.223  -21.323 0.6000000238
41681  29.959  -50.770  -21.163 0.6000000238
39585  29.772  -51.705  -21.098 0.6000000238
32916  25.446  -58.989  -18.585 0.4000000060
34062  25.763  -57.918  -18.616 0.4000000060
35207  26.155  -56.081  -19.182 0.4000000060
133709  28.094  -54.183  -19.422 0.5000000000
36302  27.755  -54.906  -19.166 0.5000000000
37414  27.253  -54.345  -19.538 0.5000000000
38503  27.678  -53.643  -19.699 0.5000000000
38504  26.788  -53.748  -19.648 0.5000000000
39568  28.706  -52.492  -20.404 0.5000000000
38526  28.168  -53.039  -20.023 0.5000000000
39545  27.448  -53.107  -19.794 0.5000000000
143969  26.740  -53.024  -19.646 0.4000000060
142478  29.330  -52.207  -20.781 0.6000000238
40580  26.861  -51.717  -19.471 0.5000000000
136491  26.266  -51.044  -19.265 0.4000000060
42784  30.041  -48.606  -21.010 0.6000000238
41666  29.571  -50.210  -20.535 0.6000000238
41668  28.588  -51.447  -20.264 0.6000000238
39569  27.958  -52.530  -20.087 0.5000000000
139935  27.190  -52.441  -19.704 0.5000000000
41667  29.307  -51.181  -20.683 0.6000000238
41651  28.294  -50.739  -19.517 0.6000000238
40579  27.775  -51.719  -19.842 0.5000000000
42785  29.645  -49.155  -20.124 0.6000000238
46054  28.502  -46.647  -17.093 0.5000000000
45019  29.079  -47.316  -17.560 0.6000000238
140486  28.070  -48.567  -18.023 0.5000000000
45035  29.248  -47.918  -18.142 0.6000000238
43869  28.765  -48.579  -18.217 0.6000000238
42751  27.507  -49.665  -18.607 0.5000000000
41633  26.732  -50.234  -18.958 0.5000000000
145002  28.955  -50.751  -20.109 0.6000000238
41652  27.290  -50.965  -19.341 0.5000000000
42752  26.496  -49.407  -18.680 0.5000000000
47153  28.956  -45.992  -16.867 0.5000000000
42769  28.545  -49.816  -18.838 0.6000000238
42770  27.726  -50.335  -18.962 0.5000000000
43868  29.327  -48.554  -18.619 0.6000000238
154138  28.938  -49.131  -18.548 0.6000000238
42811  34.906  -49.274  -23.384 0.4000000060
45077  34.884  -48.001  -21.326 0.5000000000
43916  34.530  -48.574  -22.709 0.4000000060
42750  29.348  -49.287  -19.009 0.6000000238
143512  37.875  -49.115  -24.831 0.5000000000
41698  35.447  -50.152  -23.533 0.5000000000
42815  36.897  -49.228  -24.277 0.5000000000
42816  35.941  -49.283  -23.818 0.5000000000
36301  30.707  -55.121  -18.831 0.5000000000
149455  28.075  -57.365  -18.355 0.4000000060
137527  27.301  -57.161  -18.428 0.4000000060
146233  23.681  -55.316  -19.900 0.4000000060
38506  24.385  -53.842  -19.624 0.4000000060
35193  26.417  -56.993  -18.693 0.4000000060
36303  26.903  -55.039  -19.417 0.4000000060
34063  24.997  -58.491  -18.672 0.4000000060
147254  22.654  -56.597  -20.215 0.3000000119
37418  23.780  -54.521  -19.749 0.3000000119
153440  23.105  -55.382  -20.006 0.3000000119
39548  24.085  -52.988  -19.617 0.3000000119
36307  23.006  -54.946  -19.900 0.3000000119
38507  23.446  -53.654  -19.666 0.3000000119
38508  22.429  -53.376  -19.601 0.3000000119
31699  33.059  -59.691  -16.514 0.5000000000
31719  27.927  -59.382  -18.921 0.4000000060
32882  34.742  -58.310  -15.499 0.5000000000
32892  33.302  -58.872  -16.494 0.5000000000
32914  27.625  -58.866  -18.544 0.4000000060
34060  27.674  -58.090  -18.304 0.4000000060
35160  37.108  -56.166  -15.786 0.4000000060
35161  33.622  -56.338  -16.436 0.5000000000
35187  33.767  -56.563  -18.003 0.6999999881
35206  26.678  -55.626  -19.251 0.4000000060
35222  23.088  -55.880  -20.154 0.3000000119
36240  36.195  -55.791  -15.333 0.4000000060
36241  35.457  -55.471  -15.185 0.5000000000
36242  34.639  -55.565  -15.416 0.5000000000
36243  34.027  -55.214  -15.832 0.5000000000
36283  34.407  -56.008  -18.495 0.6000000238
36288  28.351  -55.583  -18.743 0.5000000000
36300  31.511  -55.673  -19.026 0.4000000060
37361  33.941  -54.384  -15.922 0.6000000238
37372  33.807  -54.123  -16.784 0.6999999881
37417  24.730  -54.531  -19.626 0.4000000060
37419  22.748  -54.210  -19.747 0.3000000119
38461  38.241  -53.797  -16.418 0.3000000119
38462  37.337  -53.728  -15.640 0.4000000060
38463  34.102  -53.013  -15.898 0.6000000238
38480  34.072  -53.491  -17.448 0.6999999881
38502  28.449  -53.512  -19.734 0.5000000000
38524  30.421  -52.786  -20.271 0.5000000000
39493  35.751  -52.725  -15.091 0.6000000238
39494  34.964  -52.519  -15.084 0.6000000238
39505  38.297  -52.364  -16.188 0.5000000000
39506  37.677  -52.230  -15.648 0.5000000000
39543  35.222  -52.730  -19.514 0.5000000000
39544  34.789  -52.404  -18.909 0.6000000238
39546  26.301  -52.355  -19.506 0.5000000000
39549  23.131  -52.787  -19.557 0.3000000119
39564  35.521  -52.278  -20.003 0.5000000000
40505  36.058  -50.747  -14.859 0.5000000000
40518  34.895  -51.595  -15.273 0.6000000238
40532  34.370  -51.684  -15.867 0.6999999881
40561  35.025  -51.109  -18.967 0.6000000238
40600  28.976  -51.898  -20.739 0.6000000238
40601  28.382  -52.062  -20.376 0.5000000000
40610  37.229  -50.968  -21.854 0.5000000000
40615  30.578  -51.279  -21.465 0.6000000238
40624  37.816  -50.903  -22.479 0.5000000000
41589  38.013  -50.585  -15.113 0.4000000060
41591  35.076  -50.186  -15.177 0.6000000238
41592  34.676  -50.288  -15.670 0.6000000238
41605  39.360  -50.647  -16.333 0.5000000000
41616  41.002  -50.250  -17.877 0.4000000060
41618  39.774  -50.667  -17.061 0.4000000060
41629  41.999  -50.180  -19.029 0.3000000119
41650  29.100  -50.054  -19.607 0.6000000238
41665  36.236  -50.033  -20.693 0.6000000238
42700  37.752  -49.475  -14.521 0.4000000060
42709  40.292  -49.420  -15.830 0.4000000060
42710  39.005  -49.728  -15.194 0.4000000060
42726  34.666  -49.725  -16.222 0.6000000238
42734  41.487  -49.613  -17.548 0.3000000119
42736  35.038  -49.205  -16.726 0.6999999881
42737  34.738  -49.899  -17.047 0.6999999881
42746  43.267  -49.252  -18.958 0.3000000119
42765  43.535  -49.464  -19.723 0.3000000119
42768  35.713  -49.621  -19.606 0.6000000238
42771  25.956  -49.788  -18.974 0.5000000000
42779  43.735  -49.729  -20.475 0.3000000119
42794  37.883  -49.451  -22.016 0.5000000000
42803  39.118  -49.573  -23.475 0.5000000000
42804  38.470  -49.580  -22.693 0.5000000000
42810  39.493  -49.098  -24.211 0.5000000000
42813  38.831  -49.136  -25.126 0.5000000000
43805  38.070  -47.791  -13.762 0.6000000238
43819  35.646  -48.779  -14.843 0.6000000238
43827  41.294  -48.451  -15.478 0.4000000060
43830  35.217  -48.916  -15.483 0.6000000238
43839  43.169  -48.204  -17.010 0.3000000119
43841  41.503  -48.808  -16.397 0.3000000119
43850  43.486  -48.452  -17.770 0.3000000119
43864  43.766  -48.647  -18.591 0.3000000119
43867  35.762  -48.856  -18.165 0.8000000119
43883  45.668  -48.366  -20.112 0.3000000119
43884  44.640  -48.612  -19.724 0.3000000119
43887  36.605  -48.499  -19.335 0.6999999881
43901  29.950  -47.496  -21.173 0.6999999881
43909  38.954  -47.985  -22.186 0.6000000238
43918  39.314  -48.566  -24.075 0.5000000000
43920  35.783  -48.541  -23.563 0.5000000000
43921  34.911  -48.658  -23.170 0.4000000060
43923  38.359  -48.595  -24.762 0.5000000000
43924  37.474  -48.417  -24.442 0.5000000000
44970  42.184  -47.296  -14.614 0.4000000060
44973  37.354  -47.355  -13.952 0.5000000000
44983  44.001  -47.160  -16.031 0.3000000119
44998  46.576  -47.195  -16.647 0.3000000119
44999  45.199  -47.297  -16.961 0.3000000119
45003  36.227  -47.240  -16.556 0.8000000119
45008  50.141  -47.028  -17.813 0.3000000119
45013  45.478  -47.521  -17.772 0.3000000119
45020  27.993  -47.406  -17.422 0.5000000000
45027  45.055  -47.763  -18.423 0.3000000119
45029  36.827  -47.682  -18.346 0.8000000119
45031  33.949  -47.224  -18.623 0.8000000119
45036  28.498  -48.022  -17.780 0.6000000238
45058  39.403  -46.402  -21.270 0.6000000238
45073  39.351  -46.917  -21.736 0.6999999881
45074  37.808  -46.983  -22.356 0.6000000238
45076  35.706  -47.604  -21.696 0.8000000119
45091  38.277  -47.708  -23.860 0.4000000060
45999  38.354  -46.633  -13.416 0.6000000238
46007  44.045  -46.223  -14.684 0.4000000060
46011  36.903  -46.857  -14.317 0.6000000238
46020  47.153  -46.122  -15.656 0.4000000060
46026  36.538  -46.433  -15.333 0.6000000238
46035  47.627  -46.509  -16.215 0.3000000119
46045  49.594  -46.496  -17.332 0.3000000119
46046  48.914  -46.781  -16.906 0.3000000119
46050  35.034  -46.085  -17.844 1.0000000000
46051  34.207  -46.109  -17.567 1.0000000000
46052  33.339  -46.002  -17.616 0.8000000119
46064  38.157  -46.435  -18.670 0.8000000119
46069  32.426  -46.001  -18.011 0.8000000119
46088  36.031  -46.676  -19.614 0.8999999762
46095  39.492  -45.826  -20.842 0.6999999881
46096  39.509  -46.248  -20.679 0.6999999881
46107  39.349  -46.172  -21.358 0.6999999881
46113  38.831  -46.867  -22.364 0.6999999881
47080  40.963  -45.431  -12.549 0.6000000238
47098  41.622  -45.884  -12.801 0.6000000238
47101  37.883  -45.820  -13.761 0.6000000238
47110  46.126  -45.190  -14.869 0.4000000060
47113  43.665  -45.753  -14.001 0.4000000060
47127  46.601  -45.662  -15.261 0.4000000060
47144  39.424  -44.146  -18.002 0.8000000119
47182  39.579  -45.529  -19.750 0.8000000119
47193  39.362  -45.401  -20.734 0.6999999881
47194  38.822  -45.403  -20.898 0.8000000119
48225  41.000  -44.618  -12.451 0.6000000238
48226  40.322  -44.020  -12.468 0.6999999881
48240  42.900  -44.876  -12.870 0.5000000000
48242  38.822  -44.400  -13.326 0.6000000238
48250  45.794  -44.568  -14.585 0.4000000060
48253  37.798  -44.658  -14.858 0.6999999881
48261  47.665  -44.448  -15.758 0.4000000060
48262  47.008  -44.486  -15.351 0.4000000060
48264  38.006  -44.462  -15.545 0.6999999881
48267  48.571  -44.619  -16.581 0.4000000060
48269  39.408  -43.757  -17.196 0.8000000119
48280  35.140  -44.613  -17.304 1.0000000000
48292  50.453  -44.892  -18.872 0.4000000060
48293  49.913  -44.272  -18.591 0.4000000060
48295  37.106  -44.338  -18.392 0.8999999762
48299  30.184  -44.921  -17.778 0.6999999881
48306  39.456  -44.541  -19.738 0.8000000119
48308  38.314  -44.385  -19.647 0.8999999762
48313  50.579  -44.485  -20.120 0.3000000119
49320  43.287  -43.603  -12.639 0.5000000000
49322  41.632  -43.333  -12.367 0.6999999881
49323  39.583  -43.485  -13.012 0.6999999881
49337  38.761  -43.801  -13.831 0.6999999881
49347  46.102  -43.333  -14.932 0.4000000060
49348  45.546  -42.860  -14.403 0.5000000000
49360  39.166  -43.359  -15.603 0.8000000119
49385  34.282  -43.962  -17.312 1.0000000000
49387  32.719  -43.946  -18.169 1.0000000000
49396  49.411  -43.622  -18.358 0.4000000060
49397  39.301  -43.546  -18.568 0.8000000119
49407  50.047  -43.473  -19.776 0.3000000119
49410  31.554  -42.787  -19.167 1.0000000000
49416  50.392  -43.419  -20.437 0.3000000119
49418  51.152  -43.442  -21.858 0.3000000119
49431  52.875  -43.176  -26.280 0.3000000119
50288  40.512  -42.606  -12.746 0.6999999881
50301  44.538  -42.403  -13.303 0.5000000000
50327  47.485  -42.378  -16.687 0.4000000060
50329  39.655  -42.177  -16.147 0.8000000119
50339  48.425  -42.411  -17.908 0.4000000060
50341  39.420  -42.683  -17.304 0.8000000119
50346  34.460  -42.338  -17.518 1.0000000000
50356  48.859  -43.093  -18.212 0.4000000060
50359  38.225  -42.744  -17.977 0.8000000119
50369  32.789  -42.117  -19.902 1.0000000000
50385  44.528  -43.944  -24.431 0.5000000000
50393  45.473  -44.115  -25.259 0.3000000119
50395  44.167  -44.077  -25.059 0.6000000238
50396  43.343  -43.574  -25.190 0.6000000238
51240  43.201  -41.973  -12.548 0.6999999881
51241  42.226  -41.848  -12.493 0.6999999881
51243  40.825  -42.019  -12.802 0.6999999881
51256  41.285  -40.992  -13.124 0.6999999881
51258  40.162  -41.872  -13.725 0.8000000119
51283  46.896  -41.361  -16.023 0.4000000060
51285  30.779  -41.572  -16.143 0.8999999762
51297  36.676  -41.425  -17.348 0.8999999762
51301  31.109  -41.759  -17.047 0.8999999762
51308  48.931  -41.799  -18.391 0.4000000060
51312  30.690  -42.091  -18.510 0.8999999762
51318  49.857  -41.542  -19.257 0.3000000119
51319  33.746  -41.714  -19.554 1.0000000000
51321  31.303  -41.726  -19.585 0.8999999762
51327  50.710  -41.944  -20.472 0.3000000119
51331  32.063  -41.508  -20.164 1.0000000000
51347  43.363  -43.049  -23.872 0.6999999881
51361  41.658  -43.504  -25.822 0.6999999881
51367  41.928  -43.177  -25.498 0.6999999881
52377  39.951  -40.839  -14.856 0.8000000119
52383  45.998  -39.909  -14.931 0.4000000060
52392  48.361  -40.036  -16.834 0.4000000060
52406  38.272  -40.420  -16.927 0.8000000119
52409  35.357  -40.593  -17.560 1.0000000000
52427  50.323  -40.850  -19.579 0.3000000119
52437  51.118  -40.608  -20.865 0.3000000119
52440  43.247  -40.468  -21.272 0.6999999881
52470  35.191  -40.335  -22.810 1.0000000000
52478  41.660  -42.458  -25.262 0.6999999881
52481  39.851  -40.651  -25.307 0.6999999881
52487  40.455  -40.914  -25.539 0.6999999881
52489  40.007  -40.554  -25.728 0.6999999881
53586  42.838  -39.329  -13.432 0.6999999881
53603  45.238  -38.989  -14.153 0.5000000000
53604  44.503  -39.010  -13.744 0.5000000000
53614  45.753  -39.031  -14.736 0.4000000060
53619  48.077  -39.305  -16.611 0.4000000060
53634  38.014  -38.950  -17.111 0.6999999881
53646  49.305  -39.676  -17.870 0.3000000119
53648  35.445  -39.608  -18.431 1.0000000000
53650  32.598  -39.711  -18.467 0.8999999762
53656  44.770  -39.126  -19.825 0.5000000000
53659  43.165  -39.355  -20.051 0.6999999881
53667  45.878  -39.185  -20.762 0.3000000119
53669  44.098  -39.988  -20.359 0.6000000238
53687  45.437  -40.077  -21.163 0.3000000119
53718  42.772  -40.274  -24.132 0.6000000238
53722  38.248  -39.895  -24.306 0.8000000119
53723  37.398  -39.872  -23.953 1.0000000000
53724  36.669  -40.007  -23.409 1.0000000000
53731  41.283  -40.529  -25.687 0.6999999881
53735  40.840  -40.036  -25.970 0.6999999881
53737  39.961  -39.904  -25.865 0.6999999881
54777  42.148  -38.726  -13.759 0.6000000238
54794  45.360  -38.343  -14.665 0.5000000000
54796  43.234  -37.887  -14.159 0.6000000238
54797  42.354  -38.053  -14.144 0.6000000238
54798  41.747  -38.327  -14.176 0.6000000238
54814  47.598  -38.388  -16.499 0.4000000060
54816  38.957  -38.063  -16.464 0.6999999881
54828  48.525  -38.235  -17.519 0.3000000119
54847  43.228  -38.521  -19.021 0.6999999881
54848  37.204  -38.053  -18.132 0.8000000119
54849  36.683  -38.374  -18.491 0.8999999762
54851  33.004  -38.058  -17.954 1.0000000000
54857  49.925  -38.034  -19.412 0.3000000119
54864  36.964  -37.937  -19.758 0.8000000119
54866  35.784  -39.158  -20.084 0.8999999762
54899  44.069  -38.347  -22.049 0.6000000238
54901  41.230  -38.812  -21.566 0.6999999881
54908  33.824  -39.511  -21.378 1.0000000000
54914  45.391  -38.656  -22.830 0.4000000060
54920  37.985  -39.182  -22.472 0.8999999762
54933  35.564  -39.600  -23.212 1.0000000000
54941  39.021  -38.820  -24.897 0.8000000119
54951  40.809  -39.133  -25.671 0.6999999881
54952  40.386  -39.168  -25.746 0.6999999881
55940  44.728  -37.909  -14.635 0.5000000000
55944  41.745  -37.818  -14.630 0.6000000238
55961  46.314  -37.698  -15.751 0.5000000000
55964  43.620  -37.427  -15.449 0.6000000238
55967  40.300  -37.643  -15.688 0.6999999881
55968  39.692  -37.650  -16.208 0.6999999881
55978  41.235  -37.333  -16.477 0.6000000238
55981  30.129  -37.904  -16.586 0.6999999881
56013  48.360  -37.357  -18.696 0.4000000060
56015  46.671  -37.336  -18.165 0.4000000060
56018  43.937  -37.931  -17.884 0.5000000000
56022  38.268  -37.249  -18.367 0.8000000119
56063  43.166  -36.901  -21.255 0.5000000000
56064  41.371  -37.849  -19.842 0.6999999881
56068  37.734  -37.692  -20.104 0.8000000119
56082  43.451  -37.666  -21.625 0.5000000000
56085  39.177  -37.768  -21.226 0.8000000119
57070  31.887  -36.465  -18.225 0.8999999762
57095  45.395  -36.469  -20.714 0.4000000060
57097  43.288  -36.335  -20.766 0.5000000000
57107  45.758  -36.910  -21.348 0.4000000060
57114  46.811  -36.759  -22.567 0.4000000060
57128  40.863  -35.817  -24.641 0.6999999881
57132  37.968  -36.678  -24.211 1.0000000000
58068  29.924  -35.770  -18.627 0.8000000119
58081  43.738  -35.154  -19.497 0.5000000000
58086  28.869  -34.810  -19.089 0.6999999881
58092  47.119  -35.391  -20.724 0.4000000060
58095  44.080  -35.789  -19.906 0.4000000060
58111  41.810  -34.860  -22.776 0.5000000000
58127  39.766  -34.748  -24.570 1.0000000000
58128  38.857  -34.461  -24.393 1.0000000000
59120  45.850  -34.438  -18.580 0.4000000060
59123  43.228  -33.678  -18.956 0.5000000000
59139  43.459  -34.447  -19.168 0.5000000000
59145  34.806  -34.021  -20.130 1.0000000000
59171  29.726  -33.982  -19.801 0.6999999881
59194  41.222  -33.902  -24.003 0.8000000119
59195  40.763  -33.595  -23.983 0.8000000119
59209  39.112  -33.823  -24.205 1.0000000000
60189  43.995  -33.260  -17.569 0.5000000000
60205  45.415  -33.957  -17.938 0.5000000000
60208  42.979  -32.887  -18.852 0.5000000000
60209  40.099  -33.036  -18.777 0.5000000000
60224  38.609  -33.692  -19.334 0.8999999762
60226  36.012  -33.761  -19.451 1.0000000000
60230  31.085  -33.247  -19.712 0.8000000119
60241  42.275  -32.793  -21.355 0.5000000000
60254  41.634  -32.854  -22.046 0.6999999881
60259  41.960  -32.937  -22.776 0.6000000238
61261  43.483  -32.579  -17.219 0.4000000060
61262  42.300  -31.936  -17.841 0.4000000060
61276  46.940  -33.045  -17.872 0.4000000060
61294  38.114  -32.860  -19.077 0.6999999881
61295  37.252  -32.942  -19.349 0.8999999762
61302  30.651  -32.283  -19.601 0.6999999881
61311  48.197  -33.207  -20.129 0.3000000119
62306  43.395  -31.140  -15.657 0.4000000060
62322  45.266  -31.903  -16.278 0.4000000060
62324  43.639  -31.643  -16.087 0.3000000119
62326  42.086  -30.862  -16.600 0.4000000060
62346  47.026  -31.724  -16.976 0.4000000060
62372  48.363  -31.377  -19.565 0.3000000119
63454  42.919  -30.687  -15.474 0.4000000060
63465  46.328  -30.603  -16.271 0.3000000119
63516  31.193  -30.644  -19.541 0.6000000238
64614  42.567  -29.341  -14.990 0.3000000119
64615  41.956  -29.347  -15.577 0.3000000119
64625  41.281  -29.285  -16.040 0.4000000060
64667  38.053  -29.170  -19.288 0.6000000238
64672  33.738  -30.276  -19.551 0.8000000119
64675  30.934  -29.879  -19.888 0.5000000000
64685  34.636  -29.008  -20.006 0.6999999881
65719  40.942  -28.513  -16.183 0.4000000060
65720  40.366  -28.385  -16.724 0.3000000119
66740  40.222  -27.626  -17.081 0.3000000119
66800  37.245  -27.137  -21.526 0.6000000238
67713  41.513  -26.347  -15.398 0.3000000119
67778  37.867  -25.886  -21.575 0.3000000119
67793  36.277  -26.270  -22.673 0.5000000000
68747  39.426  -25.016  -19.554 0.4000000060
68788  36.147  -25.161  -23.732 0.4000000060
69747  39.032  -24.467  -20.070 0.3000000119
69768  37.228  -25.076  -22.948 0.4000000060
70643  40.548  -23.140  -17.449 0.3000000119
70695  37.369  -23.737  -22.696 0.4000000060
70700  36.618  -23.694  -23.805 0.3000000119
71563  39.074  -22.663  -19.972 0.3000000119
72445  41.379  -21.506  -15.582 0.3000000119
72507  37.965  -21.936  -21.200 0.3000000119
73458  40.832  -20.919  -17.201 0.3000000119
74405  41.657  -19.160  -15.397 0.3000000119
75438  37.837  -18.478  -21.583 0.3000000119
75458  37.411  -18.384  -23.852 0.3000000119
76314  41.283  -17.436  -16.336 0.3000000119
76388  38.148  -17.428  -21.550 0.3000000119
76408  37.372  -17.599  -24.244 0.3000000119
77267  41.024  -16.789  -17.803 0.4000000060
77315  38.643  -17.143  -20.946 0.3000000119
78227  40.386  -15.273  -19.569 0.3000000119
78308  36.987  -15.602  -25.516 0.3000000119
80364  39.952  -13.923  -20.803 0.3000000119
80404  38.731  -13.747  -22.926 0.3000000119
128118  37.236  -16.904  -24.693 0.3000000119
128412  35.794  -54.104  -15.101 0.5000000000
129127  40.575  -11.043  -19.959 0.3000000119
129714  40.034  -37.402  -19.837 0.8000000119
130722  39.859  -37.602  -20.611 0.8000000119
130723  47.422  -40.927  -16.431 0.4000000060
130738  33.541  -57.000  -17.553 0.5000000000
130929  39.534  -44.557  -19.438 0.8000000119
131487  50.227  -39.897  -19.281 0.3000000119
131724  34.960  -54.120  -15.089 0.5000000000
132168  40.250  -21.419  -18.474 0.3000000119
132317  45.049  -37.329  -15.906 0.5000000000
133004  34.872  -55.081  -18.911 0.5000000000
133430  33.605  -55.690  -16.892 0.6000000238
133851  26.011  -54.062  -19.564 0.4000000060
134119  37.607  -48.864  -14.273 0.4000000060
134159  44.054  -41.947  -12.846 0.5000000000
134494  33.075  -42.363  -19.389 1.0000000000
134575  40.619  -14.844  -19.187 0.3000000119
134924  28.218  -49.134  -18.366 0.6000000238
135262  35.408  -51.024  -19.601 0.6000000238
135283  35.586  -36.550  -22.608 1.0000000000
135791  47.177  -37.371  -17.621 0.4000000060
136673  49.880  -42.226  -19.489 0.4000000060
136725  45.643  -43.798  -14.446 0.4000000060
136825  47.821  -43.840  -16.134 0.4000000060
136874  32.087  -32.001  -19.409 0.8000000119
137027  36.237  -52.097  -15.139 0.6000000238
137168  41.340  -37.361  -18.065 0.6999999881
137200  39.522  -51.937  -17.547 0.3000000119
137226  44.139  -40.549  -13.324 0.6999999881
137481  33.485  -57.051  -16.814 0.5000000000
137645  40.152  -47.271  -13.351 0.5000000000
137881  36.913  -45.437  -19.309 0.8999999762
137987  39.294  -39.667  -15.431 0.6999999881
138686  29.964  -43.372  -16.167 0.6999999881
138828  45.509  -39.592  -14.386 0.5000000000
138891  34.983  -56.945  -15.317 0.5000000000
139127  34.683  -37.653  -21.201 1.0000000000
139130  36.905  -36.763  -23.739 1.0000000000
139411  39.373  -15.916  -20.624 0.3000000119
139758  39.469  -43.852  -18.617 0.8000000119
139816  39.580  -25.666  -19.287 0.4000000060
140359  30.800  -40.125  -16.253 0.8999999762
140819  31.477  -40.141  -16.759 0.8999999762
140950  33.288  -31.496  -19.283 0.8999999762
141245  31.822  -51.654  -21.774 0.4000000060
141383  39.463  -28.782  -17.475 0.3000000119
141487  44.122  -41.644  -22.000 0.6000000238
141617  29.685  -46.698  -19.480 0.6999999881
141631  47.581  -31.282  -17.991 0.4000000060
141928  32.952  -46.493  -18.092 0.8000000119
142326  33.834  -57.596  -15.776 0.5000000000
142342  38.785  -20.074  -20.278 0.3000000119
142412  40.715  -12.761  -19.368 0.3000000119
142781  46.815  -47.539  -17.218 0.3000000119
143194  36.210  -50.762  -20.803 0.5000000000
143480  42.351  -44.805  -12.649 0.6000000238
143522  35.934  -47.616  -14.915 0.6999999881
143715  35.513  -38.669  -23.003 1.0000000000
143945  30.281  -36.768  -17.346 0.8000000119
144022  30.304  -46.703  -20.908 0.8000000119
144126  34.880  -50.773  -15.324 0.6000000238
144175  35.599  -34.136  -23.002 1.0000000000
144552  39.145  -47.354  -22.196 0.6000000238
144992  35.591  -57.006  -15.345 0.4000000060
145968  37.557  -41.506  -17.434 0.6999999881
146794  31.700  -28.412  -20.352 0.5000000000
147273  30.129  -49.762  -21.074 0.6000000238
147866  44.505  -39.706  -20.246 0.5000000000
148034  31.187  -52.301  -21.214 0.4000000060
148689  37.883  -48.084  -20.452 0.6999999881
148714  51.330  -43.990  -22.291 0.3000000119
148913  28.757  -53.024  -20.135 0.5000000000
148938  41.334  -20.290  -15.987 0.3000000119
148939  36.878  -48.493  -14.289 0.5000000000
149256  39.709  -36.979  -18.107 0.6999999881
149410  43.910  -40.066  -13.366 0.5000000000
149720  46.007  -37.173  -16.906 0.5000000000
149779  23.330  -56.542  -20.025 0.3000000119
150040  41.323  -49.350  -16.941 0.3000000119
150228  39.464  -12.665  -22.407 0.3000000119
150281  48.257  -45.681  -16.180 0.4000000060
151489  37.545  -17.233  -23.591 0.3000000119
151796  38.659  -24.691  -20.664 0.3000000119
152074  47.075  -42.059  -16.293 0.4000000060
152127  45.289  -37.298  -17.261 0.5000000000
152393  34.294  -53.152  -17.855 0.6000000238
152764  39.863  -43.770  -12.639 0.6000000238
152953  33.582  -57.832  -18.047 0.5000000000
152969  30.931  -47.423  -20.986 0.6999999881
153153  41.519  -37.372  -15.968 0.6000000238
153255  33.404  -43.267  -18.091 0.8999999762
153279  40.813  -24.898  -17.080 0.3000000119
153481  26.245  -51.695  -19.425 0.4000000060
153560  34.432  -40.716  -21.862 1.0000000000
153779  49.676  -44.996  -17.528 0.4000000060
153828  35.774  -47.623  -15.459 0.6999999881
154184  34.111  -58.109  -15.626 0.5000000000
154258  44.492  -43.278  -13.350 0.5000000000
154424  41.360  -48.112  -14.928 0.4000000060
154614  29.869  -49.453  -20.739 0.6000000238
154801  36.728  -46.426  -14.711 0.6000000238
