#!ascii label  , from subject sub001 vox2ras=TkReg
1820
36205  28.742  -55.641  -12.221 0.8999999762
35098  28.352  -56.526  -11.995 0.8000000119
35126  28.468  -56.324  -12.911 0.8000000119
34011  27.626  -57.394  -14.090 0.6999999881
35135  27.823  -56.594  -14.388 0.8000000119
36187  28.384  -55.888  -11.335 0.8999999762
37320  28.943  -54.818  -12.736 1.0000000000
37333  28.811  -54.580  -13.667 1.0000000000
36228  28.383  -55.174  -14.208 0.8999999762
36229  27.909  -55.763  -14.666 0.8000000119
35148  27.360  -56.265  -15.177 0.8000000119
37342  27.926  -54.945  -15.009 0.8999999762
35149  26.708  -56.467  -15.686 0.8000000119
35162  26.190  -56.031  -16.289 0.6999999881
35150  26.057  -56.863  -16.087 0.6999999881
36180  27.600  -55.727  -10.696 0.8000000119
36179  28.312  -55.131  -10.874 0.8999999762
37301  28.379  -54.392  -10.480 0.8999999762
37302  27.707  -54.800  -10.304 0.8999999762
37304  25.339  -54.602  -10.427 0.8999999762
37309  29.182  -54.248  -12.181 0.8999999762
37332  29.213  -54.050  -13.082 1.0000000000
37341  28.509  -54.193  -14.668 0.8999999762
38434  28.851  -53.248  -14.644 1.0000000000
37362  27.792  -54.145  -15.517 0.8999999762
133780  27.329  -54.869  -15.656 0.8999999762
36245  26.900  -55.609  -15.849 0.8000000119
35163  25.412  -56.356  -16.594 0.6999999881
38395  28.859  -53.956  -10.741 0.8999999762
38387  28.533  -53.751  -10.114 0.8999999762
37289  27.845  -54.018  -9.931 0.8999999762
37290  26.995  -54.334  -9.853 0.8999999762
37291  26.043  -54.130  -9.968 0.8999999762
37310  28.872  -54.514  -11.292 0.8999999762
38415  29.071  -53.760  -13.949 1.0000000000
37373  27.076  -54.182  -16.135 0.8000000119
152196  26.796  -54.860  -16.179 0.8000000119
151538  25.742  -54.884  -16.856 0.8000000119
38467  25.080  -53.541  -17.317 0.8000000119
131111  24.250  -54.959  -17.389 0.8000000119
37377  23.793  -54.230  -17.484 0.8000000119
38376  27.326  -53.447  -9.536 0.8999999762
38378  25.683  -53.422  -9.967 0.8999999762
38388  25.069  -52.916  -10.537 0.8999999762
39433  29.367  -52.774  -10.049 0.8999999762
39425  25.717  -52.750  -9.808 0.8999999762
39435  25.253  -51.968  -10.544 0.8000000119
38389  24.473  -52.873  -11.337 0.8000000119
38394  29.309  -53.644  -11.435 0.8999999762
40441  25.341  -51.050  -10.222 0.6999999881
39436  24.766  -52.107  -11.259 0.6999999881
39441  23.547  -52.505  -11.747 0.6999999881
39450  29.820  -52.901  -11.865 0.8999999762
40471  24.034  -51.800  -11.561 0.6999999881
40472  23.228  -51.958  -11.484 0.6999999881
39466  29.712  -52.721  -12.812 1.0000000000
40455  23.761  -51.255  -11.213 0.6000000238
38414  29.413  -53.282  -13.366 1.0000000000
40506  29.524  -51.795  -14.198 1.0000000000
39483  29.167  -52.502  -14.499 1.0000000000
38453  28.248  -53.338  -15.346 1.0000000000
38454  27.436  -53.277  -16.051 0.8999999762
39496  28.616  -52.557  -15.156 1.0000000000
39497  27.964  -52.530  -15.747 0.8999999762
38465  26.619  -53.527  -16.518 0.8000000119
38466  25.854  -53.594  -16.941 0.8000000119
140285  25.494  -52.952  -17.160 0.8000000119
37376  24.657  -54.258  -17.383 0.8000000119
38468  24.185  -53.475  -17.420 0.8000000119
141949  24.732  -51.769  -17.128 0.8000000119
140284  23.571  -52.639  -17.352 0.8000000119
39434  28.804  -53.239  -9.852 0.8999999762
38377  26.416  -53.509  -9.639 0.8999999762
39422  28.672  -52.743  -9.376 0.8999999762
39423  27.670  -52.633  -9.092 0.8999999762
39424  26.614  -52.774  -9.303 0.8999999762
136504  25.869  -51.944  -9.593 0.8999999762
39439  29.615  -52.910  -10.939 0.8999999762
40454  24.797  -51.336  -11.017 0.6999999881
40469  30.069  -52.098  -11.245 0.8999999762
148367  24.909  -50.669  -10.707 0.6000000238
41536  24.509  -50.652  -10.906 0.6000000238
137247  30.312  -51.481  -12.226 1.0000000000
41539  22.566  -50.854  -9.908 0.5000000000
40484  29.945  -51.843  -13.179 1.0000000000
42655  22.897  -49.439  -9.730 0.5000000000
40492  29.842  -51.050  -13.884 1.0000000000
143765  29.364  -51.017  -14.685 1.0000000000
143764  28.875  -50.916  -15.266 1.0000000000
150601  28.341  -51.953  -15.533 1.0000000000
40520  27.791  -51.714  -16.036 0.8999999762
142313  26.157  -52.864  -16.825 0.8000000119
40533  27.015  -51.497  -16.443 0.8999999762
39509  26.512  -52.166  -16.670 0.8000000119
39510  25.588  -52.130  -17.043 0.8000000119
41608  26.623  -50.641  -16.509 0.8999999762
40534  26.122  -51.358  -16.754 0.8000000119
42727  26.187  -49.792  -16.510 0.8999999762
41610  24.648  -50.425  -16.733 0.8000000119
40537  23.200  -51.095  -17.018 0.8000000119
42729  24.020  -49.736  -16.606 0.8000000119
41612  22.588  -50.379  -16.731 0.8000000119
144680  26.701  -52.071  -9.008 0.8999999762
39421  29.263  -52.123  -9.422 0.8999999762
40440  26.161  -51.119  -9.089 0.6999999881
41520  25.684  -50.362  -9.771 0.8000000119
40468  30.373  -51.074  -11.353 0.8999999762
41517  30.215  -50.816  -9.798 0.8999999762
141400  24.763  -50.110  -10.656 0.6999999881
41537  24.034  -50.373  -10.973 0.6000000238
41538  23.364  -50.689  -10.525 0.6000000238
43786  24.706  -48.993  -10.334 0.6999999881
42668  24.004  -49.366  -10.767 0.6000000238
42669  23.565  -49.685  -10.482 0.5000000000
40483  30.242  -50.915  -13.047 1.0000000000
43789  23.367  -48.789  -10.392 0.5000000000
43776  22.670  -48.497  -9.759 0.5000000000
41564  30.155  -50.326  -13.686 1.0000000000
41578  29.698  -50.327  -14.427 1.0000000000
41579  29.160  -50.287  -15.119 1.0000000000
141199  27.747  -49.930  -16.067 0.8999999762
143763  29.763  -48.934  -14.380 1.0000000000
42704  28.781  -49.542  -15.405 0.8999999762
42715  28.128  -49.554  -15.815 0.8999999762
41595  27.067  -49.918  -16.332 0.8999999762
42716  27.457  -49.178  -16.128 0.8999999762
137570  26.795  -48.690  -16.259 0.8999999762
42718  25.953  -48.876  -16.394 0.8999999762
42728  25.110  -49.584  -16.509 0.8999999762
43832  27.390  -48.166  -15.908 0.8999999762
131016  26.380  -48.046  -16.166 0.8999999762
42719  24.230  -48.976  -16.370 0.8999999762
44990  25.832  -47.319  -15.924 0.8999999762
40438  28.467  -52.025  -8.856 0.8999999762
40439  27.386  -51.684  -8.651 0.8999999762
40413  27.058  -50.741  -8.431 0.8999999762
40412  28.211  -51.139  -8.465 0.8999999762
41495  26.944  -49.981  -8.286 1.0000000000
42653  26.282  -50.016  -9.060 0.8000000119
41518  29.858  -50.848  -8.992 0.8999999762
42654  25.604  -49.665  -9.858 0.6999999881
41534  30.404  -50.588  -10.627 0.8999999762
43774  25.270  -48.877  -9.857 0.6999999881
43775  24.613  -48.331  -10.200 0.6999999881
43788  23.716  -48.485  -10.576 0.5000000000
41556  30.504  -50.489  -12.200 1.0000000000
140695  23.056  -47.835  -10.456 0.5000000000
151309  30.455  -50.216  -13.029 1.0000000000
42689  30.377  -49.681  -13.450 1.0000000000
43806  30.604  -48.285  -13.166 1.0000000000
144143  30.183  -49.179  -13.820 1.0000000000
43821  29.114  -48.639  -15.171 1.0000000000
43820  29.639  -47.990  -14.494 1.0000000000
44965  30.194  -47.732  -13.731 1.0000000000
142492  29.018  -47.748  -15.114 0.8999999762
44978  27.649  -47.284  -15.484 0.8999999762
46075  23.242  -46.700  -18.144 0.6999999881
47174  23.316  -45.936  -18.010 0.8000000119
150160  22.306  -46.664  -17.454 0.8000000119
134351  22.040  -45.719  -16.822 0.8000000119
129534  30.331  -50.342  -9.301 0.8999999762
41493  29.028  -50.465  -8.374 1.0000000000
42636  28.407  -49.635  -7.814 1.0000000000
42637  27.374  -49.463  -7.930 1.0000000000
42638  26.601  -49.311  -8.529 0.6999999881
43773  26.005  -49.145  -9.279 0.6999999881
41547  30.507  -50.332  -11.345 0.8999999762
134032  30.577  -50.139  -9.965 0.8999999762
44942  23.526  -47.724  -10.518 0.6000000238
152003  30.643  -49.573  -12.614 1.0000000000
42675  30.681  -49.763  -11.695 0.8999999762
42665  30.693  -49.818  -10.836 0.8999999762
142979  22.368  -47.093  -10.530 0.4000000060
141374  30.772  -48.796  -12.659 1.0000000000
152721  29.748  -47.246  -14.175 1.0000000000
44976  29.225  -47.156  -14.731 1.0000000000
46002  29.483  -46.548  -14.248 1.0000000000
47132  22.962  -45.196  -15.634 0.8999999762
147767  25.439  -46.442  -18.182 0.6000000238
47173  24.276  -45.751  -18.217 0.6000000238
47158  23.437  -44.989  -17.922 0.8000000119
136814  22.559  -44.682  -17.347 0.8000000119
46041  22.060  -46.421  -16.716 0.8999999762
46031  22.317  -46.504  -16.303 0.8999999762
42651  30.756  -49.659  -9.225 0.8999999762
42652  30.035  -50.113  -8.636 0.8999999762
148228  26.301  -48.709  -8.687 0.8000000119
43760  25.739  -48.419  -9.089 0.6999999881
136947  25.047  -48.040  -9.484 0.6999999881
45953  24.119  -46.824  -9.899 0.6000000238
45955  23.049  -46.333  -10.347 0.4000000060
43793  30.954  -48.990  -11.827 1.0000000000
151952  30.880  -49.405  -11.296 0.8999999762
43796  31.035  -48.076  -12.349 1.0000000000
44951  31.053  -47.265  -12.428 1.0000000000
44952  30.685  -47.484  -13.039 1.0000000000
46001  30.116  -46.817  -13.556 1.0000000000
139480  29.703  -46.063  -13.732 1.0000000000
47103  29.620  -45.274  -13.517 1.0000000000
47131  23.925  -45.547  -15.461 0.8999999762
48257  24.020  -43.742  -15.269 0.8999999762
47121  23.714  -44.601  -15.374 0.8999999762
48265  22.028  -44.196  -16.234 0.8999999762
47133  22.321  -44.751  -15.961 0.8999999762
47155  26.527  -45.572  -17.271 0.6000000238
46056  25.901  -46.095  -17.737 0.6000000238
47172  25.114  -45.812  -18.157 0.6000000238
47157  24.580  -45.060  -18.058 0.8000000119
48289  23.029  -44.058  -17.591 0.8000000119
142503  22.191  -44.925  -16.736 0.8999999762
42635  29.437  -49.623  -8.005 0.8999999762
43744  27.523  -48.166  -7.648 0.6999999881
43742  29.244  -48.284  -7.579 0.8999999762
43743  28.328  -48.186  -7.558 0.8999999762
44913  25.645  -47.596  -8.751 0.6000000238
141605  30.931  -49.537  -10.099 1.0000000000
43771  31.542  -48.196  -9.325 1.0000000000
43772  31.085  -48.804  -8.662 1.0000000000
45943  26.017  -46.877  -8.249 0.6000000238
45944  25.275  -46.914  -8.717 0.6000000238
148953  24.328  -46.444  -9.277 0.5000000000
143790  31.311  -48.221  -11.329 1.0000000000
42664  31.172  -49.055  -10.773 1.0000000000
44940  31.564  -47.456  -10.849 1.0000000000
44948  31.346  -47.403  -11.746 1.0000000000
45985  31.182  -46.645  -12.043 1.0000000000
45986  30.707  -46.667  -12.778 1.0000000000
47084  30.254  -45.178  -12.808 1.0000000000
48229  29.776  -44.492  -13.023 1.0000000000
48243  29.083  -44.495  -13.652 1.0000000000
47104  28.641  -44.970  -14.197 1.0000000000
48244  28.320  -44.217  -14.039 1.0000000000
48245  27.553  -44.010  -14.228 1.0000000000
48246  26.784  -43.831  -14.359 1.0000000000
48255  26.283  -44.367  -14.801 0.8999999762
48254  27.065  -44.619  -14.607 0.8999999762
143518  24.607  -45.047  -15.346 0.8999999762
47122  22.776  -44.474  -15.594 0.8999999762
49376  22.030  -43.359  -16.408 0.8999999762
48273  27.881  -44.843  -16.396 0.6000000238
48285  26.930  -44.937  -16.835 0.6000000238
48286  25.986  -44.776  -17.262 0.6000000238
47156  25.525  -45.291  -17.706 0.6000000238
48288  24.085  -44.202  -17.974 0.8000000119
49393  22.566  -43.324  -17.123 0.8000000119
145009  30.102  -48.302  -7.625 0.8999999762
44896  28.762  -47.586  -7.521 0.6999999881
44912  26.447  -47.379  -8.181 0.6000000238
45930  26.764  -46.774  -7.890 0.6000000238
44908  31.766  -47.450  -8.936 0.8999999762
47045  25.568  -46.308  -8.126 0.6000000238
45945  24.828  -46.382  -8.618 0.5000000000
43785  31.498  -48.248  -10.316 1.0000000000
44923  31.721  -47.463  -9.898 0.8999999762
45976  31.600  -46.720  -11.289 1.0000000000
139526  31.466  -45.980  -11.628 1.0000000000
47083  30.792  -45.811  -12.338 1.0000000000
141099  30.746  -45.048  -12.304 1.0000000000
48228  30.439  -44.478  -12.498 1.0000000000
138776  30.007  -43.780  -12.604 1.0000000000
49338  29.258  -43.785  -13.074 1.0000000000
49339  28.661  -43.803  -13.516 1.0000000000
49340  26.456  -43.037  -14.222 1.0000000000
49341  25.449  -43.138  -14.747 0.8999999762
146690  24.841  -43.627  -15.100 0.8999999762
49354  23.352  -43.132  -15.276 0.8999999762
129749  23.075  -41.491  -15.588 0.8999999762
150001  27.682  -43.404  -15.941 0.6000000238
48274  27.005  -44.236  -16.558 0.6000000238
49390  25.643  -44.012  -17.260 0.6000000238
49375  25.500  -43.079  -17.284 0.6999999881
135626  24.622  -42.938  -17.564 0.6999999881
49392  23.691  -43.280  -17.616 0.6999999881
50352  22.313  -42.832  -16.676 0.8000000119
50336  22.081  -42.749  -16.176 0.8999999762
48272  28.760  -44.437  -16.273 0.6000000238
144342  24.308  -41.653  -17.381 0.6999999881
50351  22.969  -42.606  -17.172 0.8000000119
50335  22.653  -42.250  -16.548 0.8999999762
45929  27.487  -46.767  -7.650 0.6999999881
47030  26.389  -46.237  -7.835 0.6000000238
44909  31.333  -47.402  -7.991 0.8999999762
44910  30.367  -47.608  -7.528 0.8000000119
45927  29.445  -46.980  -7.370 0.6999999881
45941  32.035  -46.648  -8.428 0.8000000119
45964  31.880  -46.757  -10.433 1.0000000000
45951  32.096  -46.769  -9.482 0.8000000119
47071  32.543  -45.293  -10.508 0.8999999762
45963  32.437  -46.129  -10.050 0.8000000119
138251  31.947  -45.355  -11.307 1.0000000000
48213  31.679  -44.748  -11.641 1.0000000000
48227  31.111  -44.544  -12.055 1.0000000000
49325  30.839  -43.826  -12.282 1.0000000000
139986  30.752  -42.388  -12.523 1.0000000000
136885  29.476  -43.094  -12.725 1.0000000000
49326  28.592  -43.112  -13.163 1.0000000000
135109  28.008  -43.520  -13.732 1.0000000000
129657  27.064  -42.729  -13.771 1.0000000000
50306  25.783  -42.417  -14.318 0.8999999762
50315  24.836  -42.391  -14.699 0.8999999762
49353  24.271  -42.984  -14.998 0.8999999762
137434  23.442  -41.787  -15.021 0.8999999762
49374  26.260  -43.680  -16.814 0.6000000238
50349  24.965  -42.285  -17.448 0.6999999881
50324  22.676  -42.029  -16.005 0.8999999762
49361  29.262  -43.080  -15.708 0.6000000238
49372  28.530  -43.655  -15.910 0.6000000238
51302  25.190  -41.523  -17.142 0.6999999881
134546  23.703  -41.022  -17.167 0.6999999881
45928  28.336  -46.851  -7.478 0.6999999881
47029  27.159  -46.159  -7.675 0.6000000238
45942  30.572  -46.795  -7.400 0.8000000119
140069  28.822  -46.141  -7.405 0.6999999881
143245  27.927  -46.145  -7.537 0.6999999881
45940  32.403  -45.860  -8.357 0.6999999881
146496  31.409  -46.591  -7.699 0.8000000119
143961  32.751  -45.517  -9.644 0.6999999881
48196  33.057  -44.850  -9.759 0.6999999881
49308  32.784  -43.756  -11.258 0.8000000119
50278  32.957  -42.897  -11.591 0.8000000119
49309  31.787  -43.993  -11.834 0.8000000119
50291  32.452  -42.550  -12.157 0.8000000119
151386  31.994  -42.801  -12.281 0.8999999762
50292  31.738  -42.247  -12.482 0.8999999762
153274  30.393  -41.957  -12.705 1.0000000000
51249  29.288  -41.747  -12.866 1.0000000000
50304  27.362  -42.157  -13.506 1.0000000000
51259  27.403  -41.375  -13.507 1.0000000000
153211  28.958  -41.423  -12.985 1.0000000000
50295  28.217  -42.353  -13.233 1.0000000000
50305  26.559  -42.305  -13.859 1.0000000000
147331  26.262  -41.118  -14.032 1.0000000000
51271  25.254  -41.910  -14.435 0.8999999762
143540  25.289  -41.182  -14.472 0.8999999762
51272  24.286  -41.656  -14.656 0.8999999762
51273  23.494  -40.995  -15.100 0.8999999762
50323  28.226  -42.084  -15.586 0.6000000238
133327  27.118  -42.805  -16.037 0.6000000238
142179  26.327  -42.888  -16.648 0.6000000238
51288  25.969  -41.402  -16.664 0.6999999881
153525  23.069  -40.719  -15.673 0.8999999762
52401  22.899  -40.233  -16.066 0.8999999762
142449  25.236  -40.000  -16.943 0.6999999881
51303  24.564  -40.918  -17.246 0.6999999881
52416  23.356  -40.329  -16.649 0.8999999762
53642  22.999  -39.575  -16.165 0.8999999762
45926  30.901  -45.967  -7.317 0.6999999881
140907  29.841  -46.058  -7.260 0.6000000238
145847  28.627  -44.930  -7.414 0.6000000238
138063  26.829  -45.534  -7.655 0.6000000238
135235  32.289  -45.271  -7.882 0.6999999881
47026  30.189  -45.091  -7.259 0.6000000238
147408  32.910  -45.147  -8.754 0.6999999881
48203  33.371  -44.213  -9.891 0.6999999881
49299  33.384  -43.706  -10.441 0.6999999881
50290  33.173  -42.092  -11.907 0.8000000119
137390  32.479  -41.919  -12.370 0.8000000119
51247  32.008  -41.288  -12.706 0.8000000119
51248  30.937  -41.571  -12.785 0.8000000119
151136  30.045  -41.563  -12.893 1.0000000000
52363  28.479  -40.405  -13.450 1.0000000000
52346  27.973  -41.045  -13.347 1.0000000000
153323  26.907  -41.044  -13.707 1.0000000000
53594  27.871  -39.679  -13.655 1.0000000000
52364  27.493  -40.545  -13.584 1.0000000000
53596  26.391  -39.564  -14.170 1.0000000000
54788  25.732  -38.792  -14.412 1.0000000000
53607  25.298  -39.557  -14.512 1.0000000000
143430  24.298  -40.887  -14.740 0.8999999762
50333  26.514  -42.086  -16.296 0.6000000238
52380  23.169  -40.085  -15.490 0.8999999762
51278  28.953  -41.723  -15.533 0.6000000238
50332  27.402  -42.067  -15.801 0.6000000238
51287  26.837  -41.216  -15.999 0.6999999881
53616  22.917  -39.291  -15.681 0.8999999762
52399  26.172  -40.707  -16.419 0.6999999881
53640  24.561  -39.588  -17.069 0.6999999881
54838  23.196  -39.074  -16.299 0.8999999762
140112  28.488  -44.339  -7.430 0.5000000000
48187  31.371  -45.204  -7.414 0.6000000238
136819  29.963  -44.114  -7.268 0.5000000000
133091  33.023  -44.172  -8.395 0.6999999881
148381  32.610  -44.648  -8.032 0.6999999881
49273  33.449  -43.484  -8.754 0.6999999881
49291  33.572  -43.583  -9.616 0.6999999881
50277  33.650  -42.533  -11.181 0.6999999881
51232  33.948  -41.794  -11.462 0.6999999881
51246  32.959  -41.371  -12.406 0.8000000119
52341  32.690  -40.657  -12.783 0.8000000119
52360  32.362  -40.049  -13.285 0.8000000119
148942  31.977  -40.563  -13.033 0.8000000119
53592  31.858  -39.432  -13.781 0.8000000119
145054  31.579  -40.124  -13.425 0.8000000119
53593  30.515  -39.584  -13.758 0.8999999762
148030  29.276  -40.070  -13.534 1.0000000000
140444  31.076  -39.124  -14.023 0.8000000119
150347  29.711  -39.456  -13.745 0.8999999762
139524  28.771  -39.361  -13.658 1.0000000000
54785  28.034  -38.845  -13.836 1.0000000000
53595  27.267  -39.160  -13.959 1.0000000000
54803  24.704  -38.808  -14.583 0.8999999762
52379  23.781  -40.195  -14.972 0.8999999762
53609  23.229  -39.359  -15.192 0.8999999762
54789  24.356  -38.154  -14.659 0.8999999762
54805  23.123  -38.168  -15.369 0.8999999762
52387  28.499  -40.854  -15.730 0.6000000238
141659  25.902  -40.054  -16.515 0.6999999881
54837  23.879  -38.875  -16.793 0.8000000119
54823  23.136  -38.314  -16.163 0.8999999762
143846  29.416  -41.081  -15.661 0.6000000238
53627  26.446  -39.340  -16.391 0.6999999881
53628  25.514  -39.373  -16.796 0.6999999881
55987  23.473  -37.484  -16.299 0.8000000119
55969  23.206  -37.421  -15.798 0.8999999762
54836  24.950  -38.592  -17.053 0.6999999881
55988  23.202  -37.468  -15.885 0.8999999762
49247  31.548  -43.742  -7.417 0.5000000000
147059  29.752  -43.369  -7.304 0.5000000000
49274  32.926  -43.331  -8.031 0.6999999881
50218  31.183  -42.930  -7.401 0.5000000000
50268  34.219  -42.124  -9.787 0.6999999881
50258  33.847  -42.801  -9.263 0.6999999881
50276  34.154  -42.033  -10.672 0.6999999881
52339  34.368  -40.485  -12.145 0.6999999881
51245  33.626  -41.457  -12.053 0.6999999881
52359  33.220  -40.029  -13.020 0.8000000119
53591  32.801  -39.418  -13.539 0.8000000119
54782  31.650  -38.771  -14.164 0.8000000119
54783  30.274  -38.875  -14.051 0.8000000119
144695  29.402  -38.705  -13.979 0.8999999762
54784  28.683  -38.578  -13.967 1.0000000000
54786  27.441  -38.398  -14.190 1.0000000000
54787  26.632  -38.628  -14.267 1.0000000000
55930  30.986  -38.267  -14.353 0.8000000119
55931  29.962  -38.109  -14.402 0.8000000119
55932  28.202  -38.067  -14.232 0.8999999762
55934  26.867  -37.840  -14.369 1.0000000000
55935  25.890  -37.913  -14.364 1.0000000000
55953  28.073  -37.260  -14.496 0.8999999762
55956  25.381  -37.080  -14.515 1.0000000000
55936  24.941  -37.675  -14.535 1.0000000000
55957  24.452  -37.032  -14.704 1.0000000000
57053  23.347  -36.388  -15.674 0.8999999762
52398  26.882  -40.188  -16.088 0.6999999881
57044  23.859  -36.290  -15.005 0.8999999762
52397  28.028  -40.099  -15.876 0.6000000238
53626  27.589  -39.223  -16.106 0.6000000238
149591  23.223  -35.791  -15.848 0.8999999762
149879  26.943  -38.526  -16.392 0.6999999881
54821  25.997  -38.617  -16.666 0.6999999881
151194  25.662  -37.949  -16.872 0.6999999881
132724  24.193  -37.073  -16.747 0.6999999881
57056  23.375  -36.518  -16.141 0.8000000119
138663  25.120  -36.658  -17.191 0.6999999881
130987  23.224  -35.702  -15.910 0.8000000119
59088  23.283  -34.536  -15.977 0.8999999762
132754  24.289  -36.004  -16.745 0.6999999881
129645  32.437  -43.956  -7.769 0.6000000238
49275  32.115  -43.170  -7.573 0.5000000000
50241  34.090  -41.991  -8.898 0.6999999881
50242  33.388  -42.503  -8.357 0.5000000000
51220  34.518  -41.391  -10.254 0.6999999881
51231  34.483  -41.296  -11.065 0.6999999881
52299  34.766  -40.785  -9.829 0.6999999881
52325  34.738  -40.624  -11.507 0.6999999881
145600  34.928  -39.350  -12.501 0.6999999881
53574  34.202  -39.820  -12.714 0.6999999881
152000  34.524  -39.254  -12.834 0.6999999881
53589  34.131  -39.045  -13.187 0.6999999881
53590  33.567  -39.420  -13.253 0.8000000119
54781  32.394  -38.780  -14.026 0.8000000119
54800  33.573  -38.017  -14.097 0.8000000119
54802  31.945  -38.159  -14.387 0.8000000119
57035  32.782  -36.812  -14.793 0.8000000119
57037  31.092  -36.636  -14.915 0.8000000119
55952  29.597  -37.320  -14.586 0.8000000119
137463  28.453  -36.547  -14.782 0.8999999762
57040  27.628  -36.473  -14.746 0.8999999762
55955  26.335  -37.136  -14.507 1.0000000000
141946  31.007  -35.972  -15.319 0.8000000119
57038  30.010  -36.687  -14.836 0.8000000119
57043  24.793  -36.306  -14.677 1.0000000000
57042  25.798  -36.375  -14.670 1.0000000000
54819  28.661  -38.629  -16.198 0.6000000238
58032  24.206  -35.524  -14.930 1.0000000000
55985  26.521  -37.850  -16.664 0.6999999881
56007  26.020  -37.101  -16.929 0.6999999881
58033  23.457  -35.495  -15.482 0.8999999762
144373  23.860  -34.947  -15.230 1.0000000000
149596  25.935  -36.311  -17.213 0.6999999881
57063  25.325  -35.731  -17.307 0.8000000119
58057  24.004  -35.038  -16.691 0.8000000119
52314  34.957  -40.643  -10.692 0.6999999881
53542  35.377  -39.410  -10.280 0.6999999881
52324  35.217  -40.052  -11.316 0.6999999881
53573  35.325  -39.388  -11.840 0.6999999881
54764  35.447  -38.607  -12.446 0.6999999881
54778  35.200  -38.113  -13.221 0.6999999881
55947  34.137  -37.433  -14.209 0.6999999881
55929  34.841  -37.658  -13.749 0.6999999881
55948  33.205  -37.450  -14.475 0.8000000119
57048  32.446  -36.221  -15.123 0.8000000119
57047  33.152  -36.184  -15.019 0.8000000119
57049  31.697  -36.112  -15.238 0.8000000119
57052  28.869  -35.916  -15.171 0.8999999762
58028  28.033  -35.831  -15.093 0.8999999762
58042  29.329  -35.262  -15.524 0.8000000119
58043  28.448  -35.206  -15.460 0.8999999762
58029  27.164  -35.764  -15.042 0.8999999762
54820  27.777  -38.363  -16.323 0.6000000238
59086  27.983  -34.604  -15.829 0.8999999762
144984  27.081  -34.496  -15.770 0.8999999762
58031  25.220  -35.578  -14.816 1.0000000000
55983  28.308  -37.776  -16.582 0.6000000238
131235  24.652  -34.765  -15.114 0.8999999762
57062  26.734  -36.382  -17.250 0.6999999881
59071  24.633  -33.915  -15.455 0.8999999762
58056  24.966  -34.827  -17.370 0.8000000119
59099  23.469  -34.420  -16.236 0.8999999762
60161  23.877  -33.200  -16.032 0.8000000119
53563  35.525  -39.397  -11.064 0.6999999881
54756  35.692  -38.676  -11.545 0.6999999881
55918  35.854  -37.727  -12.810 0.6999999881
57033  34.381  -36.677  -14.468 0.6999999881
55946  34.976  -37.044  -14.136 0.6999999881
58041  30.410  -35.372  -15.621 0.8000000119
59084  29.697  -34.619  -16.021 0.8000000119
59096  29.140  -34.074  -16.345 0.8000000119
59087  26.170  -34.353  -15.499 0.8999999762
55984  27.422  -37.769  -16.589 0.6000000238
59097  28.356  -34.120  -16.316 0.8000000119
149573  27.982  -33.638  -16.632 0.8999999762
60159  26.513  -33.650  -16.027 0.8999999762
149318  25.352  -34.316  -15.300 0.8999999762
56005  27.960  -37.121  -17.127 0.6000000238
56006  27.064  -37.091  -16.938 0.6999999881
60160  25.504  -33.683  -15.606 0.8999999762
58055  25.869  -35.084  -17.565 0.6999999881
61229  24.040  -32.555  -15.991 0.8000000119
59108  24.960  -33.846  -17.556 0.6999999881
60176  24.039  -33.022  -16.196 0.8000000119
54763  36.027  -37.971  -12.027 0.6999999881
152675  36.247  -36.485  -13.474 0.6999999881
57032  35.759  -36.578  -13.888 0.6999999881
59083  31.120  -34.883  -15.895 0.8000000119
145049  30.558  -34.478  -16.184 0.8000000119
59095  29.905  -33.879  -16.581 0.8000000119
60174  28.739  -33.503  -16.708 0.8000000119
59098  27.523  -34.021  -16.254 0.8999999762
60175  27.294  -33.265  -16.569 0.8999999762
57061  27.597  -36.442  -17.520 0.6000000238
61248  26.429  -32.687  -16.435 0.8999999762
58054  27.223  -35.731  -17.778 0.6999999881
58072  26.718  -34.865  -17.906 0.6999999881
61227  25.488  -32.019  -16.293 0.8999999762
59127  25.541  -33.648  -18.174 0.6999999881
154450  24.278  -32.452  -17.282 0.8000000119
62312  24.133  -31.838  -16.207 0.8000000119
61283  25.302  -32.163  -18.225 0.6999999881
62354  24.007  -31.630  -17.075 0.8000000119
61249  24.039  -32.337  -16.230 0.8000000119
61266  24.352  -31.927  -17.541 0.8000000119
55917  36.370  -37.126  -12.365 0.6999999881
57028  36.623  -36.333  -13.013 0.6000000238
144153  28.535  -36.406  -17.715 0.6000000238
61265  28.852  -32.737  -17.129 0.8000000119
61247  27.269  -32.432  -16.986 0.8999999762
58053  27.985  -35.879  -18.187 0.6000000238
133799  26.278  -31.005  -16.876 0.8999999762
59126  26.347  -33.979  -18.392 0.8000000119
62310  25.518  -31.214  -16.562 0.8999999762
62336  24.393  -31.173  -16.674 0.8000000119
61282  26.124  -32.271  -18.630 0.6999999881
62353  24.434  -31.243  -17.393 0.8000000119
63480  24.903  -30.254  -17.006 0.8000000119
58071  27.667  -35.117  -18.291 0.6999999881
61246  28.163  -32.177  -17.284 0.8000000119
59150  27.807  -33.892  -19.136 0.5000000000
60211  26.940  -33.534  -18.870 0.6000000238
60212  25.872  -33.093  -18.666 0.6999999881
63479  25.508  -30.340  -16.872 0.8000000119
62383  26.702  -31.813  -18.884 0.6000000238
63519  26.345  -30.742  -18.903 0.6000000238
63503  25.315  -30.541  -18.351 0.6999999881
63504  25.124  -29.781  -18.166 0.8000000119
137736  24.918  -30.848  -16.618 0.8000000119
63520  25.652  -29.770  -18.624 0.6000000238
62334  27.300  -31.395  -17.252 0.8000000119
63477  27.735  -30.444  -17.445 0.8000000119
63478  26.604  -30.378  -17.169 0.8999999762
61303  28.198  -32.601  -19.662 0.6000000238
65745  25.426  -28.414  -17.575 0.8000000119
64637  25.346  -29.602  -17.134 0.8000000119
64636  25.982  -29.709  -16.964 0.8000000119
64678  25.464  -28.760  -18.231 0.6000000238
131351  28.732  -30.319  -17.650 0.8000000119
64635  26.915  -29.557  -17.446 0.8000000119
61304  27.460  -32.268  -19.339 0.6000000238
63518  27.268  -30.475  -19.545 0.6000000238
65725  25.504  -28.811  -17.384 0.8000000119
130343  26.536  -29.860  -19.082 0.6000000238
66765  24.993  -26.813  -18.215 0.6999999881
65743  25.924  -27.499  -17.549 0.8000000119
65758  26.367  -27.972  -19.191 0.6000000238
66774  24.952  -26.349  -18.917 0.6000000238
66764  25.206  -26.088  -18.392 0.6999999881
64676  27.146  -29.369  -19.589 0.6000000238
141857  29.354  -29.183  -18.061 0.8000000119
64653  28.016  -29.615  -17.641 0.8000000119
137009  28.015  -31.893  -19.679 0.6000000238
143680  28.863  -29.640  -17.837 0.8000000119
62389  29.293  -31.623  -20.187 0.5000000000
66751  26.075  -26.480  -17.977 0.8000000119
65742  27.363  -27.787  -17.895 0.8000000119
63527  28.913  -30.744  -20.250 0.6000000238
62381  28.198  -31.166  -19.888 0.6000000238
67735  25.894  -26.021  -18.417 0.6000000238
63526  29.710  -30.737  -20.239 0.5000000000
64691  28.718  -29.837  -20.331 0.6000000238
129525  28.466  -28.959  -20.237 0.6000000238
132135  25.379  -26.766  -19.263 0.6000000238
64690  29.359  -29.366  -20.430 0.6000000238
65772  27.990  -27.912  -19.977 0.6000000238
66789  27.518  -26.788  -19.666 0.6000000238
67770  27.179  -25.920  -19.360 0.6000000238
65741  28.803  -28.184  -18.143 0.8000000119
65740  30.095  -28.620  -18.274 0.8000000119
67732  30.189  -26.999  -18.571 0.6999999881
66749  29.381  -27.358  -18.398 0.6999999881
132049  29.407  -30.122  -20.378 0.6000000238
67747  26.103  -25.842  -18.758 0.6000000238
67734  26.954  -25.980  -18.627 0.6000000238
65770  30.059  -28.783  -20.563 0.5000000000
67754  27.640  -25.339  -19.351 0.6000000238
66787  30.284  -27.960  -20.646 0.5000000000
66788  28.830  -27.403  -20.345 0.6000000238
67769  28.235  -26.046  -20.011 0.6000000238
140544  30.775  -28.402  -20.508 0.5000000000
67731  31.045  -27.119  -18.627 0.6999999881
144242  29.333  -26.301  -18.623 0.6000000238
67746  28.212  -25.507  -18.906 0.6000000238
67733  28.358  -26.348  -18.501 0.6000000238
68741  28.751  -24.672  -19.788 0.6000000238
143640  29.341  -25.641  -18.935 0.6000000238
67766  31.294  -26.992  -20.853 0.5000000000
67768  29.325  -26.679  -20.599 0.6000000238
67787  29.005  -25.686  -20.546 0.6000000238
153380  27.749  -25.238  -19.357 0.6000000238
69723  29.524  -24.637  -19.695 0.6000000238
67767  30.337  -27.063  -20.756 0.6000000238
67785  30.648  -26.225  -21.103 0.6000000238
143689  31.732  -27.597  -20.678 0.5000000000
67783  33.066  -26.390  -21.587 0.4000000060
141913  32.313  -26.161  -21.525 0.5000000000
142708  30.795  -25.648  -19.055 0.6000000238
68770  29.457  -24.638  -21.056 0.6000000238
69738  28.904  -24.434  -20.104 0.6000000238
69722  30.634  -24.786  -19.450 0.6000000238
145018  29.967  -25.351  -21.261 0.6000000238
69760  30.039  -24.324  -21.476 0.6000000238
67784  31.565  -26.236  -21.287 0.5000000000
68769  30.856  -25.343  -21.443 0.6000000238
68767  32.696  -25.550  -21.947 0.5000000000
68766  33.559  -25.788  -21.956 0.4000000060
147904  33.227  -25.379  -22.253 0.4000000060
70682  29.776  -23.497  -21.048 0.6000000238
69736  30.050  -24.072  -20.153 0.5000000000
69721  31.737  -24.651  -19.478 0.5000000000
68738  31.607  -25.543  -19.143 0.5000000000
69761  29.521  -23.983  -21.092 0.6000000238
70681  30.135  -23.106  -21.098 0.5000000000
69759  31.057  -24.448  -21.777 0.6000000238
69758  31.992  -24.674  -22.145 0.5000000000
68782  32.872  -24.921  -22.476 0.4000000060
70690  29.913  -23.609  -21.391 0.6000000238
70688  30.749  -22.858  -21.625 0.5000000000
69772  32.314  -24.027  -22.643 0.4000000060
141364  31.338  -23.619  -22.213 0.6000000238
70698  30.868  -22.948  -22.057 0.6000000238
71569  31.531  -22.601  -21.588 0.4000000060
69781  33.837  -23.886  -23.178 0.4000000060
70696  32.847  -23.448  -22.917 0.4000000060
71556  31.797  -22.688  -21.016 0.4000000060
70697  31.936  -23.011  -22.454 0.4000000060
71577  31.547  -22.675  -22.090 0.4000000060
69780  34.931  -24.182  -23.261 0.4000000060
71583  32.323  -22.422  -22.501 0.4000000060
70664  33.726  -23.747  -19.803 0.4000000060
70665  32.776  -23.546  -19.926 0.4000000060
71576  32.193  -22.373  -22.077 0.4000000060
71587  33.937  -22.230  -23.414 0.4000000060
71582  32.598  -22.480  -22.882 0.4000000060
131831  33.656  -21.628  -23.250 0.4000000060
72511  32.681  -21.994  -22.618 0.4000000060
71554  33.415  -23.014  -20.275 0.4000000060
71566  33.964  -22.483  -20.684 0.4000000060
71567  33.086  -22.425  -20.772 0.4000000060
133182  34.679  -21.694  -23.518 0.3000000119
72510  33.203  -21.598  -22.280 0.4000000060
71568  32.422  -22.364  -21.342 0.4000000060
71565  34.760  -22.410  -20.345 0.4000000060
131209  33.333  -21.927  -21.403 0.4000000060
46057  22.051  -46.383  -17.089 0.8000000119
46032  22.024  -47.358  -16.618 0.8999999762
44992  22.817  -47.070  -16.056 0.8999999762
44993  22.179  -47.524  -16.356 0.8999999762
133701  22.650  -48.445  -16.301 0.8999999762
44977  28.492  -47.133  -15.175 0.8999999762
46013  28.768  -46.394  -14.760 1.0000000000
46003  29.123  -45.688  -14.209 1.0000000000
149869  25.036  -48.751  -16.329 0.8999999762
44989  26.783  -47.353  -15.772 0.8999999762
46015  26.864  -46.035  -15.302 0.8999999762
47117  28.277  -45.599  -14.649 1.0000000000
43834  24.434  -48.190  -16.199 0.8999999762
46027  26.315  -46.651  -15.592 0.8999999762
46016  25.947  -45.856  -15.414 0.8999999762
47118  27.408  -45.431  -14.890 1.0000000000
148224  23.697  -46.915  -15.835 0.8999999762
47120  25.558  -44.915  -15.252 0.8999999762
69735  30.913  -23.923  -19.867 0.4000000060
155095  31.143  -23.418  -20.342 0.4000000060
138012  31.863  -23.834  -19.849 0.4000000060
131580  32.798  -24.482  -19.522 0.4000000060
131765  28.691  -55.238  -11.526 0.8999999762
36257  26.276  -55.231  -16.468 0.8000000119
37303  26.340  -54.963  -10.102 0.8999999762
38402  29.475  -53.484  -12.469 1.0000000000
37374  26.281  -54.373  -16.625 0.8000000119
40453  29.793  -52.080  -10.205 0.8999999762
40519  28.343  -51.229  -15.646 0.8999999762
145738  26.810  -52.835  -16.475 0.8000000119
40535  25.171  -51.208  -16.883 0.8000000119
40536  24.232  -51.105  -16.999 0.8000000119
42690  29.989  -49.680  -14.131 1.0000000000
41609  25.647  -50.494  -16.677 0.8999999762
136100  23.476  -48.369  -16.254 0.8999999762
141311  23.151  -49.145  -16.403 0.8000000119
43831  28.221  -48.831  -15.697 0.8999999762
46028  25.353  -46.556  -15.649 0.8999999762
41494  27.831  -50.282  -8.104 1.0000000000
44925  24.483  -47.486  -9.983 0.6000000238
45965  23.072  -47.103  -10.588 0.4000000060
45954  23.549  -46.758  -10.287 0.4000000060
46014  27.801  -46.364  -15.133 0.8999999762
45042  22.284  -47.606  -17.716 0.6999999881
48275  22.304  -44.061  -16.855 0.8000000119
42634  30.350  -49.383  -8.295 0.8999999762
46030  23.091  -46.168  -15.762 0.8999999762
140028  24.611  -47.085  -18.494 0.6000000238
130121  22.162  -45.415  -16.421 0.8999999762
44897  27.745  -47.497  -7.586 0.6999999881
47052  23.706  -46.185  -9.623 0.4000000060
46029  24.293  -46.389  -15.628 0.8999999762
48259  22.261  -43.924  -15.809 0.8999999762
49363  21.946  -43.313  -15.972 0.8999999762
48287  25.100  -44.484  -17.727 0.6999999881
49391  24.792  -43.652  -17.659 0.6999999881
43757  30.843  -48.189  -7.977 0.8999999762
47119  26.544  -45.198  -15.082 0.8999999762
49352  26.128  -43.669  -14.610 0.8999999762
48256  25.531  -44.006  -14.959 0.8999999762
47130  24.967  -45.736  -15.446 0.8999999762
50317  23.009  -42.407  -15.446 0.8999999762
134113  25.966  -45.622  -7.676 0.5000000000
47061  32.086  -46.083  -10.916 1.0000000000
152711  23.563  -42.699  -15.058 0.8999999762
45950  32.538  -46.059  -9.119 0.6999999881
48204  32.977  -44.430  -10.519 0.8000000119
48212  32.364  -44.631  -11.227 0.8999999762
52400  25.396  -40.701  -16.875 0.6999999881
52389  22.915  -40.073  -15.825 0.8999999762
53641  23.645  -39.630  -16.783 0.8000000119
48166  27.982  -44.883  -7.511 0.6000000238
47044  31.829  -45.970  -7.734 0.8000000119
47027  29.159  -45.376  -7.337 0.6000000238
48185  33.349  -44.286  -9.153 0.6999999881
49307  33.344  -43.171  -10.965 0.6999999881
52362  30.024  -40.198  -13.524 1.0000000000
52366  25.823  -40.382  -14.303 1.0000000000
144359  22.862  -38.910  -15.671 0.8999999762
48165  29.245  -44.603  -7.335 0.6000000238
139543  27.737  -44.237  -7.501 0.5000000000
50269  33.777  -42.870  -10.274 0.6999999881
52361  30.828  -40.203  -13.474 0.8999999762
49249  29.113  -43.809  -7.360 0.5000000000
52340  33.636  -40.727  -12.454 0.8000000119
55958  23.630  -37.280  -15.241 0.8999999762
50243  32.521  -42.505  -7.716 0.6000000238
50217  31.770  -41.739  -7.650 0.5000000000
51206  34.451  -41.418  -9.411 0.6999999881
150756  28.825  -37.225  -14.551 0.8999999762
55950  31.477  -37.435  -14.623 0.8000000119
151353  30.519  -36.704  -14.846 0.8000000119
60162  23.477  -34.007  -15.904 0.8999999762
51191  32.799  -41.706  -7.787 0.5000000000
51207  34.173  -41.281  -8.749 0.6999999881
54779  34.303  -38.262  -13.600 0.6999999881
57034  33.607  -36.757  -14.648 0.8000000119
57039  29.246  -36.614  -14.829 0.8999999762
58044  27.578  -35.157  -15.431 0.8999999762
59107  25.753  -34.374  -17.861 0.8000000119
59109  24.247  -34.137  -16.828 0.8000000119
55928  35.503  -37.374  -13.528 0.6999999881
59082  31.860  -34.828  -15.847 0.8000000119
61228  24.549  -32.190  -15.983 0.8999999762
131347  28.036  -33.017  -16.997 0.8999999762
55905  36.303  -37.453  -11.621 0.6000000238
62365  25.788  -31.474  -18.489 0.6999999881
65751  24.940  -27.860  -17.982 0.6999999881
64677  26.115  -28.855  -18.833 0.6000000238
65759  25.279  -27.361  -18.566 0.6000000238
66752  25.230  -26.740  -17.869 0.8000000119
66773  25.465  -26.095  -18.985 0.6000000238
66750  27.843  -27.005  -18.260 0.6999999881
65771  29.103  -28.471  -20.414 0.6000000238
68761  28.419  -25.081  -20.114 0.6000000238
145059  29.732  -27.488  -20.643 0.6000000238
69737  29.463  -23.975  -20.138 0.6000000238
152595  33.299  -24.088  -19.659 0.4000000060
70666  31.837  -23.213  -20.476 0.4000000060
71553  34.416  -23.173  -19.987 0.4000000060
72514  33.223  -21.681  -22.825 0.4000000060
43835  22.684  -47.827  -16.187 0.8999999762
147534  22.248  -63.091  -10.977 0.4000000060
28122  21.731  -62.066  -10.498 0.4000000060
142576  19.807  -62.914  -10.161 0.4000000060
29326  22.624  -61.701  -12.079 0.4000000060
29305  21.431  -61.490  -10.313 0.4000000060
29306  20.721  -61.555  -10.193 0.4000000060
29324  23.900  -61.220  -12.725 0.3000000119
29304  22.063  -61.368  -10.628 0.4000000060
30481  24.110  -61.080  -13.487 0.4000000060
31684  24.876  -59.986  -14.825 0.4000000060
31692  24.363  -59.477  -15.612 0.4000000060
32893  24.196  -58.708  -16.357 0.4000000060
149045  21.664  -60.857  -10.340 0.5000000000
30432  21.085  -60.838  -10.134 0.4000000060
149125  24.152  -60.625  -11.479 0.4000000060
30454  22.676  -60.842  -10.971 0.4000000060
30480  24.916  -60.645  -13.513 0.5000000000
31683  25.574  -59.632  -14.390 0.4000000060
31691  25.262  -59.193  -15.187 0.4000000060
32886  24.948  -58.652  -15.909 0.5000000000
34036  24.727  -58.016  -16.486 0.5000000000
133442  24.400  -57.296  -16.919 0.6000000238
34038  23.289  -57.884  -17.212 0.5000000000
35166  23.090  -57.130  -17.346 0.6000000238
35175  22.241  -56.957  -17.520 0.4000000060
31626  21.543  -60.127  -10.248 0.5000000000
30433  20.703  -60.168  -10.167 0.5000000000
128932  19.731  -60.189  -10.485 0.5000000000
31629  18.922  -59.766  -10.938 0.5000000000
30452  24.795  -60.215  -11.554 0.6000000238
128993  22.956  -60.122  -10.777 0.6000000238
31657  25.723  -59.935  -12.565 0.5000000000
31645  26.110  -59.278  -12.218 0.6000000238
31671  25.653  -60.020  -13.465 0.5000000000
32872  25.958  -58.850  -14.719 0.5000000000
32885  25.658  -58.436  -15.506 0.4000000060
34029  25.344  -58.040  -16.105 0.6000000238
34035  25.267  -57.295  -16.484 0.6000000238
35164  24.724  -56.641  -16.911 0.6000000238
36259  24.657  -55.778  -17.081 0.6000000238
36260  23.832  -55.556  -17.378 0.6000000238
131096  23.420  -54.924  -17.493 0.6000000238
35165  23.808  -56.480  -17.277 0.6000000238
36261  22.973  -55.677  -17.536 0.6000000238
151556  22.645  -54.880  -17.604 0.6000000238
36262  21.938  -55.287  -17.753 0.6000000238
31624  23.214  -59.358  -10.568 0.5000000000
131864  21.093  -59.465  -10.288 0.5000000000
31627  20.285  -59.507  -10.476 0.5000000000
31648  19.068  -59.014  -11.196 0.5000000000
31646  25.477  -59.764  -11.820 0.6000000238
31647  24.839  -59.376  -11.235 0.6000000238
31656  26.305  -59.424  -13.012 0.6000000238
32846  26.754  -58.814  -12.608 0.6000000238
32871  26.646  -58.509  -14.235 0.5000000000
32856  26.818  -58.780  -13.378 0.6000000238
32884  26.373  -58.134  -15.094 0.6000000238
34028  25.921  -57.684  -15.805 0.6000000238
130012  25.068  -54.960  -17.161 0.6000000238
37378  22.896  -54.216  -17.541 0.6000000238
38470  22.248  -53.444  -17.516 0.6999999881
32814  21.482  -58.791  -10.510 0.6000000238
32815  20.678  -58.804  -10.620 0.5000000000
32839  20.222  -58.134  -11.154 0.5000000000
133360  25.639  -58.908  -11.558 0.6000000238
31623  24.106  -59.018  -10.762 0.6000000238
32813  22.387  -58.836  -10.498 0.6000000238
33980  20.562  -57.277  -11.368 0.5000000000
33982  18.812  -57.498  -12.126 0.5000000000
33975  26.753  -57.826  -11.646 0.6000000238
34012  27.055  -57.796  -14.598 0.6000000238
143434  22.541  -52.644  -17.358 0.6999999881
135230  24.060  -58.133  -11.024 0.6000000238
130586  22.587  -58.010  -10.898 0.6000000238
33953  21.053  -58.056  -10.837 0.6000000238
32811  24.933  -58.374  -11.128 0.6000000238
153872  22.098  -57.648  -11.022 0.6000000238
33979  21.521  -57.277  -11.225 0.6000000238
35105  20.936  -56.492  -11.785 0.6000000238
134826  19.404  -56.806  -12.149 0.6000000238
33949  25.410  -57.538  -11.121 0.6000000238
33995  18.883  -56.576  -12.652 0.5000000000
32845  27.128  -58.217  -12.208 0.6000000238
35128  19.102  -55.773  -13.121 0.6000000238
143561  21.710  -51.881  -17.191 0.6999999881
33950  24.658  -57.559  -11.099 0.6000000238
35104  21.856  -56.391  -11.795 0.6000000238
33948  25.882  -56.929  -10.877 0.6000000238
35090  24.432  -56.718  -11.252 0.6000000238
33977  23.444  -56.740  -11.486 0.6000000238
35120  20.483  -55.939  -12.501 0.6000000238
33976  25.915  -57.985  -11.347 0.6000000238
36208  20.862  -55.206  -13.010 0.6000000238
33974  27.362  -57.665  -11.894 0.6000000238
35127  28.087  -56.888  -13.535 0.6000000238
40538  21.974  -51.078  -16.942 0.6999999881
135180  21.431  -50.149  -16.893 0.6999999881
149128  26.410  -57.303  -11.208 0.6000000238
35102  23.910  -55.987  -11.523 0.6999999881
154091  23.276  -55.925  -11.741 0.6999999881
35100  27.201  -57.195  -11.450 0.6000000238
42721  21.571  -49.249  -16.696 0.6999999881
35089  25.265  -56.271  -10.859 0.6999999881
35087  26.853  -56.561  -10.861 0.6999999881
35088  26.090  -56.249  -10.578 0.6999999881
36188  24.165  -55.272  -11.399 0.6999999881
36189  23.482  -55.314  -11.819 0.6999999881
36191  22.207  -55.650  -12.375 0.6000000238
36206  22.507  -54.972  -12.720 0.6999999881
37322  22.687  -54.415  -12.710 0.6000000238
36207  21.755  -55.067  -12.933 0.5000000000
45005  21.655  -47.903  -16.744 0.8000000119
36181  26.659  -55.732  -10.420 0.6999999881
36182  25.762  -55.559  -10.453 0.6999999881
37305  24.453  -54.525  -11.104 0.6999999881
37311  23.683  -54.470  -11.785 0.6999999881
38416  20.072  -53.859  -12.990 0.5000000000
142253  24.102  -53.688  -11.480 0.6999999881
139413  23.547  -53.680  -11.950 0.6000000238
38404  21.799  -53.717  -12.903 0.6000000238
60191  29.471  -33.224  -16.915 0.6999999881
151693  34.060  -35.969  -14.882 0.6999999881
58039  32.304  -35.534  -15.472 0.6999999881
59094  31.389  -34.263  -16.226 0.6999999881
136540  35.006  -36.222  -14.446 0.6000000238
58037  34.894  -35.248  -14.813 0.6000000238
129876  30.839  -33.709  -16.594 0.6999999881
134985  31.174  -32.954  -16.980 0.6999999881
61264  29.727  -32.405  -17.322 0.6999999881
141255  28.976  -32.028  -17.353 0.6999999881
58027  35.772  -35.724  -14.315 0.6000000238
59080  34.386  -34.562  -15.351 0.6000000238
59081  32.720  -34.750  -15.729 0.6999999881
60172  31.717  -33.506  -16.558 0.6999999881
58026  36.409  -35.216  -14.016 0.6000000238
61245  30.666  -32.358  -17.319 0.6999999881
62351  30.310  -31.690  -17.499 0.6999999881
64652  29.611  -30.059  -17.849 0.6999999881
59069  35.858  -34.827  -14.583 0.6000000238
59079  35.204  -34.345  -15.112 0.6000000238
60157  34.405  -33.378  -15.913 0.6000000238
60171  32.673  -33.197  -16.511 0.6999999881
153523  31.936  -32.806  -16.850 0.6999999881
148096  30.798  -31.229  -17.535 0.6999999881
63492  30.176  -30.846  -17.644 0.6999999881
141991  30.114  -29.483  -18.077 0.6999999881
59078  36.025  -34.002  -14.917 0.6000000238
61226  34.808  -32.744  -16.088 0.5000000000
60169  34.129  -32.798  -16.310 0.6000000238
62331  33.069  -31.548  -17.053 0.5000000000
62333  31.439  -31.300  -17.455 0.6999999881
64650  31.774  -29.326  -17.987 0.6999999881
137848  30.871  -29.372  -18.069 0.6999999881
70699  36.989  -23.370  -23.457 0.3000000119
153743  36.685  -22.985  -23.761 0.3000000119
70702  34.467  -23.222  -23.263 0.3000000119
26948  21.086  -63.781  -10.470 0.4000000060
26949  20.105  -63.628  -10.278 0.3000000119
26950  19.274  -63.457  -10.380 0.4000000060
28129  22.416  -62.400  -11.488 0.3000000119
133973  19.048  -62.797  -10.397 0.4000000060
29338  23.098  -61.520  -13.397 0.4000000060
152376  19.395  -61.707  -10.572 0.4000000060
30482  23.553  -61.194  -14.079 0.4000000060
30510  23.539  -60.145  -15.608 0.4000000060
31700  23.491  -59.416  -16.314 0.4000000060
34037  23.974  -57.965  -16.814 0.5000000000
34046  22.496  -57.752  -17.394 0.4000000060
30434  18.935  -60.592  -10.925 0.4000000060
36273  22.086  -56.157  -17.687 0.5000000000
31650  17.619  -59.768  -11.897 0.5000000000
37379  21.831  -54.283  -17.724 0.6000000238
32841  18.500  -58.486  -11.803 0.5000000000
32847  17.876  -58.001  -12.416 0.5000000000
39514  21.539  -52.630  -17.429 0.6000000238
33996  18.136  -57.109  -12.801 0.5000000000
35129  18.350  -56.279  -13.261 0.4000000060
141898  20.932  -51.980  -17.343 0.6999999881
36219  19.364  -54.988  -13.478 0.5000000000
42730  21.130  -49.304  -17.002 0.6999999881
36218  20.164  -54.679  -13.175 0.5000000000
43844  21.443  -48.478  -16.823 0.8000000119
43854  21.193  -48.942  -17.148 0.6999999881
38417  19.250  -53.154  -13.244 0.5000000000
38405  20.788  -53.380  -12.768 0.6000000238
52298  35.094  -40.123  -10.088 0.6000000238
58024  36.796  -35.500  -13.384 0.6000000238
60149  36.636  -33.634  -14.684 0.5000000000
61225  35.619  -32.644  -15.763 0.5000000000
62328  35.364  -31.280  -16.407 0.5000000000
135714  34.206  -30.952  -16.830 0.5000000000
64632  33.207  -30.049  -17.395 0.5000000000
64649  32.757  -29.190  -17.785 0.5000000000
66746  32.429  -27.887  -18.358 0.5000000000
72512  37.296  -22.040  -22.972 0.3000000119
71584  36.966  -22.520  -23.585 0.3000000119
149126  35.121  -22.593  -23.527 0.3000000119
33993  28.087  -57.082  -12.654 0.6000000238
32855  27.727  -57.621  -13.244 0.6000000238
32870  27.303  -58.148  -13.751 0.6000000238
141626  24.726  -53.714  -10.815 0.8000000119
38469  23.237  -53.457  -17.469 0.6999999881
39513  22.817  -51.841  -17.214 0.6999999881
41597  22.279  -49.612  -16.575 0.6999999881
58038  33.233  -35.454  -15.334 0.6999999881
63494  28.567  -31.246  -17.433 0.6999999881
66747  31.578  -27.899  -18.430 0.6000000238
70701  35.518  -23.584  -23.561 0.3000000119
44994  21.745  -48.037  -16.529 0.8000000119
143853  21.713  -48.893  -17.852 0.6999999881
59093  32.246  -34.080  -16.138 0.6999999881
28121  22.126  -62.250  -10.791 0.4000000060
29315  22.876  -61.148  -11.678 0.4000000060
29325  23.016  -61.441  -12.481 0.3000000119
30463  25.223  -60.545  -12.779 0.5000000000
130705  19.542  -61.065  -10.584 0.5000000000
32894  23.484  -58.611  -16.832 0.3000000119
34047  21.466  -57.598  -17.520 0.4000000060
30456  17.547  -60.597  -11.708 0.5000000000
37323  22.132  -54.368  -13.023 0.6000000238
61244  31.568  -32.135  -17.246 0.6999999881
63493  29.345  -30.799  -17.618 0.6999999881
60158  33.963  -33.971  -15.773 0.6999999881
145759  34.636  -33.949  -15.529 0.6000000238
60170  33.631  -33.297  -16.232 0.6999999881
61243  32.503  -32.256  -16.958 0.6999999881
60156  35.291  -33.486  -15.499 0.6000000238
61240  35.129  -32.027  -16.277 0.5000000000
61242  33.456  -32.393  -16.612 0.6000000238
62332  32.220  -31.449  -17.309 0.6999999881
63476  31.051  -30.654  -17.597 0.6999999881
60155  36.193  -33.242  -15.219 0.5000000000
62329  34.618  -31.447  -16.578 0.5000000000
63474  32.717  -30.759  -17.354 0.5000000000
64633  32.294  -29.992  -17.608 0.5000000000
149737  32.791  -28.446  -18.105 0.5000000000
59067  37.219  -33.590  -14.199 0.5000000000
63472  34.842  -30.734  -16.716 0.5000000000
64631  34.186  -30.193  -17.124 0.5000000000
65737  33.459  -28.566  -17.816 0.5000000000
41620  20.853  -50.311  -17.482 0.6000000238
42738  20.930  -49.794  -17.390 0.6000000238
43874  23.477  -48.428  -18.617 0.5000000000
42756  22.144  -49.567  -18.471 0.6000000238
43875  22.489  -48.255  -18.113 0.6000000238
43872  25.269  -48.499  -18.711 0.5000000000
43873  24.475  -48.415  -18.741 0.5000000000
45041  23.142  -47.522  -18.299 0.6000000238
40473  22.280  -51.871  -11.054 0.5000000000
46076  22.586  -46.957  -17.836 0.6000000238
146979  26.047  -47.481  -18.069 0.5000000000
45039  24.954  -47.767  -18.661 0.5000000000
142317  26.867  -47.399  -17.805 0.5000000000
40456  22.889  -51.415  -10.731 0.4000000060
40457  22.027  -51.405  -10.081 0.4000000060
144236  21.896  -50.872  -9.408 0.4000000060
144471  25.381  -47.114  -18.391 0.5000000000
45020  27.993  -47.406  -17.422 0.5000000000
46072  26.049  -46.871  -17.844 0.5000000000
41521  22.301  -50.156  -9.239 0.4000000060
47154  27.838  -45.764  -16.732 0.5000000000
46055  27.081  -46.532  -17.410 0.5000000000
42656  22.189  -49.207  -9.094 0.4000000060
47031  24.928  -45.644  -7.853 0.4000000060
47046  24.261  -45.878  -8.708 0.4000000060
47047  23.624  -45.403  -8.985 0.4000000060
47053  23.083  -45.614  -9.733 0.3000000119
50219  30.146  -42.600  -7.350 0.4000000060
50220  28.997  -42.861  -7.358 0.4000000060
139542  27.027  -44.195  -7.547 0.4000000060
48169  25.591  -44.878  -7.434 0.4000000060
139541  29.370  -41.860  -7.420 0.4000000060
49252  26.811  -43.577  -7.408 0.4000000060
49253  26.121  -43.159  -7.215 0.4000000060
140625  25.388  -43.950  -7.323 0.4000000060
48188  24.111  -45.135  -8.118 0.4000000060
49250  28.283  -43.605  -7.416 0.4000000060
139569  27.948  -42.830  -7.399 0.4000000060
49251  27.476  -43.556  -7.437 0.4000000060
51170  30.246  -41.620  -7.495 0.4000000060
139540  28.416  -41.998  -7.430 0.4000000060
139539  27.474  -42.062  -7.385 0.4000000060
139568  27.058  -42.874  -7.294 0.4000000060
50221  26.456  -42.074  -7.096 0.4000000060
48170  24.679  -44.678  -7.516 0.4000000060
51174  26.236  -41.164  -7.381 0.4000000060
139101  24.756  -42.214  -7.255 0.4000000060
48171  23.895  -44.275  -7.758 0.4000000060
52266  30.444  -40.758  -7.656 0.4000000060
147595  29.646  -41.002  -7.479 0.4000000060
51171  28.799  -41.119  -7.453 0.4000000060
51190  33.553  -41.502  -8.323 0.5000000000
52281  32.959  -40.872  -7.843 0.4000000060
52264  32.147  -41.116  -7.826 0.4000000060
53507  31.035  -40.095  -7.960 0.4000000060
154804  29.204  -40.270  -7.666 0.4000000060
52267  28.254  -40.409  -7.590 0.4000000060
51172  27.899  -41.247  -7.525 0.4000000060
51173  27.041  -41.302  -7.443 0.4000000060
148807  26.719  -40.665  -7.556 0.4000000060
137676  25.573  -41.667  -7.188 0.4000000060
146843  34.752  -40.218  -9.477 0.5000000000
53544  34.329  -39.924  -8.901 0.5000000000
53521  33.432  -39.467  -8.462 0.5000000000
143699  32.869  -40.074  -8.035 0.4000000060
53523  31.641  -39.455  -8.181 0.4000000060
53524  30.694  -39.261  -8.166 0.4000000060
53508  30.071  -39.871  -7.776 0.4000000060
52268  27.399  -40.533  -7.573 0.4000000060
54741  34.207  -39.019  -8.897 0.5000000000
53522  32.465  -39.369  -8.241 0.4000000060
53525  29.311  -39.386  -7.939 0.4000000060
54720  33.464  -38.648  -8.674 0.4000000060
142652  32.693  -38.706  -8.453 0.4000000060
150760  31.980  -38.828  -8.328 0.4000000060
144937  31.209  -38.535  -8.438 0.4000000060
54722  30.304  -38.506  -8.368 0.4000000060
55880  33.497  -37.257  -9.110 0.4000000060
56993  33.024  -36.322  -9.268 0.4000000060
55881  32.506  -37.004  -8.890 0.4000000060
55882  31.651  -36.979  -8.880 0.4000000060
56995  31.245  -36.474  -9.323 0.4000000060
54749  35.662  -38.572  -10.591 0.5000000000
56992  35.077  -36.880  -9.619 0.5000000000
131725  34.083  -36.670  -9.448 0.4000000060
138458  32.362  -35.848  -9.452 0.4000000060
132748  31.679  -35.871  -9.559 0.4000000060
57982  30.948  -35.818  -9.738 0.3000000119
54748  36.020  -37.970  -11.211 0.5000000000
54719  33.955  -38.135  -8.927 0.5000000000
55861  32.876  -37.905  -8.741 0.4000000060
55862  32.060  -37.503  -8.658 0.4000000060
144296  31.381  -37.677  -8.665 0.4000000060
144783  30.352  -37.278  -8.840 0.4000000060
55883  30.928  -37.137  -8.968 0.4000000060
55898  35.778  -37.025  -10.190 0.5000000000
57979  33.743  -35.959  -9.575 0.4000000060
57980  33.030  -35.436  -9.598 0.4000000060
141809  31.498  -35.394  -9.858 0.3000000119
57015  36.687  -36.273  -11.328 0.5000000000
56991  35.547  -36.168  -9.985 0.5000000000
141243  34.604  -36.039  -9.704 0.4000000060
59035  34.016  -35.346  -9.757 0.4000000060
59020  32.549  -34.753  -9.963 0.4000000060
57981  32.127  -35.337  -9.729 0.3000000119
58000  31.106  -35.090  -10.124 0.3000000119
58001  30.547  -35.278  -9.961 0.3000000119
57996  36.608  -35.587  -10.930 0.5000000000
57025  36.752  -36.342  -12.133 0.4000000060
58021  37.019  -35.617  -12.636 0.5000000000
59034  35.734  -34.654  -10.455 0.3000000119
153342  34.263  -34.731  -9.915 0.4000000060
59019  33.438  -34.715  -9.859 0.4000000060
57999  31.767  -34.865  -10.101 0.3000000119
135869  30.907  -33.923  -10.695 0.3000000119
59039  30.537  -34.588  -10.360 0.3000000119
132741  36.337  -34.919  -10.755 0.3000000119
58009  36.943  -35.607  -11.755 0.4000000060
58008  37.244  -34.756  -12.166 0.4000000060
59061  37.521  -34.071  -12.833 0.4000000060
59064  36.882  -34.838  -13.709 0.4000000060
59068  36.719  -34.369  -14.313 0.4000000060
139643  34.852  -34.321  -10.204 0.3000000119
134821  33.925  -34.044  -10.039 0.3000000119
59036  32.961  -34.004  -10.127 0.3000000119
142755  32.466  -33.275  -10.731 0.3000000119
60118  31.555  -33.632  -10.775 0.3000000119
60119  30.220  -33.754  -10.643 0.3000000119
60120  29.373  -33.565  -10.592 0.3000000119
60133  30.817  -33.114  -11.069 0.3000000119
61169  29.140  -32.754  -10.786 0.3000000119
59049  36.823  -34.855  -11.290 0.3000000119
150729  37.133  -34.210  -11.431 0.3000000119
61216  36.929  -32.866  -14.746 0.4000000060
61223  36.858  -32.035  -15.269 0.4000000060
62327  36.011  -31.084  -16.223 0.4000000060
63473  33.549  -30.847  -17.101 0.4000000060
61170  28.497  -32.513  -10.774 0.3000000119
60115  35.844  -33.242  -10.819 0.3000000119
144849  35.476  -33.840  -10.571 0.3000000119
59033  36.507  -34.025  -10.841 0.3000000119
60131  37.089  -33.603  -11.385 0.3000000119
61208  37.707  -32.398  -12.567 0.3000000119
129622  37.507  -32.797  -14.045 0.3000000119
133302  37.490  -32.126  -14.572 0.4000000060
63456  37.791  -30.598  -14.855 0.3000000119
62307  37.382  -31.383  -15.108 0.4000000060
63457  37.170  -30.583  -15.656 0.4000000060
63471  35.619  -30.544  -16.513 0.4000000060
64630  35.109  -29.971  -16.907 0.4000000060
64647  34.611  -29.359  -17.276 0.4000000060
64648  33.746  -29.335  -17.489 0.4000000060
60130  37.362  -32.920  -11.832 0.3000000119
139029  37.581  -29.981  -15.487 0.3000000119
64629  36.016  -29.695  -16.606 0.4000000060
65723  35.986  -28.933  -16.913 0.4000000060
65736  34.276  -28.634  -17.558 0.4000000060
66761  34.547  -27.187  -17.994 0.4000000060
66745  34.013  -27.898  -17.882 0.4000000060
66763  32.873  -27.196  -18.527 0.4000000060
67730  31.969  -27.158  -18.602 0.5000000000
64602  37.966  -29.785  -14.965 0.3000000119
65712  37.752  -28.359  -16.003 0.3000000119
64628  36.644  -28.993  -16.613 0.3000000119
65722  36.336  -28.305  -16.990 0.4000000060
65734  35.906  -27.588  -17.446 0.4000000060
66744  34.916  -27.928  -17.561 0.4000000060
67729  35.797  -26.805  -17.744 0.3000000119
67741  34.237  -26.516  -18.452 0.4000000060
67742  33.388  -26.521  -18.658 0.3000000119
67743  32.430  -26.321  -18.846 0.3000000119
67744  31.383  -26.365  -18.858 0.4000000060
68750  33.412  -25.228  -19.133 0.3000000119
68737  32.534  -25.376  -19.186 0.3000000119
65711  38.138  -28.420  -15.239 0.3000000119
65721  37.097  -28.287  -16.594 0.3000000119
66736  36.825  -27.574  -17.065 0.3000000119
66743  36.527  -26.835  -17.497 0.3000000119
67728  36.125  -26.024  -17.892 0.3000000119
68733  36.176  -25.213  -18.231 0.3000000119
68734  35.492  -25.509  -18.386 0.3000000119
68735  34.674  -25.757  -18.612 0.3000000119
68749  34.231  -25.170  -19.002 0.3000000119
69720  35.007  -25.005  -18.863 0.3000000119
141105  38.354  -27.141  -15.056 0.3000000119
66735  37.619  -27.484  -16.435 0.3000000119
67720  37.673  -26.079  -16.935 0.3000000119
67727  37.016  -26.094  -17.482 0.3000000119
68726  36.813  -25.305  -17.860 0.3000000119
69719  35.776  -24.600  -18.578 0.3000000119
69732  35.081  -24.191  -18.938 0.3000000119
69734  33.800  -24.494  -19.402 0.3000000119
70654  35.751  -23.768  -18.863 0.3000000119
70663  34.457  -23.966  -19.442 0.3000000119
153902  35.367  -22.245  -20.061 0.3000000119
53543  34.909  -39.442  -9.502 0.5000000000
40539  20.973  -51.191  -17.301 0.6000000238
41636  20.625  -50.469  -17.778 0.5000000000
41656  20.758  -50.816  -18.327 0.5000000000
42774  23.101  -49.964  -18.969 0.5000000000
41634  22.233  -50.244  -18.809 0.5000000000
42752  26.496  -49.407  -18.680 0.5000000000
42772  25.195  -49.856  -19.122 0.5000000000
42773  24.135  -49.708  -19.049 0.5000000000
38397  23.101  -53.295  -12.224 0.6000000238
39451  22.308  -53.354  -12.431 0.6000000238
39442  22.531  -52.634  -11.875 0.6000000238
39443  21.561  -52.147  -11.505 0.5000000000
149885  20.769  -52.131  -11.843 0.5000000000
145003  21.368  -51.634  -10.546 0.5000000000
40458  20.506  -51.658  -10.256 0.5000000000
40442  21.142  -51.291  -9.452 0.4000000060
135020  21.389  -50.374  -8.743 0.4000000060
42657  21.342  -49.178  -8.510 0.4000000060
45966  22.405  -46.515  -10.497 0.3000000119
48197  23.091  -44.973  -9.178 0.4000000060
50223  23.713  -42.506  -7.443 0.4000000060
48189  23.426  -44.639  -8.518 0.4000000060
51175  24.904  -41.382  -7.439 0.4000000060
53509  28.537  -39.614  -7.802 0.4000000060
52269  26.108  -40.442  -7.682 0.4000000060
52270  25.380  -40.160  -7.798 0.4000000060
53510  27.702  -39.729  -7.709 0.4000000060
53511  26.784  -39.915  -7.763 0.4000000060
54723  29.401  -38.554  -8.296 0.4000000060
53527  27.207  -39.093  -7.990 0.4000000060
56996  30.419  -36.578  -9.263 0.4000000060
57983  30.111  -35.791  -9.619 0.4000000060
55864  29.931  -37.830  -8.595 0.4000000060
55884  29.715  -37.089  -8.854 0.4000000060
58002  29.873  -35.078  -9.963 0.3000000119
59040  29.650  -34.349  -10.324 0.3000000119
58003  29.055  -34.882  -10.001 0.3000000119
43870  27.199  -48.810  -18.288 0.5000000000
44943  21.723  -47.078  -10.346 0.4000000060
51176  24.167  -41.555  -7.550 0.4000000060
52271  24.592  -40.672  -7.666 0.4000000060
54724  28.508  -38.362  -8.325 0.4000000060
53526  28.052  -39.001  -7.995 0.4000000060
43777  21.886  -48.258  -9.084 0.4000000060
143448  23.876  -47.104  -18.345 0.5000000000
137310  30.978  -42.121  -7.500 0.4000000060
58020  37.174  -34.849  -13.090 0.5000000000
52265  31.378  -40.911  -7.823 0.4000000060
57009  36.303  -37.183  -10.893 0.5000000000
62309  36.006  -31.845  -15.957 0.4000000060
144068  33.220  -27.891  -18.207 0.4000000060
141528  22.645  -48.893  -18.404 0.6000000238
42754  24.811  -49.105  -18.884 0.5000000000
42753  25.621  -49.202  -18.855 0.5000000000
131506  25.096  -43.101  -7.065 0.4000000060
50222  25.611  -42.435  -7.018 0.4000000060
49255  23.754  -43.424  -7.492 0.4000000060
52280  33.729  -40.570  -8.441 0.5000000000
52282  32.016  -40.347  -8.009 0.4000000060
134504  25.458  -40.901  -7.512 0.4000000060
55863  30.672  -37.821  -8.650 0.4000000060
142557  35.849  -37.752  -10.538 0.5000000000
55878  35.355  -37.856  -9.819 0.5000000000
55879  34.532  -37.552  -9.312 0.5000000000
54740  34.775  -38.464  -9.317 0.5000000000
57997  35.999  -35.483  -10.362 0.5000000000
130752  36.302  -36.351  -10.588 0.5000000000
57998  35.043  -35.234  -9.967 0.4000000060
59048  37.428  -33.801  -12.001 0.3000000119
59063  37.291  -34.231  -13.664 0.4000000060
60146  37.519  -33.439  -13.500 0.3000000119
63470  36.425  -30.486  -16.203 0.4000000060
61209  37.354  -32.099  -11.968 0.3000000119
65735  35.577  -28.447  -17.235 0.4000000060
64616  37.752  -29.197  -15.558 0.3000000119
64617  37.040  -29.724  -16.137 0.3000000119
67740  35.167  -26.431  -18.133 0.3000000119
66762  33.720  -27.220  -18.316 0.4000000060
66727  38.132  -27.698  -15.625 0.3000000119
64627  37.306  -28.939  -16.253 0.3000000119
66734  38.126  -26.871  -15.831 0.3000000119
68720  37.951  -25.422  -16.718 0.3000000119
147725  35.731  -22.389  -19.639 0.3000000119
53512  26.013  -39.816  -7.912 0.4000000060
36220  18.437  -55.353  -13.662 0.4000000060
129671  17.893  -54.449  -13.928 0.4000000060
139657  18.184  -53.481  -13.817 0.3000000119
37334  19.440  -54.192  -13.461 0.4000000060
38418  18.427  -52.632  -13.427 0.3000000119
36263  21.052  -54.866  -18.041 0.5000000000
38406  19.784  -52.808  -12.714 0.5000000000
39454  18.834  -52.115  -12.779 0.3000000119
37380  20.910  -53.912  -17.950 0.5000000000
39523  20.435  -52.458  -17.920 0.5000000000
37389  20.745  -54.423  -18.346 0.5000000000
39452  21.449  -52.897  -12.251 0.5000000000
39453  20.348  -52.457  -12.282 0.4000000060
39515  20.743  -52.512  -17.678 0.5000000000
137709  20.758  -53.689  -18.265 0.5000000000
39552  20.763  -52.807  -18.632 0.3000000119
40550  20.520  -51.130  -17.726 0.5000000000
39532  20.474  -52.578  -18.100 0.4000000060
40564  20.590  -52.027  -18.322 0.4000000060
39550  22.111  -52.537  -19.407 0.3000000119
39551  21.134  -52.255  -19.009 0.3000000119
131227  22.778  -51.996  -19.369 0.3000000119
40584  21.841  -51.757  -19.189 0.3000000119
134702  24.415  -51.280  -19.328 0.3000000119
40582  23.745  -52.102  -19.482 0.3000000119
40583  23.150  -51.253  -19.317 0.4000000060
40585  20.923  -51.463  -18.664 0.4000000060
40443  20.247  -51.475  -9.256 0.3000000119
41653  25.316  -50.751  -19.201 0.4000000060
41654  23.731  -50.511  -19.202 0.4000000060
41522  20.405  -50.913  -8.629 0.3000000119
43778  20.965  -48.031  -8.636 0.3000000119
49276  23.192  -43.845  -8.082 0.3000000119
49256  23.139  -43.113  -7.711 0.3000000119
49277  22.492  -43.262  -8.310 0.3000000119
50224  22.835  -42.465  -7.761 0.3000000119
51177  23.265  -41.709  -7.561 0.3000000119
52283  24.657  -39.815  -7.918 0.3000000119
53528  26.353  -39.203  -8.074 0.3000000119
53529  25.436  -39.343  -8.112 0.3000000119
53530  24.515  -39.097  -8.224 0.3000000119
132102  23.054  -39.789  -8.075 0.3000000119
55865  29.093  -37.712  -8.591 0.3000000119
54726  26.751  -38.468  -8.292 0.3000000119
144788  25.904  -38.595  -8.333 0.3000000119
55885  28.875  -36.920  -8.909 0.3000000119
55867  27.144  -37.713  -8.555 0.3000000119
55887  26.618  -37.066  -8.763 0.3000000119
55868  26.263  -37.844  -8.538 0.3000000119
56999  27.689  -36.155  -9.361 0.3000000119
138506  26.947  -36.452  -9.078 0.3000000119
56997  29.504  -36.394  -9.322 0.3000000119
56998  28.625  -36.242  -9.409 0.3000000119
149699  28.157  -36.747  -9.018 0.3000000119
57986  27.504  -35.400  -9.648 0.3000000119
36274  21.100  -55.847  -17.884 0.5000000000
145232  24.572  -50.397  -19.204 0.4000000060
41496  20.516  -49.918  -8.239 0.3000000119
54725  27.628  -38.356  -8.286 0.3000000119
53531  23.732  -39.364  -8.174 0.3000000119
55866  28.124  -37.537  -8.639 0.3000000119
39444  19.996  -51.828  -11.853 0.3000000119
40474  20.640  -51.758  -11.213 0.3000000119
39437  19.387  -51.927  -11.062 0.3000000119
29317  17.478  -61.494  -11.514 0.4000000060
30457  16.745  -60.980  -11.917 0.4000000060
30466  16.921  -60.192  -12.213 0.4000000060
30483  15.411  -60.170  -13.365 0.4000000060
31672  15.970  -59.137  -13.493 0.3000000119
31658  17.004  -59.425  -12.480 0.4000000060
31659  16.458  -59.320  -13.071 0.4000000060
32849  16.405  -58.719  -13.331 0.4000000060
32895  22.777  -58.512  -17.206 0.3000000119
32842  17.688  -58.909  -12.138 0.4000000060
34004  16.106  -57.469  -13.912 0.3000000119
152654  16.290  -56.776  -14.051 0.3000000119
33997  17.350  -57.601  -13.058 0.4000000060
129394  15.530  -55.148  -14.597 0.3000000119
34013  15.999  -56.101  -14.399 0.3000000119
132194  15.973  -54.223  -14.472 0.3000000119
34003  17.565  -56.737  -13.366 0.4000000060
35130  16.914  -56.213  -13.898 0.3000000119
36221  17.437  -55.332  -13.919 0.3000000119
30468  15.772  -60.810  -13.015 0.4000000060
141882  16.511  -59.909  -12.766 0.4000000060
37343  16.369  -53.438  -14.274 0.3000000119
135614  18.901  -61.405  -10.930 0.3000000119
37344  15.634  -53.469  -14.449 0.3000000119
26947  21.656  -62.864  -10.503 0.4000000060
28123  21.130  -62.208  -10.278 0.4000000060
29307  19.967  -61.622  -10.283 0.4000000060
29308  18.917  -62.132  -10.688 0.4000000060
29309  18.245  -61.881  -11.144 0.3000000119
29316  22.461  -61.571  -11.214 0.4000000060
29327  16.073  -61.330  -12.288 0.4000000060
30430  24.004  -59.945  -10.854 0.6000000238
30431  22.199  -60.471  -10.579 0.5000000000
30435  18.238  -61.022  -11.283 0.4000000060
30451  25.256  -60.340  -12.136 0.5000000000
30453  23.347  -60.647  -11.234 0.4000000060
30455  18.259  -60.175  -11.362 0.5000000000
30464  24.598  -60.806  -12.199 0.5000000000
30465  23.709  -61.115  -11.945 0.4000000060
30467  16.299  -60.576  -12.698 0.4000000060
30495  24.316  -60.618  -14.265 0.4000000060
30509  24.100  -60.222  -15.030 0.4000000060
31625  22.339  -59.698  -10.502 0.5000000000
31628  19.565  -59.470  -10.748 0.5000000000
31649  18.344  -59.351  -11.562 0.5000000000
31660  16.061  -60.011  -13.296 0.4000000060
31673  15.629  -59.507  -13.552 0.4000000060
31682  26.178  -59.212  -13.847 0.5000000000
32812  23.308  -58.543  -10.726 0.6000000238
32816  19.871  -58.873  -10.921 0.5000000000
32838  26.436  -58.555  -11.870 0.6000000238
32840  19.368  -58.246  -11.481 0.5000000000
32848  17.045  -58.581  -12.857 0.4000000060
32857  16.622  -57.991  -13.410 0.4000000060
32902  21.899  -58.446  -17.343 0.4000000060
33951  23.319  -57.673  -11.144 0.6000000238
33952  21.848  -58.112  -10.761 0.6000000238
33973  27.820  -57.175  -11.902 0.6000000238
33978  22.498  -57.143  -11.344 0.6000000238
33981  19.717  -57.380  -11.651 0.5000000000
33994  27.612  -57.705  -12.447 0.6000000238
34026  27.329  -57.050  -14.855 0.6000000238
34027  26.667  -57.267  -15.369 0.8000000119
35099  27.796  -56.573  -11.295 0.8999999762
35101  24.556  -55.935  -11.215 0.6999999881
35103  22.694  -56.194  -11.797 0.6999999881
35106  20.093  -56.623  -11.924 0.6000000238
35119  21.358  -55.788  -12.433 0.6000000238
35121  19.650  -56.174  -12.580 0.6000000238
35134  28.251  -56.044  -13.837 0.8999999762
35136  15.157  -56.108  -14.684 0.3000000119
36183  24.917  -55.381  -10.875 0.6999999881
36190  22.893  -55.475  -12.191 0.6999999881
36209  19.944  -55.398  -12.978 0.5000000000
36217  28.636  -55.442  -13.270 0.8000000119
36222  16.477  -55.272  -14.293 0.3000000119
36230  16.907  -54.385  -14.093 0.3000000119
36244  27.496  -55.491  -15.275 0.8000000119
36258  25.553  -55.542  -16.736 0.6999999881
36275  20.597  -55.556  -18.320 0.5000000000
37312  23.087  -54.795  -12.357 0.6999999881
37321  23.126  -54.072  -12.393 0.6000000238
37335  18.758  -54.406  -13.741 0.4000000060
37336  17.310  -53.433  -14.041 0.3000000119
37375  25.465  -54.280  -17.111 0.8000000119
38375  28.161  -53.330  -9.577 0.8999999762
38386  29.111  -53.406  -10.491 0.8999999762
38396  23.845  -53.001  -11.761 0.6000000238
38403  22.547  -53.876  -12.722 0.6000000238
38433  29.268  -53.085  -14.072 1.0000000000
38471  21.241  -53.326  -17.685 0.6000000238
38472  20.568  -53.097  -17.949 0.5000000000
38481  20.553  -53.035  -18.061 0.5000000000
38489  20.673  -53.108  -18.448 0.5000000000
39440  24.259  -52.265  -11.583 0.6999999881
39482  29.530  -52.542  -13.704 1.0000000000
39508  27.286  -52.336  -16.292 0.8000000119
39511  24.676  -52.628  -17.296 0.8000000119
39512  23.886  -51.833  -17.201 0.8000000119
40437  29.785  -51.472  -9.586 0.8999999762
40452  30.140  -51.366  -10.468 0.8999999762
40470  24.489  -51.736  -11.390 0.6999999881
40507  28.940  -51.723  -15.034 1.0000000000
40540  20.545  -51.835  -17.651 0.5000000000
40551  20.374  -51.866  -17.892 0.4000000060
40563  20.438  -51.226  -18.058 0.5000000000
41519  29.175  -51.406  -8.868 0.8999999762
41535  25.250  -50.200  -10.363 0.6999999881
41548  24.322  -51.210  -11.231 0.6999999881
41593  28.391  -50.316  -15.654 0.8999999762
41594  27.601  -50.748  -16.163 0.8999999762
41596  23.161  -49.873  -16.600 0.8000000119
41611  23.665  -50.431  -16.795 0.8000000119
41635  21.215  -50.250  -18.315 0.6000000238
41655  22.848  -50.566  -19.116 0.5000000000
42622  27.863  -48.847  -7.583 1.0000000000
42623  26.934  -48.621  -8.023 0.6999999881
42650  31.284  -48.964  -9.714 1.0000000000
42666  25.051  -49.542  -10.346 0.6999999881
42667  24.477  -49.470  -10.585 0.6999999881
42703  29.466  -49.573  -14.831 1.0000000000
42717  26.701  -49.282  -16.365 0.8999999762
42720  22.147  -48.856  -16.457 0.6999999881
42755  23.298  -49.262  -18.767 0.5000000000
42757  21.119  -49.686  -17.687 0.6999999881
43756  31.361  -48.026  -8.560 0.8999999762
43758  29.785  -48.920  -7.743 0.8999999762
43759  28.860  -48.930  -7.631 0.8999999762
43787  24.218  -48.751  -10.578 0.6999999881
43807  30.177  -48.531  -13.825 1.0000000000
43822  28.346  -47.945  -15.498 0.8999999762
43833  25.399  -48.077  -16.190 0.8999999762
43836  22.115  -48.152  -16.315 0.8999999762
43837  21.577  -48.599  -16.640 0.6999999881
43871  26.099  -48.644  -18.538 0.5000000000
43876  21.722  -48.218  -17.440 0.6999999881
44895  29.582  -47.772  -7.485 0.8000000119
44898  27.057  -47.227  -7.809 0.6999999881
44911  26.936  -47.820  -7.863 0.6999999881
44924  24.964  -47.390  -9.236 0.6999999881
44926  23.810  -47.286  -10.419 0.4000000060
44927  22.252  -47.624  -9.974 0.4000000060
44941  24.080  -47.955  -10.546 0.5000000000
44979  27.080  -46.746  -15.433 0.8999999762
44991  24.684  -47.301  -15.927 0.8999999762
45021  21.431  -48.074  -17.011 0.8000000119
45037  27.542  -48.076  -17.849 0.5000000000
45038  25.680  -47.926  -18.430 0.5000000000
45040  24.119  -47.707  -18.577 0.5000000000
45043  21.777  -47.630  -17.174 0.8000000119
45952  24.657  -46.897  -9.334 0.6000000238
46058  21.866  -47.282  -16.871 0.8000000119
46073  24.872  -46.410  -18.400 0.6000000238
46074  24.076  -46.489  -18.294 0.6000000238
46077  22.135  -47.078  -17.296 0.8000000119
47028  28.328  -45.487  -7.470 0.6000000238
47082  31.255  -45.244  -11.864 1.0000000000
47102  30.201  -45.966  -13.131 1.0000000000
47105  27.895  -44.777  -14.517 1.0000000000
47159  22.401  -45.522  -17.382 0.8000000119
47175  22.574  -46.331  -17.675 0.8000000119
48164  30.930  -44.360  -7.284 0.5000000000
48167  27.275  -44.858  -7.595 0.6000000238
48168  26.523  -44.866  -7.550 0.4000000060
48186  31.908  -44.538  -7.567 0.6000000238
48258  23.014  -43.843  -15.405 0.8999999762
49248  30.576  -43.512  -7.302 0.5000000000
49254  24.506  -43.744  -7.346 0.4000000060
49324  32.264  -43.217  -11.977 0.8000000119
49327  27.726  -42.860  -13.524 1.0000000000
49355  22.493  -43.205  -15.632 0.8999999762
49362  28.121  -42.822  -15.611 0.6000000238
49373  27.786  -44.042  -16.186 0.6000000238
50293  29.876  -42.332  -12.673 1.0000000000
50294  28.977  -42.423  -12.840 1.0000000000
50316  23.799  -42.315  -14.826 0.8999999762
50321  29.484  -42.372  -15.573 0.6000000238
50322  28.826  -42.428  -15.520 0.6000000238
50325  22.253  -42.754  -15.883 0.8999999762
50334  25.746  -42.200  -16.991 0.6999999881
50350  23.992  -42.418  -17.451 0.6999999881
51169  30.949  -41.422  -7.626 0.4000000060
51244  34.179  -41.097  -11.813 0.6999999881
51250  28.651  -41.807  -12.999 1.0000000000
51251  28.026  -41.676  -13.302 1.0000000000
51260  26.729  -41.665  -13.706 1.0000000000
51261  25.985  -41.801  -14.061 1.0000000000
51279  27.898  -41.416  -15.734 0.6000000238
51289  23.059  -41.265  -16.408 0.8999999762
51304  23.348  -41.832  -17.110 0.8000000119
52300  34.495  -40.729  -9.021 0.6999999881
52313  35.303  -39.965  -10.704 0.6999999881
52338  34.892  -40.006  -12.041 0.6999999881
52342  31.280  -40.763  -13.101 0.8000000119
52343  30.413  -40.863  -13.164 0.8999999762
52344  29.378  -40.926  -13.184 1.0000000000
52345  28.565  -41.217  -13.178 1.0000000000
52365  26.675  -40.432  -13.892 1.0000000000
52378  24.791  -40.296  -14.649 0.8999999762
52388  27.598  -40.736  -15.862 0.6000000238
52414  24.738  -40.292  -17.156 0.6999999881
52415  24.052  -40.283  -17.235 0.6999999881
53608  24.127  -39.473  -14.748 0.8999999762
53629  22.908  -39.386  -15.791 0.8999999762
54721  32.010  -38.151  -8.463 0.4000000060
54739  35.293  -38.754  -9.819 0.5000000000
54765  34.775  -38.780  -12.974 0.6999999881
54780  33.366  -38.725  -13.729 0.8000000119
54790  23.614  -37.963  -14.922 0.8999999762
54801  32.805  -38.122  -14.284 0.8000000119
54804  23.503  -38.648  -14.881 0.8999999762
54810  22.933  -38.420  -15.690 0.8999999762
54822  24.051  -38.001  -16.790 0.8000000119
55886  27.452  -36.923  -8.837 0.3000000119
55927  36.131  -36.975  -13.208 0.6999999881
55933  27.574  -37.749  -14.367 1.0000000000
55937  24.188  -37.614  -14.747 0.8999999762
55949  32.362  -37.467  -14.590 0.8000000119
55951  30.517  -37.306  -14.640 0.8000000119
55954  27.220  -37.146  -14.532 1.0000000000
55986  24.984  -37.587  -17.113 0.6999999881
56994  32.047  -36.378  -9.189 0.4000000060
57031  36.349  -36.015  -13.739 0.6999999881
57036  31.972  -36.778  -14.869 0.8000000119
57041  26.751  -36.415  -14.719 1.0000000000
57050  30.458  -36.234  -15.127 0.8000000119
57051  29.714  -36.021  -15.211 0.8000000119
57064  23.406  -35.497  -16.248 0.8000000119
58030  26.240  -35.685  -14.930 1.0000000000
58040  31.395  -35.459  -15.587 0.8000000119
58045  26.679  -35.072  -15.329 0.8999999762
58046  23.248  -35.167  -15.859 0.8999999762
58048  23.215  -34.937  -16.017 0.8000000119
58058  23.396  -34.963  -16.257 0.8000000119
59037  32.093  -34.171  -10.376 0.3000000119
59038  31.331  -34.414  -10.459 0.3000000119
59070  25.731  -34.948  -15.120 1.0000000000
59072  23.941  -34.263  -15.513 1.0000000000
59073  23.397  -34.734  -15.713 0.8999999762
59085  28.834  -34.613  -15.845 0.8000000119
59092  33.130  -33.980  -15.987 0.6999999881
59125  27.295  -34.345  -18.568 0.6999999881
60121  28.469  -33.321  -10.538 0.3000000119
60143  37.636  -33.223  -12.712 0.3000000119
60150  24.637  -33.089  -15.774 0.8999999762
60151  23.933  -33.469  -15.814 0.8000000119
60173  30.294  -33.113  -17.009 0.6999999881
60177  23.470  -33.900  -16.023 0.8000000119
60192  24.913  -32.885  -17.825 0.6999999881
60193  24.313  -33.140  -16.939 0.8000000119
60194  23.799  -33.670  -16.315 0.8999999762
60234  27.574  -33.103  -19.323 0.6000000238
61224  36.357  -32.556  -15.406 0.5000000000
61241  34.331  -32.156  -16.464 0.5000000000
61267  23.929  -32.189  -16.820 0.8000000119
61305  26.786  -32.721  -18.962 0.6000000238
62308  36.624  -31.224  -15.763 0.4000000060
62311  24.701  -31.505  -16.334 0.8999999762
62330  33.863  -31.545  -16.740 0.5000000000
62335  26.394  -31.805  -16.769 0.8999999762
62337  24.033  -31.716  -16.638 0.8000000119
62352  29.528  -31.508  -17.498 0.6999999881
62366  24.980  -31.291  -17.925 0.8000000119
62382  27.335  -31.400  -19.418 0.6000000238
62390  28.679  -32.026  -20.088 0.5000000000
63475  31.876  -30.678  -17.514 0.6999999881
63495  24.995  -29.980  -17.587 0.8000000119
63517  28.049  -30.199  -20.052 0.6000000238
64634  31.404  -29.994  -17.711 0.6999999881
64646  35.373  -29.198  -17.063 0.4000000060
64651  30.546  -30.052  -17.795 0.6999999881
64654  27.115  -28.673  -17.684 0.8000000119
64655  25.411  -29.351  -17.348 0.8000000119
64663  25.286  -28.945  -18.186 0.8000000119
64692  27.438  -28.467  -19.795 0.6000000238
65724  26.094  -28.529  -17.391 0.8000000119
65738  32.094  -28.596  -18.213 0.5000000000
65739  31.197  -28.640  -18.292 0.6000000238
65744  25.222  -27.693  -17.622 0.8000000119
65773  26.426  -27.083  -19.482 0.6000000238
65774  25.383  -26.409  -19.251 0.6000000238
66726  38.332  -27.822  -14.986 0.3000000119
66742  37.284  -26.818  -17.067 0.3000000119
66748  30.624  -27.816  -18.446 0.6999999881
66760  35.256  -27.173  -17.751 0.4000000060
66786  31.027  -27.759  -20.669 0.5000000000
66790  26.164  -26.261  -19.283 0.6000000238
66805  32.343  -27.041  -21.094 0.5000000000
67745  30.321  -26.201  -18.794 0.6000000238
67755  26.554  -25.748  -19.000 0.6000000238
67786  29.781  -26.116  -20.919 0.6000000238
68736  33.865  -25.871  -18.827 0.3000000119
68739  29.923  -25.317  -19.181 0.6000000238
68740  28.920  -25.126  -19.359 0.6000000238
68751  28.367  -24.967  -19.734 0.6000000238
68768  31.771  -25.414  -21.660 0.5000000000
68771  28.987  -25.152  -20.666 0.6000000238
68781  33.798  -25.252  -22.561 0.4000000060
69733  34.531  -24.586  -19.151 0.3000000119
69749  29.440  -24.130  -20.571 0.6000000238
69750  28.882  -24.557  -20.274 0.6000000238
69762  29.286  -24.402  -20.695 0.6000000238
69771  33.309  -24.430  -22.895 0.4000000060
69773  30.467  -23.523  -21.747 0.6000000238
70662  35.142  -23.489  -19.336 0.3000000119
70667  30.348  -23.393  -20.559 0.5000000000
70668  29.752  -23.631  -20.668 0.6000000238
70680  30.925  -22.897  -21.022 0.4000000060
70689  30.276  -23.216  -21.464 0.6000000238
70703  33.427  -22.861  -23.095 0.4000000060
71551  35.890  -22.991  -19.213 0.3000000119
71552  35.232  -22.803  -19.756 0.3000000119
71555  32.543  -22.822  -20.570 0.4000000060
71588  33.047  -22.055  -23.182 0.4000000060
72499  32.718  -22.010  -21.981 0.4000000060
72515  32.951  -21.919  -23.033 0.4000000060
129579  21.157  -54.328  -13.112 0.6000000238
130058  20.305  -60.900  -10.281 0.4000000060
130191  24.841  -30.587  -17.777 0.8000000119
130534  24.622  -60.947  -12.936 0.3000000119
130982  27.095  -55.145  -10.194 0.8999999762
131229  23.633  -47.614  -16.064 0.8999999762
131495  25.521  -32.860  -15.944 0.8999999762
131873  29.180  -40.216  -15.794 0.6000000238
132112  26.306  -48.083  -8.423 0.6000000238
132191  24.067  -48.989  -18.803 0.5000000000
132521  23.239  -36.497  -15.932 0.8999999762
133110  22.979  -59.105  -16.881 0.3000000119
133604  22.436  -45.585  -15.993 0.8999999762
133745  32.630  -22.087  -22.930 0.4000000060
133896  20.304  -62.260  -10.172 0.4000000060
133976  18.851  -53.593  -13.613 0.3000000119
134439  24.322  -50.022  -10.765 0.6000000238
134737  19.556  -52.043  -12.314 0.3000000119
134855  26.992  -43.519  -16.348 0.6000000238
135073  36.188  -23.893  -23.820 0.3000000119
135364  21.869  -50.937  -18.963 0.5000000000
135772  22.895  -40.967  -15.936 0.8999999762
136250  34.044  -35.192  -15.232 0.6000000238
136408  27.251  -43.316  -13.937 1.0000000000
136720  24.175  -39.573  -8.002 0.3000000119
136878  16.806  -57.139  -13.581 0.3000000119
137128  25.143  -57.023  -11.034 0.6000000238
137633  20.695  -62.955  -10.225 0.4000000060
137839  24.177  -31.331  -16.977 0.8000000119
137933  22.866  -56.470  -17.480 0.6000000238
138017  24.596  -30.799  -17.188 0.8000000119
138231  28.331  -28.883  -17.866 0.8000000119
138236  23.730  -57.339  -17.160 0.5000000000
138403  33.571  -34.649  -15.575 0.6999999881
138904  20.657  -53.541  -18.106 0.5000000000
139053  29.958  -39.085  -8.033 0.4000000060
139164  27.197  -25.368  -19.068 0.6000000238
139225  25.885  -50.311  -19.107 0.4000000060
139245  28.826  -34.162  -10.317 0.3000000119
139349  26.273  -44.104  -7.435 0.4000000060
139570  27.568  -45.502  -7.580 0.6000000238
140389  22.896  -38.941  -15.782 0.8999999762
140546  25.344  -53.757  -10.294 0.8000000119
140562  28.759  -38.980  -8.093 0.4000000060
140601  37.768  -26.645  -16.485 0.3000000119
140661  29.648  -28.072  -20.605 0.6000000238
140733  26.539  -48.058  -18.154 0.5000000000
140772  30.347  -43.091  -12.430 1.0000000000
141069  34.949  -28.718  -17.347 0.4000000060
141079  31.369  -43.099  -12.256 0.8999999762
142029  33.141  -25.888  -18.940 0.3000000119
142082  21.406  -53.085  -19.283 0.3000000119
142915  22.906  -38.792  -15.490 0.8999999762
143280  26.344  -35.682  -17.485 0.6999999881
143401  30.515  -49.020  -13.280 1.0000000000
144461  27.329  -58.303  -12.941 0.6000000238
144858  29.031  -37.950  -14.296 0.8999999762
146085  28.994  -54.928  -11.977 0.8999999762
146291  17.790  -56.005  -13.669 0.4000000060
146344  28.080  -25.111  -19.441 0.6000000238
147635  27.148  -39.867  -13.796 1.0000000000
147637  31.711  -42.484  -7.528 0.5000000000
147688  31.170  -39.687  -13.699 0.8000000119
149184  27.981  -29.413  -20.111 0.6000000238
149393  24.744  -44.324  -15.233 0.8999999762
149459  22.948  -50.209  -9.905 0.5000000000
149679  25.168  -38.265  -14.494 1.0000000000
149810  24.335  -43.011  -7.229 0.4000000060
149975  25.144  -60.258  -14.122 0.4000000060
149983  21.768  -59.394  -10.397 0.5000000000
150618  36.539  -36.870  -11.572 0.6000000238
150633  29.432  -25.332  -20.902 0.6000000238
150773  19.578  -62.260  -10.338 0.4000000060
150962  26.336  -44.329  -16.933 0.6000000238
151077  23.973  -57.390  -11.258 0.6000000238
151108  30.510  -48.762  -7.984 0.8999999762
151268  23.301  -34.474  -16.054 0.8999999762
151495  29.126  -45.099  -13.913 1.0000000000
151741  24.658  -35.414  -17.096 0.8000000119
151760  29.313  -33.669  -16.628 0.8000000119
151915  25.901  -57.421  -11.105 0.6000000238
151950  23.735  -49.035  -10.632 0.5000000000
152195  28.537  -37.634  -14.393 0.8999999762
152601  29.739  -52.479  -10.601 0.8999999762
152816  27.032  -56.767  -15.281 0.8000000119
153036  29.839  -40.467  -7.609 0.4000000060
153050  30.068  -52.247  -12.271 0.8999999762
153122  21.855  -63.590  -10.747 0.4000000060
153258  35.231  -33.317  -10.680 0.3000000119
153518  32.785  -35.857  -15.260 0.8000000119
154257  30.965  -31.746  -17.457 0.6999999881
154314  21.807  -49.751  -8.828 0.4000000060
154422  28.799  -31.410  -20.177 0.5000000000
154496  22.442  -51.477  -19.259 0.3000000119
154507  36.529  -36.693  -11.083 0.5000000000
154903  32.241  -39.805  -8.106 0.4000000060
