#!ascii label  , from subject sub001 vox2ras=TkReg
1931
131829  15.413  -81.001  -26.337 0.6999999881
149768  14.715  -80.986  -26.987 0.8000000119
128574  13.916  -81.202  -26.268 0.8000000119
7164  12.272  -81.228  -25.589 0.6999999881
8075  15.242  -80.690  -27.835 0.6000000238
7171  12.976  -81.208  -26.336 0.6000000238
9033  15.485  -79.493  -28.847 0.6000000238
135597  14.244  -81.197  -25.476 0.8000000119
8047  13.292  -81.199  -25.498 0.6999999881
133744  12.661  -81.040  -24.650 0.6999999881
7152  11.203  -81.205  -24.626 0.6999999881
8074  16.089  -80.247  -27.788 0.6000000238
137507  14.680  -81.122  -26.127 0.6999999881
8048  11.873  -81.135  -24.854 0.6999999881
9995  15.827  -78.770  -29.005 0.6000000238
10002  16.176  -77.923  -29.276 0.6000000238
10003  15.400  -78.171  -29.658 0.6000000238
12263  15.852  -76.631  -31.297 0.6000000238
10012  14.981  -77.534  -30.423 0.6000000238
8025  14.267  -80.921  -23.878 0.8000000119
131675  13.873  -80.727  -22.939 0.8000000119
8002  12.320  -80.616  -23.416 0.6999999881
7981  11.606  -80.522  -22.017 0.6999999881
7982  11.065  -80.864  -21.486 0.6999999881
8024  14.735  -81.050  -24.753 0.8000000119
8026  13.189  -80.844  -23.786 0.6999999881
8004  11.107  -80.933  -22.710 0.6999999881
8023  15.809  -80.902  -24.934 0.6999999881
133985  13.735  -81.130  -24.674 0.8000000119
129733  11.844  -80.842  -24.078 0.6999999881
131891  16.263  -80.800  -26.385 0.6999999881
8083  16.205  -79.447  -28.379 0.6999999881
11100  16.887  -77.616  -28.910 0.6000000238
9994  16.630  -78.473  -28.558 0.6000000238
12254  16.333  -76.683  -30.534 0.6000000238
128724  15.786  -77.336  -30.029 0.6000000238
135928  16.822  -76.443  -31.918 0.6000000238
11139  16.837  -77.885  -33.164 0.6999999881
11140  15.716  -77.599  -33.049 0.6000000238
10057  17.954  -78.631  -33.835 0.5000000000
133402  17.037  -78.215  -33.334 0.6000000238
148361  17.342  -79.110  -33.023 0.5000000000
7978  14.431  -80.665  -22.088 0.8999999762
132763  12.787  -80.341  -21.955 0.8000000119
7957  12.169  -80.035  -21.294 0.6999999881
138816  15.264  -80.819  -23.988 0.6999999881
8001  14.822  -80.706  -23.066 0.8999999762
7958  11.409  -80.193  -20.768 0.6999999881
8044  16.611  -80.789  -25.624 0.8000000119
140360  16.241  -80.726  -24.035 0.8000000119
149889  17.643  -79.957  -26.187 0.8000000119
9022  17.472  -78.879  -27.171 0.6999999881
8063  16.629  -80.357  -27.052 0.6999999881
9985  17.166  -78.648  -27.901 0.8000000119
9993  17.286  -77.862  -28.226 0.8000000119
149927  17.226  -77.104  -29.295 0.6999999881
12234  17.179  -76.669  -29.923 0.6999999881
12262  16.543  -76.367  -31.291 0.6000000238
12281  17.534  -77.829  -33.480 0.6999999881
11146  17.699  -78.189  -34.133 0.6999999881
7977  15.354  -80.668  -22.252 0.8999999762
7956  13.164  -79.983  -21.147 0.8000000119
8947  11.731  -79.462  -20.247 0.6999999881
143646  17.022  -80.641  -24.020 0.8000000119
8000  15.777  -80.693  -23.174 0.8000000119
8021  17.579  -80.347  -24.453 0.6999999881
9968  17.944  -78.212  -26.682 0.6999999881
8992  18.016  -79.425  -25.671 0.6000000238
9008  17.348  -79.832  -26.856 0.8000000119
9984  17.664  -77.922  -27.450 0.8000000119
11099  17.539  -77.300  -28.677 0.8000000119
12253  17.797  -76.141  -30.033 0.6999999881
12260  18.142  -76.020  -31.591 0.8000000119
132353  17.133  -76.236  -30.613 0.6999999881
12269  18.479  -76.438  -32.451 0.8000000119
13426  18.142  -76.964  -34.901 0.6999999881
13411  17.966  -77.826  -33.587 0.6999999881
12270  17.525  -76.481  -32.330 0.6999999881
12308  18.129  -77.336  -35.528 0.6999999881
13428  17.633  -77.671  -34.583 0.6999999881
11102  7.858  -78.023  -29.632 0.6000000238
11112  8.902  -77.135  -30.026 0.6000000238
12256  6.944  -76.461  -30.289 0.6000000238
13365  6.843  -75.024  -29.659 0.6999999881
7954  14.965  -80.463  -21.426 0.8999999762
8946  12.556  -79.339  -20.508 0.6999999881
8977  18.391  -78.972  -24.313 0.6000000238
9967  18.463  -77.836  -26.218 0.6000000238
8991  18.355  -78.684  -25.093 0.6000000238
9983  18.200  -77.713  -26.934 0.6999999881
12209  19.354  -76.923  -28.727 0.6999999881
11074  19.360  -77.292  -27.768 0.6999999881
10973  12.686  -77.388  -22.451 0.6999999881
10975  11.197  -77.427  -22.593 0.6999999881
12210  18.575  -76.754  -28.973 0.8000000119
11098  18.095  -77.104  -28.444 0.8000000119
10992  13.495  -77.536  -23.191 0.6000000238
137468  11.964  -77.389  -22.838 0.6000000238
10995  10.569  -77.631  -23.908 0.6999999881
12233  18.435  -76.208  -29.673 0.6999999881
11013  11.412  -77.555  -24.794 0.5000000000
11015  9.782  -77.879  -24.410 0.6999999881
13405  18.955  -75.676  -31.719 0.8000000119
13394  18.697  -75.506  -30.940 0.8000000119
135137  13.486  -77.525  -24.039 0.5000000000
147114  12.366  -77.649  -24.660 0.5000000000
12289  19.134  -77.868  -33.841 0.6999999881
11032  13.474  -77.646  -25.398 0.5000000000
12166  13.885  -77.115  -25.145 0.6000000238
11053  13.058  -77.897  -26.075 0.5000000000
11055  11.063  -77.669  -26.734 0.6000000238
11056  10.034  -77.702  -26.900 0.6999999881
9987  8.349  -78.646  -27.451 0.6999999881
11054  12.231  -77.859  -26.626 0.5000000000
9986  9.087  -77.937  -27.062 0.6000000238
11080  8.876  -77.789  -28.871 0.6000000238
12167  13.472  -77.209  -26.115 0.6000000238
11078  10.703  -77.639  -27.594 0.6000000238
149012  10.430  -77.478  -28.383 0.6000000238
12179  12.938  -77.630  -26.836 0.5000000000
11077  11.628  -77.646  -27.379 0.5000000000
12215  9.786  -76.692  -29.749 0.6000000238
12238  8.300  -76.226  -30.562 0.6000000238
13364  8.201  -74.881  -30.542 0.6999999881
15694  7.682  -72.955  -29.360 0.6000000238
14492  7.619  -73.488  -28.465 0.6999999881
12193  11.172  -77.340  -28.199 0.6000000238
12213  11.548  -76.610  -28.829 0.6000000238
12236  10.288  -76.141  -30.148 0.6000000238
13363  9.480  -75.082  -30.196 0.6999999881
15693  8.645  -72.969  -29.459 0.5000000000
7931  13.934  -79.887  -20.807 0.8999999762
7997  18.068  -79.874  -23.960 0.6000000238
7975  17.333  -80.485  -22.457 0.6999999881
8929  13.395  -79.315  -20.607 0.8000000119
8931  11.112  -79.086  -19.796 0.6999999881
9897  12.650  -78.211  -20.318 0.6999999881
9896  13.691  -78.600  -20.539 0.8000000119
11052  18.830  -77.496  -26.757 0.6999999881
152671  13.297  -77.677  -21.249 0.8000000119
10974  11.848  -77.281  -21.827 0.6000000238
139018  14.349  -77.649  -22.149 0.6999999881
10971  14.742  -77.384  -22.547 0.6000000238
13393  19.427  -75.223  -31.139 0.8000000119
137670  19.919  -75.363  -30.668 0.8000000119
13404  19.800  -75.536  -31.871 0.8000000119
133624  14.592  -77.222  -23.258 0.5000000000
12268  19.376  -76.420  -32.525 0.8000000119
11011  13.786  -77.437  -24.637 0.5000000000
14440  15.175  -75.183  -23.016 0.5000000000
14441  14.739  -75.478  -23.782 0.6000000238
13278  14.517  -76.411  -23.995 0.6000000238
13300  13.889  -76.054  -25.498 0.6000000238
16837  9.444  -71.382  -28.012 0.5000000000
12191  12.553  -76.972  -27.493 0.5000000000
16848  9.402  -71.783  -28.394 0.5000000000
15672  8.319  -72.561  -28.539 0.6000000238
12212  12.259  -76.400  -28.454 0.6000000238
12235  11.233  -76.092  -29.860 0.6999999881
13362  10.685  -75.287  -30.195 0.6999999881
14511  9.712  -74.179  -29.809 0.6999999881
13329  13.423  -75.665  -27.624 0.6000000238
14510  11.013  -74.474  -30.033 0.6000000238
13342  13.266  -75.293  -28.737 0.6999999881
13360  12.452  -75.110  -30.011 0.6000000238
14509  12.071  -74.513  -30.187 0.5000000000
7953  15.850  -80.544  -21.511 0.6999999881
7929  15.457  -80.185  -20.940 0.6999999881
8928  14.241  -79.457  -20.672 0.8000000119
9895  14.781  -78.984  -20.668 0.6999999881
149109  14.873  -77.807  -21.673 0.6999999881
9910  14.557  -78.404  -20.979 0.6999999881
133287  10.863  -70.619  -26.396 0.5000000000
15600  15.552  -73.680  -22.612 0.5000000000
150338  14.907  -74.729  -23.602 0.6000000238
17923  10.162  -70.963  -26.699 0.5000000000
14453  14.865  -74.000  -23.910 0.5000000000
16754  15.663  -72.776  -22.780 0.5000000000
14454  14.652  -74.763  -24.338 0.6000000238
13315  13.535  -75.980  -26.576 0.6000000238
15692  9.954  -73.393  -29.420 0.5000000000
16773  15.413  -72.444  -23.699 0.5000000000
15632  14.759  -73.924  -24.897 0.6000000238
14477  14.258  -74.524  -26.548 0.6000000238
15648  14.735  -73.877  -26.007 0.6000000238
7952  17.525  -80.206  -21.527 0.6999999881
148266  16.610  -79.851  -20.756 0.6999999881
8926  15.976  -79.743  -20.723 0.6999999881
15670  15.112  -73.808  -28.840 0.5000000000
17831  16.689  -71.898  -22.422 0.5000000000
15680  13.557  -73.579  -30.054 0.5000000000
16793  15.462  -72.129  -24.855 0.5000000000
15647  15.396  -73.404  -26.766 0.5000000000
14488  14.430  -74.443  -27.940 0.5000000000
14498  13.555  -74.463  -29.647 0.5000000000
15669  15.679  -73.333  -29.204 0.5000000000
15678  15.909  -72.866  -29.393 0.5000000000
17907  16.249  -71.746  -25.803 0.5000000000
16826  16.160  -73.123  -27.738 0.5000000000
15679  15.074  -73.280  -29.761 0.5000000000
17873  16.143  -71.335  -24.713 0.5000000000
16812  15.792  -72.640  -26.263 0.5000000000
15661  15.606  -73.524  -28.197 0.5000000000
150597  15.752  -71.719  -23.996 0.5000000000
130755  17.183  -71.629  -26.793 0.5000000000
17891  12.558  -71.060  -24.482 0.6000000238
16794  12.397  -71.700  -24.814 0.6000000238
147272  12.229  -69.352  -24.845 0.5000000000
20034  12.963  -69.527  -23.492 0.6999999881
17874  13.242  -71.326  -23.712 0.6000000238
16775  13.038  -72.979  -23.819 0.6000000238
15601  13.013  -72.911  -21.924 0.6999999881
20020  13.401  -69.336  -22.451 0.6000000238
17851  13.570  -71.257  -22.944 0.6999999881
16774  13.271  -72.226  -23.383 0.6999999881
15618  12.548  -73.701  -23.124 0.6999999881
147884  13.495  -72.306  -20.788 0.8000000119
22249  12.379  -67.770  -22.519 0.5000000000
20021  12.183  -68.528  -23.814 0.5000000000
17833  13.830  -71.273  -21.996 0.8000000119
18918  13.919  -70.238  -21.837 0.6000000238
16700  14.145  -71.727  -18.885 0.6999999881
23479  12.961  -65.798  -22.609 0.5000000000
22250  12.323  -67.509  -23.332 0.5000000000
151001  13.993  -71.366  -20.153 0.6999999881
16716  13.785  -72.081  -20.093 0.6999999881
17832  14.009  -70.829  -21.225 0.6999999881
21101  13.424  -68.747  -21.779 0.6999999881
16687  14.220  -72.049  -18.212 0.6999999881
18878  14.588  -70.255  -19.230 0.6999999881
22234  12.628  -67.511  -21.660 0.6000000238
20005  13.897  -69.461  -21.482 0.8000000119
23331  10.429  -66.697  -13.697 0.6999999881
22107  11.070  -67.195  -14.133 0.8000000119
27087  14.859  -63.234  -21.381 0.4000000060
133310  14.763  -71.631  -16.933 0.6999999881
25846  14.403  -63.549  -21.787 0.5000000000
18871  14.702  -70.589  -18.449 0.6999999881
24658  12.914  -65.230  -22.092 0.6000000238
23458  12.607  -66.586  -21.397 0.6000000238
18896  14.318  -70.037  -20.089 0.6999999881
21084  13.344  -68.236  -21.104 0.8000000119
21083  14.020  -68.748  -20.509 0.8000000119
24466  -0.477  -65.961  -7.104 0.5000000000
24471  -0.542  -65.220  -7.995 0.5000000000
24473  0.105  -65.662  -8.853 0.5000000000
26975  6.705  -63.745  -12.963 0.5000000000
24542  7.721  -64.908  -14.178 0.6000000238
26988  6.716  -63.670  -13.942 0.6000000238
26963  6.327  -63.907  -12.194 0.6000000238
24481  4.724  -65.721  -10.532 0.6000000238
24530  8.389  -65.371  -13.786 0.6999999881
25748  8.093  -64.511  -13.251 0.6999999881
147132  9.593  -66.377  -13.729 0.6999999881
143698  9.858  -65.447  -12.473 0.6999999881
21007  13.832  -69.334  -17.071 0.6999999881
21009  12.701  -68.454  -16.077 0.6999999881
22134  12.182  -67.878  -15.740 0.8000000119
27088  14.358  -63.136  -21.213 0.5000000000
137121  14.606  -70.273  -17.785 0.6999999881
24642  13.123  -64.711  -21.580 0.6000000238
19956  14.599  -69.718  -18.582 0.8000000119
22214  13.067  -67.418  -20.741 0.6999999881
138654  14.067  -67.950  -18.664 0.8000000119
19968  14.527  -69.417  -19.413 0.8000000119
24465  0.086  -65.386  -6.483 0.5000000000
25674  0.362  -64.539  -7.621 0.6000000238
25682  1.158  -63.669  -8.123 0.5000000000
25683  -0.088  -63.962  -8.448 0.6000000238
24484  -0.248  -64.675  -9.133 0.6000000238
24483  0.818  -65.170  -9.635 0.6000000238
25691  0.393  -64.074  -9.743 0.6000000238
24501  1.903  -65.126  -10.192 0.5000000000
144195  6.053  -63.344  -13.660 0.5000000000
26976  5.783  -63.381  -12.917 0.5000000000
25771  7.321  -63.977  -15.208 0.6000000238
26964  5.464  -63.676  -12.165 0.6000000238
25703  5.613  -64.833  -11.291 0.6999999881
24482  3.788  -65.833  -10.280 0.6000000238
24560  7.612  -64.906  -15.023 0.6000000238
24541  8.117  -65.621  -14.760 0.6999999881
25739  8.433  -64.402  -12.412 0.6999999881
25722  7.794  -64.297  -11.683 0.6999999881
25701  7.303  -64.830  -11.061 0.8000000119
24498  5.700  -65.479  -10.723 0.6999999881
24559  8.151  -65.352  -15.726 0.6999999881
23347  9.220  -66.759  -15.088 0.6999999881
23365  9.069  -66.479  -15.708 0.6999999881
23346  10.016  -67.157  -15.049 0.8000000119
22152  11.618  -67.519  -16.063 0.8000000119
22135  11.453  -67.694  -15.358 0.8000000119
25840  13.312  -64.286  -20.116 0.5000000000
25828  13.023  -64.310  -19.076 0.6000000238
21027  13.319  -68.864  -17.090 0.8000000119
22151  12.320  -67.888  -16.398 0.8000000119
23440  12.758  -65.792  -20.441 0.6000000238
24618  12.919  -65.190  -19.719 0.6999999881
22177  13.592  -67.638  -18.197 0.8000000119
23422  12.998  -66.778  -19.316 0.6999999881
22193  13.569  -67.412  -18.971 0.6999999881
22192  14.073  -67.964  -19.371 0.8000000119
24464  1.775  -65.300  -6.311 0.4000000060
25673  2.137  -64.887  -7.296 0.5000000000
26935  2.218  -63.183  -8.532 0.4000000060
26936  0.475  -63.264  -9.004 0.5000000000
26953  1.293  -63.112  -10.750 0.5000000000
27001  6.165  -63.042  -15.191 0.5000000000
26977  4.906  -63.157  -12.907 0.6000000238
26966  3.841  -63.153  -11.911 0.6000000238
25705  3.073  -64.276  -11.045 0.6000000238
139865  7.527  -63.363  -16.102 0.6000000238
139772  5.000  -64.218  -11.602 0.6999999881
24499  3.949  -65.076  -10.756 0.6999999881
25790  8.280  -64.392  -16.522 0.6000000238
23380  10.373  -66.488  -16.299 0.8000000119
135599  12.310  -64.570  -18.533 0.6999999881
23395  12.748  -66.405  -17.764 0.6999999881
150776  12.611  -66.820  -17.218 0.8000000119
23396  12.023  -66.108  -17.135 0.8000000119
24607  12.567  -65.326  -18.773 0.6999999881
138039  3.374  -65.123  -7.039 0.4000000060
24463  3.235  -65.029  -6.256 0.4000000060
25656  2.567  -64.622  -5.832 0.4000000060
26934  3.707  -63.603  -8.400 0.5000000000
25681  3.193  -64.448  -7.606 0.4000000060
26901  1.275  -63.757  -5.629 0.5000000000
28115  0.918  -62.947  -10.190 0.5000000000
28125  2.555  -62.253  -11.086 0.5000000000
25726  2.263  -63.270  -11.226 0.5000000000
30443  3.395  -60.830  -10.784 0.5000000000
25725  3.413  -63.620  -11.474 0.6999999881
25789  8.944  -64.541  -16.986 0.6000000238
24575  11.028  -66.039  -16.806 0.8000000119
25811  12.532  -63.619  -18.710 0.6000000238
25812  11.747  -64.102  -18.226 0.6000000238
27060  10.766  -63.523  -18.025 0.6999999881
24593  10.431  -64.577  -17.475 0.6999999881
152121  11.930  -65.478  -17.596 0.6999999881
28073  0.704  -61.732  -5.745 0.3000000119
25680  4.605  -64.406  -7.621 0.4000000060
25672  4.330  -65.032  -6.998 0.3000000119
25668  4.150  -64.874  -6.547 0.4000000060
25655  3.694  -64.632  -6.081 0.4000000060
152770  2.278  -63.903  -5.792 0.4000000060
28072  1.780  -62.859  -6.027 0.5000000000
28094  2.857  -62.463  -9.034 0.4000000060
29262  1.929  -61.658  -6.256 0.3000000119
28095  1.806  -62.625  -9.247 0.4000000060
28146  3.476  -61.971  -11.971 0.5000000000
28113  2.517  -62.041  -9.675 0.4000000060
29335  4.153  -61.682  -12.422 0.6000000238
28112  3.383  -61.660  -9.449 0.4000000060
31667  4.609  -60.147  -11.719 0.4000000060
29310  2.857  -61.526  -10.738 0.5000000000
24594  9.655  -64.757  -17.096 0.6999999881
153438  11.258  -65.289  -17.362 0.6999999881
139582  -0.168  -62.550  -5.022 0.4000000060
28071  3.098  -62.572  -6.340 0.4000000060
29261  2.940  -61.494  -6.581 0.3000000119
28092  5.309  -62.799  -8.866 0.3000000119
29295  3.844  -60.850  -9.662 0.4000000060
31653  4.648  -59.705  -11.069 0.4000000060
30442  4.067  -60.192  -10.593 0.4000000060
25671  5.373  -64.611  -7.080 0.3000000119
26915  4.582  -64.284  -6.282 0.3000000119
26900  3.320  -63.932  -5.881 0.4000000060
28070  4.351  -63.333  -6.249 0.3000000119
29260  4.190  -62.040  -6.455 0.3000000119
25679  5.523  -64.241  -7.669 0.3000000119
28111  4.486  -61.718  -9.281 0.3000000119
30422  5.148  -60.128  -9.920 0.3000000119
29294  4.804  -60.803  -9.504 0.3000000119
31616  5.620  -59.403  -10.305 0.3000000119
134349  5.213  -63.740  -6.319 0.3000000119
138501  6.047  -62.639  -6.235 0.3000000119
25666  5.969  -64.322  -6.822 0.3000000119
28068  6.718  -63.221  -6.310 0.3000000119
28110  5.610  -61.825  -9.315 0.3000000119
30421  5.912  -60.058  -9.894 0.3000000119
31615  6.359  -59.415  -9.930 0.3000000119
29263  1.222  -61.014  -5.890 0.3000000119
25670  6.372  -64.254  -7.335 0.3000000119
26925  7.777  -63.835  -6.972 0.3000000119
139477  6.795  -60.660  -9.702 0.3000000119
11014  10.482  -77.635  -25.033 0.6000000238
136733  10.314  -77.661  -25.985 0.6999999881
9969  9.420  -77.895  -26.165 0.6999999881
28126  1.810  -62.812  -10.685 0.4000000060
26967  2.980  -62.787  -11.553 0.6000000238
8077  13.614  -81.114  -27.189 0.6999999881
7141  10.625  -81.418  -23.281 0.6999999881
9023  16.913  -79.598  -27.686 0.8000000119
11131  16.495  -77.224  -32.837 0.6000000238
128400  17.383  -77.262  -32.936 0.6999999881
8043  17.544  -80.354  -25.445 0.6000000238
8930  12.030  -78.700  -20.029 0.6999999881
12252  18.513  -75.785  -30.312 0.8000000119
12280  18.124  -77.287  -33.077 0.6999999881
12279  19.003  -77.361  -33.291 0.8000000119
14512  8.366  -73.755  -29.937 0.6999999881
11033  12.306  -77.789  -25.614 0.5000000000
152745  8.819  -78.045  -27.938 0.6000000238
14491  8.865  -74.235  -27.567 0.6000000238
13344  12.001  -75.854  -29.518 0.6999999881
10930  13.110  -77.849  -20.722 0.8000000119
12130  15.048  -76.900  -22.783 0.5000000000
12142  14.721  -76.796  -23.429 0.6000000238
14464  14.307  -74.790  -25.382 0.6000000238
21026  13.819  -68.786  -17.578 0.8000000119
4370  21.504  -85.060  -29.595 0.4000000060
4363  22.132  -85.476  -29.012 0.4000000060
5713  19.270  -81.795  -29.807 0.3000000119
4371  20.190  -84.332  -28.816 0.4000000060
3755  21.524  -85.741  -28.275 0.4000000060
5711  23.419  -82.629  -31.843 0.4000000060
5707  22.890  -83.390  -31.461 0.5000000000
146441  23.256  -83.748  -30.729 0.5000000000
128679  21.004  -83.135  -32.136 0.3000000119
5708  21.385  -83.217  -31.059 0.4000000060
5027  22.376  -84.504  -30.270 0.4000000060
5717  20.330  -81.936  -31.203 0.3000000119
5035  20.525  -83.065  -29.976 0.3000000119
5028  20.782  -84.099  -29.695 0.3000000119
6413  21.766  -82.364  -33.031 0.4000000060
6407  24.064  -82.124  -31.595 0.5000000000
7214  21.218  -81.883  -33.367 0.3000000119
6414  20.582  -82.295  -32.637 0.3000000119
146602  19.199  -80.499  -32.148 0.4000000060
7219  19.712  -81.272  -33.532 0.3000000119
9092  18.152  -79.306  -33.241 0.4000000060
8136  17.742  -79.691  -32.190 0.4000000060
9093  17.137  -79.271  -32.282 0.4000000060
7213  22.339  -81.516  -33.299 0.4000000060
8132  22.373  -80.123  -34.038 0.4000000060
8133  21.483  -80.553  -34.065 0.4000000060
9089  21.771  -79.766  -34.174 0.4000000060
132001  22.925  -78.490  -34.045 0.5000000000
7218  20.513  -81.361  -33.818 0.4000000060
133476  20.386  -78.881  -34.256 0.4000000060
8135  18.895  -80.384  -33.554 0.4000000060
9091  18.762  -79.857  -33.494 0.5000000000
10053  19.857  -78.637  -33.986 0.4000000060
146340  18.055  -78.891  -33.656 0.4000000060
141627  16.111  -78.016  -33.230 0.6000000238
10046  17.005  -78.673  -33.148 0.4000000060
10050  22.919  -77.897  -33.979 0.6000000238
11151  21.936  -77.614  -35.143 0.6000000238
10058  20.552  -78.773  -35.011 0.6000000238
12295  21.144  -77.483  -35.293 0.6000000238
11165  19.851  -78.202  -35.085 0.6000000238
13424  20.685  -76.912  -35.002 0.6999999881
11153  18.806  -78.560  -34.421 0.5000000000
11166  19.129  -78.044  -35.040 0.6000000238
12288  19.887  -77.816  -33.880 0.6999999881
12285  22.775  -76.474  -35.115 0.6999999881
12275  22.516  -76.788  -33.545 0.6999999881
13422  22.955  -76.845  -35.155 0.6000000238
12286  21.735  -77.608  -34.022 0.6999999881
13403  20.685  -75.496  -32.015 0.6999999881
13392  20.279  -75.188  -31.298 0.6999999881
12232  19.153  -76.367  -29.477 0.6999999881
12287  20.594  -77.737  -33.942 0.6999999881
12267  20.268  -76.383  -32.589 0.6999999881
11137  20.128  -77.576  -33.670 0.6999999881
13401  22.422  -75.321  -32.226 0.5000000000
13390  22.082  -75.215  -31.533 0.6000000238
12266  21.181  -76.337  -32.690 0.6999999881
13391  21.168  -75.179  -31.424 0.6000000238
12250  20.812  -75.305  -30.735 0.6999999881
12249  21.377  -75.839  -30.177 0.6999999881
150812  21.289  -77.632  -33.872 0.6999999881
149998  20.471  -75.891  -30.107 0.6999999881
12208  20.096  -76.565  -29.347 0.6000000238
13379  21.727  -75.344  -30.840 0.6000000238
12248  22.284  -75.795  -30.242 0.6000000238
12230  21.046  -76.468  -29.501 0.6000000238
12229  21.917  -76.493  -29.588 0.6000000238
9953  18.651  -77.840  -25.208 0.5000000000
7153  10.680  -81.488  -24.149 0.6000000238
136515  10.683  -81.544  -24.835 0.6000000238
146159  20.808  -76.927  -28.899 0.6000000238
11096  20.200  -77.095  -28.429 0.6000000238
11051  19.752  -77.518  -26.988 0.5000000000
138042  19.543  -77.578  -26.189 0.5000000000
6351  9.617  -82.537  -22.534 0.6000000238
7126  10.590  -81.411  -22.254 0.6000000238
7127  10.124  -81.960  -22.862 0.6000000238
12207  21.549  -77.019  -28.934 0.6000000238
11073  20.428  -77.424  -27.583 0.5000000000
7092  9.290  -81.412  -19.613 0.6000000238
7913  9.760  -80.583  -19.751 0.6000000238
7102  9.973  -81.400  -20.070 0.6000000238
6340  9.378  -82.650  -20.743 0.6000000238
7114  10.493  -81.484  -21.015 0.6000000238
7932  11.028  -79.742  -19.993 0.6000000238
7959  10.619  -80.558  -20.257 0.6000000238
7951  18.106  -79.974  -22.059 0.6000000238
11095  21.077  -77.292  -28.271 0.6000000238
147088  9.357  -80.361  -19.683 0.6000000238
8948  9.141  -78.819  -21.391 0.6000000238
7934  9.785  -79.855  -19.789 0.6000000238
147294  10.481  -77.977  -20.608 0.6000000238
9912  9.964  -78.493  -20.461 0.6000000238
10952  10.900  -77.563  -21.404 0.5000000000
140770  11.406  -78.436  -19.947 0.6000000238
10932  11.800  -77.557  -20.822 0.5000000000
6316  8.109  -82.200  -19.114 0.6999999881
7915  8.551  -81.098  -19.491 0.6000000238
8933  9.480  -79.239  -20.262 0.6000000238
9911  9.914  -77.974  -21.449 0.6000000238
9922  10.328  -77.707  -22.671 0.6000000238
8006  6.137  -80.772  -23.630 0.6000000238
7960  8.323  -80.222  -20.250 0.6000000238
8949  8.667  -79.564  -20.745 0.6000000238
9923  9.396  -78.385  -22.705 0.5000000000
8958  8.176  -79.666  -21.932 0.6000000238
8979  7.852  -79.704  -24.002 0.6000000238
8005  6.547  -80.838  -23.872 0.6000000238
8028  5.994  -81.000  -24.562 0.6000000238
7961  7.335  -80.662  -20.899 0.6000000238
9931  9.838  -77.944  -23.520 0.6000000238
8967  8.004  -79.653  -23.041 0.6000000238
9945  8.508  -78.932  -24.405 0.5000000000
8993  7.785  -79.671  -24.963 0.6000000238
8980  6.906  -80.650  -24.548 0.5000000000
8065  6.172  -80.661  -25.964 0.5000000000
11035  9.669  -77.858  -25.315 0.6000000238
9956  8.469  -78.828  -25.325 0.6000000238
9009  7.800  -79.501  -25.928 0.6000000238
9010  6.895  -80.084  -26.464 0.6000000238
9024  6.539  -79.957  -27.495 0.6999999881
8079  5.254  -80.273  -27.145 0.6999999881
9012  5.074  -79.743  -26.921 0.6999999881
9972  5.296  -78.536  -26.894 0.6999999881
9970  8.575  -78.607  -26.335 0.6000000238
9971  7.718  -79.430  -26.961 0.6999999881
9997  6.976  -78.970  -29.143 0.6999999881
9025  5.299  -80.263  -27.850 0.6999999881
9036  5.005  -79.546  -28.512 0.6999999881
142459  4.764  -78.566  -28.586 0.6000000238
9996  8.071  -78.476  -28.536 0.6000000238
136083  19.690  -77.507  -24.868 0.5000000000
9943  18.528  -78.086  -24.519 0.5000000000
10989  19.118  -77.261  -23.395 0.5000000000
11010  18.824  -77.555  -24.157 0.5000000000
10990  18.782  -77.679  -23.125 0.6000000238
10946  20.507  -77.038  -22.122 0.6000000238
10967  19.625  -77.120  -22.734 0.6000000238
10968  19.152  -77.296  -22.512 0.6000000238
9921  18.687  -78.523  -22.345 0.6000000238
141930  18.516  -79.222  -20.997 0.6000000238
10947  19.573  -76.903  -21.787 0.5000000000
10948  18.990  -77.412  -21.526 0.6000000238
8924  18.064  -79.352  -20.600 0.6000000238
12092  19.339  -76.686  -20.296 0.6000000238
145954  18.226  -77.386  -19.582 0.5000000000
146626  18.013  -78.689  -20.162 0.6000000238
9892  17.388  -78.965  -20.249 0.6000000238
12074  18.201  -76.809  -19.218 0.5000000000
9877  17.536  -78.241  -19.813 0.6000000238
12094  15.654  -77.223  -21.001 0.5000000000
140452  16.002  -77.061  -20.154 0.5000000000
9909  15.293  -78.338  -20.906 0.6000000238
10928  16.456  -77.659  -19.823 0.6000000238
10056  17.936  -78.918  -34.928 0.6000000238
12298  18.970  -77.620  -34.656 0.6999999881
9930  18.542  -78.171  -23.823 0.5000000000
9944  9.106  -78.306  -24.810 0.6000000238
9988  7.335  -79.209  -28.014 0.6999999881
8956  18.460  -79.341  -22.612 0.6000000238
9893  16.698  -78.435  -20.071 0.6000000238
10929  15.910  -77.998  -20.544 0.6000000238
5042  19.429  -82.432  -29.529 0.3000000119
5041  20.275  -82.426  -30.362 0.3000000119
5034  21.775  -84.191  -31.082 0.4000000060
153159  20.124  -81.499  -31.514 0.3000000119
147147  20.314  -81.857  -33.264 0.4000000060
8134  19.544  -80.997  -34.101 0.4000000060
9088  22.802  -79.360  -34.054 0.4000000060
9090  20.008  -80.202  -34.252 0.3000000119
10052  21.278  -78.802  -34.438 0.5000000000
139068  21.506  -78.282  -35.062 0.6000000238
147737  19.178  -80.285  -34.179 0.5000000000
11152  19.523  -78.576  -34.140 0.5000000000
10054  19.206  -78.459  -33.907 0.5000000000
13423  21.092  -76.959  -35.344 0.6000000238
13402  21.579  -75.476  -32.133 0.6999999881
8957  8.679  -79.066  -22.518 0.6000000238
11081  5.101  -77.681  -27.788 0.6000000238
12091  20.155  -76.357  -20.455 0.5000000000
9908  18.743  -78.448  -21.414 0.6000000238
9891  18.488  -78.567  -20.568 0.6000000238
12116  19.710  -76.654  -21.023 0.5000000000
10927  18.846  -77.539  -20.535 0.6000000238
12073  19.735  -76.078  -19.723 0.5000000000
10918  17.746  -77.480  -19.487 0.5000000000
134425  16.598  -76.904  -19.465 0.5000000000
1464  18.976  -90.664  -12.478 0.4000000060
1923  18.103  -89.607  -12.858 0.4000000060
134535  17.942  -89.891  -13.539 0.5000000000
207  16.713  -92.375  -12.147 0.5000000000
212  16.000  -91.685  -12.762 0.5000000000
214  15.283  -92.027  -13.366 0.5000000000
131308  17.195  -91.271  -13.211 0.5000000000
407  17.985  -92.615  -12.009 0.5000000000
2472  17.679  -88.358  -12.865 0.4000000060
3079  18.125  -87.307  -12.235 0.4000000060
3092  18.081  -87.623  -13.118 0.5000000000
3177  22.151  -87.377  -26.070 0.3000000119
2583  21.777  -87.882  -25.537 0.3000000119
3178  21.645  -87.124  -26.709 0.3000000119
3745  22.038  -86.610  -27.258 0.3000000119
408  17.129  -92.770  -11.625 0.4000000060
209  15.555  -92.013  -12.055 0.5000000000
215  15.057  -92.687  -12.164 0.5000000000
705  18.275  -92.371  -11.580 0.4000000060
129909  18.961  -92.027  -12.089 0.4000000060
1458  17.919  -89.467  -11.276 0.3000000119
1446  17.671  -91.022  -10.616 0.3000000119
2487  19.810  -88.378  -13.569 0.4000000060
3053  17.754  -87.088  -10.751 0.3000000119
3066  18.856  -87.096  -11.821 0.4000000060
2488  18.755  -87.803  -13.454 0.5000000000
3606  18.993  -86.684  -11.073 0.3000000119
3173  22.553  -87.615  -25.378 0.3000000119
2575  21.499  -88.468  -24.412 0.3000000119
3180  22.616  -86.951  -26.739 0.3000000119
3749  21.114  -86.015  -27.427 0.3000000119
399  16.310  -93.079  -11.025 0.3000000119
202  15.528  -93.423  -11.351 0.4000000060
696  17.323  -92.224  -10.498 0.3000000119
3052  17.880  -86.959  -10.050 0.3000000119
2470  20.793  -88.459  -12.829 0.4000000060
2486  20.989  -89.166  -13.604 0.4000000060
3077  19.913  -87.624  -12.131 0.4000000060
146114  19.137  -86.687  -10.430 0.3000000119
2568  23.244  -87.519  -23.607 0.4000000060
2573  22.947  -88.034  -23.882 0.4000000060
2017  22.180  -88.363  -22.577 0.4000000060
2009  21.801  -88.586  -22.172 0.4000000060
128132  21.039  -89.015  -21.884 0.4000000060
145533  19.288  -88.422  -22.179 0.5000000000
3175  24.041  -87.055  -25.546 0.3000000119
3176  23.179  -87.173  -25.983 0.3000000119
154412  23.179  -86.782  -26.503 0.3000000119
3748  22.290  -86.158  -28.029 0.3000000119
388  15.958  -92.819  -10.177 0.3000000119
2459  22.456  -88.485  -11.849 0.3000000119
2469  22.057  -88.735  -12.597 0.3000000119
1954  22.250  -89.653  -14.675 0.4000000060
1961  22.350  -89.357  -15.755 0.4000000060
3042  19.027  -87.374  -9.499 0.3000000119
136509  21.217  -87.544  -10.856 0.3000000119
3051  20.711  -87.254  -10.029 0.3000000119
3605  19.975  -86.900  -10.680 0.3000000119
2538  17.803  -88.395  -19.505 0.5000000000
3132  19.667  -88.255  -18.737 0.5000000000
3722  24.100  -87.048  -21.225 0.3000000119
134714  23.810  -87.137  -22.016 0.3000000119
3726  23.876  -86.591  -22.477 0.3000000119
2558  23.314  -87.566  -21.673 0.3000000119
2565  22.861  -87.822  -22.327 0.4000000060
145290  18.106  -86.208  -22.488 0.5000000000
128022  14.925  -88.348  -21.884 0.5000000000
3164  23.470  -86.889  -23.439 0.3000000119
2560  22.198  -88.128  -21.759 0.4000000060
2561  21.122  -88.514  -21.654 0.4000000060
127765  20.134  -88.106  -21.852 0.5000000000
127757  18.546  -87.665  -22.388 0.5000000000
3741  23.763  -86.679  -26.321 0.3000000119
129694  22.908  -86.259  -27.532 0.3000000119
4357  23.332  -85.690  -28.136 0.3000000119
4362  23.282  -85.235  -28.783 0.3000000119
5022  23.118  -84.818  -29.544 0.4000000060
2468  23.143  -88.712  -12.596 0.3000000119
2505  23.154  -88.927  -14.823 0.4000000060
2435  20.472  -88.861  -9.042 0.3000000119
3064  22.573  -88.160  -10.957 0.3000000119
1970  22.588  -89.178  -15.665 0.4000000060
145911  20.279  -87.630  -9.410 0.3000000119
2532  21.939  -89.299  -17.861 0.4000000060
2533  20.867  -88.771  -18.132 0.5000000000
3125  19.504  -87.286  -18.163 0.4000000060
3124  20.434  -87.826  -17.805 0.5000000000
3705  24.203  -86.641  -19.580 0.3000000119
133474  15.807  -88.128  -19.699 0.5000000000
3133  18.828  -87.481  -18.912 0.5000000000
3152  23.630  -87.338  -20.495 0.3000000119
127816  15.592  -86.860  -21.639 0.4000000060
127897  16.527  -87.018  -19.936 0.5000000000
4329  23.964  -85.991  -22.885 0.3000000119
3153  22.955  -87.487  -20.684 0.4000000060
3154  22.162  -87.420  -21.108 0.4000000060
145475  16.891  -86.073  -22.182 0.5000000000
127491  14.664  -87.661  -20.774 0.5000000000
154825  23.598  -86.318  -23.989 0.3000000119
153269  23.023  -87.698  -21.434 0.4000000060
141970  21.170  -87.788  -21.490 0.5000000000
3157  20.147  -87.338  -21.870 0.5000000000
151170  24.937  -85.996  -26.218 0.3000000119
4348  24.811  -85.504  -26.619 0.4000000060
5015  24.701  -84.570  -27.310 0.3000000119
149461  24.078  -85.407  -27.905 0.4000000060
4356  24.044  -85.070  -28.478 0.4000000060
10015  12.382  -78.600  -30.861 0.5000000000
5026  23.708  -84.127  -30.108 0.3000000119
1884  21.392  -90.444  -8.627 0.3000000119
3041  21.314  -87.833  -9.471 0.3000000119
3102  23.153  -88.239  -14.776 0.3000000119
3033  21.194  -88.205  -8.870 0.3000000119
3103  22.568  -87.978  -15.414 0.3000000119
3120  20.779  -87.595  -16.979 0.5000000000
3696  18.843  -86.639  -18.600 0.4000000060
3121  19.841  -87.154  -17.206 0.3000000119
4304  24.548  -85.959  -19.156 0.3000000119
3697  18.219  -86.072  -19.130 0.5000000000
3144  23.935  -87.224  -20.032 0.3000000119
127931  16.997  -85.593  -21.263 0.4000000060
4306  17.525  -85.798  -20.002 0.4000000060
3146  22.933  -87.103  -20.228 0.4000000060
4317  21.395  -86.112  -21.014 0.4000000060
4325  19.400  -85.482  -21.992 0.4000000060
127900  18.208  -85.140  -21.836 0.4000000060
3731  23.849  -85.989  -23.569 0.3000000119
4341  25.179  -85.627  -24.993 0.3000000119
3156  21.049  -86.824  -21.479 0.4000000060
145296  19.631  -86.457  -22.118 0.5000000000
5011  25.103  -84.867  -26.393 0.3000000119
5677  24.231  -84.492  -27.365 0.4000000060
5685  24.346  -84.344  -27.928 0.4000000060
135152  12.543  -79.556  -30.456 0.5000000000
5018  23.971  -84.737  -28.997 0.4000000060
5693  24.316  -83.889  -28.471 0.5000000000
10020  12.441  -77.772  -31.567 0.5000000000
2425  21.699  -88.716  -7.986 0.3000000119
139074  9.062  -83.102  -22.264 0.5000000000
3684  18.510  -85.928  -17.944 0.3000000119
3676  19.261  -86.576  -16.615 0.3000000119
6363  9.223  -82.922  -23.202 0.5000000000
5634  8.149  -83.611  -21.418 0.6000000238
132323  24.514  -85.429  -19.341 0.3000000119
138693  23.900  -86.193  -18.140 0.3000000119
130697  23.977  -85.168  -20.886 0.3000000119
3695  23.308  -86.315  -18.811 0.3000000119
4305  22.071  -85.610  -19.216 0.3000000119
4957  17.361  -85.516  -20.566 0.4000000060
7172  11.449  -81.376  -26.093 0.5000000000
5616  5.524  -83.846  -18.878 0.5000000000
137669  21.455  -85.653  -20.271 0.3000000119
4318  20.445  -85.263  -21.105 0.3000000119
4983  19.359  -84.838  -21.455 0.3000000119
4971  18.605  -84.468  -20.656 0.3000000119
146469  12.216  -81.282  -26.406 0.5000000000
4342  24.136  -85.733  -24.394 0.3000000119
5004  23.825  -85.375  -25.078 0.3000000119
132117  13.080  -81.184  -27.843 0.5000000000
5009  23.905  -85.068  -25.908 0.3000000119
8096  12.577  -80.702  -29.541 0.5000000000
5678  23.265  -84.155  -26.975 0.4000000060
8095  13.144  -80.083  -30.009 0.6000000238
5687  22.657  -83.359  -27.376 0.4000000060
6394  24.005  -83.421  -28.814 0.5000000000
9055  13.827  -78.652  -30.237 0.5000000000
5696  24.230  -83.492  -29.110 0.3000000119
5021  24.133  -84.004  -29.531 0.4000000060
10019  13.261  -77.310  -31.609 0.6000000238
8105  22.100  -80.374  -30.395 0.3000000119
7198  24.073  -81.346  -31.658 0.4000000060
5705  24.196  -82.592  -30.831 0.4000000060
5701  24.169  -83.365  -30.287 0.3000000119
11128  14.081  -76.898  -31.702 0.6000000238
11134  13.529  -77.191  -32.384 0.5000000000
8104  22.601  -79.719  -30.898 0.3000000119
7204  23.015  -80.299  -31.814 0.5000000000
6409  24.131  -81.333  -32.061 0.4000000060
6410  23.761  -81.932  -32.247 0.4000000060
9065  23.506  -79.231  -31.314 0.3000000119
7203  23.664  -80.359  -32.177 0.5000000000
140222  23.964  -80.451  -32.435 0.4000000060
7212  23.245  -81.085  -33.151 0.4000000060
8122  23.322  -79.287  -32.041 0.4000000060
8125  23.203  -79.943  -33.154 0.5000000000
8126  23.568  -80.161  -33.287 0.4000000060
9087  23.283  -78.900  -33.885 0.5000000000
6341  8.871  -83.211  -21.212 0.6000000238
5626  8.088  -83.484  -20.346 0.6000000238
4952  24.346  -84.678  -19.266 0.3000000119
4293  24.511  -85.608  -18.425 0.3000000119
4281  23.973  -85.636  -17.727 0.3000000119
4295  23.117  -85.764  -18.189 0.3000000119
5613  8.223  -82.841  -19.488 0.6000000238
5614  7.519  -83.405  -19.243 0.6000000238
4968  24.078  -84.949  -20.140 0.3000000119
4953  21.167  -84.894  -18.991 0.3000000119
4954  20.181  -84.404  -19.689 0.3000000119
5598  6.184  -83.224  -18.552 0.6000000238
5640  22.303  -83.712  -22.441 0.3000000119
4969  20.858  -84.992  -20.027 0.3000000119
4970  19.831  -84.595  -20.663 0.3000000119
6301  5.653  -82.536  -18.388 0.6000000238
5659  23.197  -84.470  -24.985 0.3000000119
7916  5.336  -80.875  -19.287 0.6000000238
7082  4.900  -82.019  -18.366 0.6000000238
7906  3.816  -80.772  -18.308 0.6000000238
8899  4.038  -79.904  -18.454 0.5000000000
6395  23.017  -82.847  -29.263 0.4000000060
6404  24.007  -81.792  -30.774 0.4000000060
8124  23.427  -78.913  -32.196 0.4000000060
139798  23.958  -79.607  -33.033 0.5000000000
5606  23.709  -83.630  -19.178 0.3000000119
5605  24.459  -84.358  -18.415 0.3000000119
4939  24.512  -84.875  -18.029 0.3000000119
4928  24.025  -84.811  -17.296 0.3000000119
4296  22.176  -85.182  -18.419 0.3000000119
4941  20.564  -84.204  -18.727 0.3000000119
5608  19.594  -83.943  -19.220 0.3000000119
6329  8.848  -82.776  -20.196 0.5000000000
5623  23.525  -84.099  -20.115 0.3000000119
4982  22.849  -83.917  -21.868 0.3000000119
144951  7.852  -81.548  -19.280 0.5000000000
148569  7.691  -82.832  -18.900 0.6000000238
5632  22.802  -83.569  -20.964 0.3000000119
144026  18.995  -83.900  -19.480 0.3000000119
6300  6.594  -82.729  -18.490 0.6000000238
5633  21.921  -83.178  -21.715 0.3000000119
7094  5.464  -81.691  -18.666 0.6000000238
6387  22.011  -82.544  -27.800 0.3000000119
7917  4.564  -80.334  -18.649 0.6000000238
8910  4.949  -79.021  -19.520 0.6000000238
143221  6.802  -81.547  -19.252 0.6000000238
7104  7.117  -81.028  -19.970 0.5000000000
7118  6.064  -80.741  -21.274 0.6000000238
7106  5.909  -80.689  -20.330 0.6000000238
7937  5.605  -80.367  -20.297 0.6000000238
7938  5.099  -79.962  -19.363 0.6000000238
9914  5.665  -79.186  -20.846 0.6000000238
8934  5.469  -79.573  -20.096 0.6000000238
10954  6.059  -78.016  -20.567 0.5000000000
7936  8.018  -80.865  -19.776 0.5000000000
7983  7.346  -80.443  -21.988 0.5000000000
7986  5.898  -80.553  -22.158 0.5000000000
137289  5.568  -79.773  -21.862 0.6000000238
10976  6.905  -77.312  -22.379 0.5000000000
11037  6.147  -76.748  -25.887 0.6000000238
143858  6.604  -77.099  -24.268 0.6000000238
12143  7.026  -76.554  -23.269 0.5000000000
129310  6.821  -75.869  -24.394 0.6000000238
147728  7.239  -75.837  -22.651 0.6000000238
7984  6.784  -80.773  -22.960 0.5000000000
9935  5.567  -79.839  -23.999 0.5000000000
9925  5.643  -79.549  -22.784 0.6000000238
9946  5.473  -79.544  -25.068 0.6000000238
9934  6.101  -78.497  -24.371 0.5000000000
10996  6.501  -77.818  -23.373 0.5000000000
153954  5.877  -78.532  -25.299 0.6000000238
9998  5.892  -78.968  -29.241 0.6000000238
130282  5.897  -77.939  -25.982 0.6000000238
13282  7.120  -75.300  -23.590 0.5000000000
16635  12.213  -72.288  -14.805 0.5000000000
8959  7.490  -80.263  -22.725 0.5000000000
8029  5.680  -80.611  -24.132 0.5000000000
8981  5.367  -80.373  -24.947 0.6000000238
17722  12.277  -71.464  -13.582 0.5000000000
18814  11.764  -70.979  -12.915 0.6000000238
17732  12.760  -71.921  -14.194 0.6000000238
16633  13.946  -72.210  -14.964 0.6000000238
17733  11.774  -71.775  -14.294 0.5000000000
16663  12.714  -73.150  -16.053 0.5000000000
15491  12.026  -73.501  -16.646 0.5000000000
144080  7.411  -73.667  -24.422 0.5000000000
14459  7.002  -74.761  -24.749 0.5000000000
20969  12.292  -67.893  -15.014 0.6000000238
22105  12.955  -67.510  -13.289 0.6999999881
20953  13.614  -68.096  -13.711 0.6000000238
22104  13.688  -67.820  -12.872 0.6999999881
19852  13.931  -69.007  -11.485 0.6000000238
19853  13.246  -69.464  -11.167 0.6000000238
144821  14.284  -68.830  -13.757 0.6000000238
20937  14.214  -68.576  -12.492 0.6000000238
20988  13.346  -68.752  -15.516 0.6000000238
20967  14.034  -68.885  -14.662 0.6000000238
18811  14.336  -70.262  -13.355 0.6000000238
18800  14.046  -70.042  -12.631 0.5000000000
151013  12.081  -70.240  -11.618 0.6000000238
19912  14.146  -69.559  -15.499 0.6000000238
136981  14.562  -70.354  -14.125 0.6000000238
18812  13.742  -70.784  -13.094 0.5000000000
18801  13.282  -70.461  -12.386 0.6000000238
134394  14.591  -70.392  -15.019 0.6000000238
17720  14.208  -71.151  -13.897 0.6000000238
154682  14.830  -71.202  -16.275 0.6000000238
17747  14.461  -71.783  -15.197 0.6000000238
16646  14.166  -72.384  -15.707 0.6000000238
15490  12.840  -73.489  -16.772 0.5000000000
15509  11.311  -73.750  -17.394 0.5000000000
14381  10.944  -74.336  -18.563 0.5000000000
14393  10.642  -74.262  -19.230 0.5000000000
15560  9.891  -73.737  -20.722 0.5000000000
22087  13.932  -67.952  -12.151 0.6000000238
22064  13.510  -67.518  -10.550 0.6999999881
19911  14.552  -70.448  -16.088 0.5000000000
16673  14.287  -72.331  -17.436 0.6000000238
134730  13.208  -73.393  -17.896 0.6000000238
15508  12.140  -73.806  -17.371 0.5000000000
131870  12.362  -73.867  -18.957 0.6000000238
14391  11.829  -74.189  -19.677 0.5000000000
14405  11.729  -74.281  -20.792 0.6000000238
142676  10.843  -74.644  -20.825 0.6000000238
28212  9.305  -61.997  -19.070 0.4000000060
24520  10.574  -65.719  -12.152 0.6999999881
23288  9.843  -66.335  -10.112 0.5000000000
22057  10.580  -67.352  -9.042 0.5000000000
27047  9.816  -62.480  -18.636 0.6000000238
25801  9.595  -63.712  -17.687 0.5000000000
23287  10.726  -66.355  -10.266 0.6000000238
22056  12.285  -67.357  -9.434 0.5000000000
28231  11.496  -61.907  -18.519 0.5000000000
23316  10.122  -66.006  -13.024 0.6000000238
23303  11.998  -66.120  -11.098 0.8000000119
23330  11.388  -66.894  -13.286 0.6999999881
23302  12.915  -66.608  -10.835 0.8000000119
150103  12.871  -67.786  -9.476 0.6999999881
16701  13.796  -72.436  -18.797 0.6000000238
15542  12.769  -73.416  -19.595 0.6000000238
142860  9.700  -66.912  -9.450 0.5000000000
25802  8.626  -63.559  -17.474 0.5000000000
24510  9.956  -65.276  -11.599 0.6999999881
22058  9.729  -67.438  -8.900 0.5000000000
29408  12.202  -60.935  -18.368 0.4000000060
29409  11.078  -61.758  -18.618 0.4000000060
28230  12.417  -61.636  -18.494 0.4000000060
27058  13.257  -62.021  -18.806 0.5000000000
27072  13.239  -63.139  -19.147 0.4000000060
23289  8.910  -66.336  -9.807 0.5000000000
22059  8.872  -67.161  -9.051 0.5000000000
29397  9.337  -61.756  -18.487 0.3000000119
143234  8.352  -62.638  -17.825 0.3000000119
24495  9.309  -65.662  -10.474 0.6000000238
142127  14.179  -60.838  -18.367 0.4000000060
28248  14.447  -61.376  -19.212 0.4000000060
25827  13.610  -63.311  -19.791 0.4000000060
24496  7.643  -65.462  -10.477 0.6000000238
25721  8.686  -64.606  -11.528 0.6000000238
28247  15.023  -61.451  -19.794 0.4000000060
24479  7.091  -66.162  -10.062 0.5000000000
139084  8.218  -66.692  -9.405 0.5000000000
29362  10.059  -61.075  -16.243 0.3000000119
29398  8.737  -61.636  -17.539 0.3000000119
29384  7.701  -61.823  -16.648 0.3000000119
27018  6.874  -62.837  -15.676 0.4000000060
28228  15.368  -61.540  -19.570 0.3000000119
27082  14.283  -62.527  -20.678 0.4000000060
27080  15.327  -62.468  -20.797 0.4000000060
29364  7.398  -61.478  -15.746 0.4000000060
24497  6.726  -65.495  -10.606 0.6000000238
23271  6.559  -66.562  -9.449 0.4000000060
28179  6.210  -62.555  -15.264 0.4000000060
28158  10.104  -62.799  -14.402 0.3000000119
29348  8.924  -61.353  -14.878 0.3000000119
24480  6.178  -66.029  -10.070 0.5000000000
28160  5.723  -62.796  -14.611 0.4000000060
26990  5.314  -63.021  -13.849 0.4000000060
28145  4.174  -62.336  -12.515 0.5000000000
29350  5.356  -61.760  -13.693 0.4000000060
28154  4.716  -62.177  -13.134 0.4000000060
32850  7.734  -57.665  -12.201 0.3000000119
32851  6.865  -57.937  -11.613 0.3000000119
31665  6.562  -59.094  -12.115 0.3000000119
130141  5.998  -59.469  -11.703 0.3000000119
32826  5.961  -58.927  -10.756 0.3000000119
25657  1.014  -64.659  -5.587 0.4000000060
33999  8.058  -56.587  -11.945 0.3000000119
5593  18.724  -83.979  -19.164 0.3000000119
6386  22.900  -83.126  -28.322 0.4000000060
30490  5.557  -60.737  -13.342 0.3000000119
15580  13.037  -72.908  -21.061 0.6000000238
26903  -0.006  -63.326  -4.695 0.4000000060
27059  11.830  -62.835  -18.477 0.5000000000
30476  5.069  -60.430  -12.445 0.3000000119
5706  24.082  -82.907  -31.099 0.3000000119
141752  5.641  -80.277  -21.880 0.5000000000
1457  18.348  -90.406  -11.432 0.4000000060
712  19.037  -92.010  -12.930 0.5000000000
2499  18.799  -88.260  -14.289 0.5000000000
2574  22.152  -88.147  -24.066 0.4000000060
130574  18.261  -91.876  -11.227 0.4000000060
2471  19.607  -87.873  -12.966 0.4000000060
1941  21.251  -89.642  -14.262 0.4000000060
3168  23.364  -87.500  -24.367 0.4000000060
2570  22.225  -88.326  -23.335 0.4000000060
2013  21.518  -88.922  -22.510 0.4000000060
210  13.791  -93.768  -11.340 0.3000000119
2437  18.112  -88.072  -9.331 0.3000000119
3076  21.288  -87.971  -11.867 0.3000000119
2485  21.721  -89.096  -13.235 0.4000000060
3167  23.452  -86.791  -24.149 0.3000000119
147685  24.509  -86.530  -25.176 0.4000000060
1939  22.761  -89.254  -13.874 0.4000000060
2531  22.039  -89.254  -17.089 0.4000000060
127487  16.441  -87.339  -22.528 0.5000000000
8106  12.231  -80.200  -30.234 0.5000000000
4352  23.806  -85.973  -27.495 0.4000000060
3050  21.809  -87.768  -10.093 0.3000000119
2506  22.806  -88.819  -15.547 0.4000000060
2522  22.142  -88.930  -17.004 0.4000000060
3123  21.383  -88.442  -17.400 0.5000000000
3134  17.722  -87.203  -19.326 0.5000000000
3707  23.563  -86.801  -19.484 0.3000000119
4337  23.942  -85.929  -23.802 0.3000000119
3735  24.657  -85.796  -24.832 0.3000000119
4345  25.102  -85.373  -26.032 0.3000000119
10014  13.135  -78.074  -30.850 0.6000000238
3105  21.020  -87.402  -16.306 0.3000000119
3119  21.628  -88.082  -16.649 0.4000000060
145474  18.140  -84.802  -21.156 0.3000000119
134073  13.388  -80.612  -29.190 0.5000000000
5686  23.522  -84.022  -27.971 0.4000000060
3677  18.486  -85.977  -16.977 0.3000000119
4956  18.245  -84.779  -19.790 0.3000000119
7190  22.491  -81.364  -30.364 0.4000000060
6402  23.231  -82.357  -30.011 0.4000000060
5700  24.337  -83.168  -29.938 0.4000000060
9053  23.386  -79.056  -30.323 0.3000000119
4929  22.995  -84.961  -17.664 0.3000000119
7093  5.968  -81.316  -19.358 0.6000000238
7180  22.389  -81.779  -29.466 0.3000000119
5590  21.163  -83.858  -17.917 0.3000000119
5591  20.028  -83.539  -18.390 0.3000000119
135303  21.033  -82.690  -22.098 0.3000000119
144868  6.210  -78.396  -22.536 0.5000000000
22089  12.274  -67.070  -12.847 0.6999999881
137131  12.391  -66.519  -10.439 0.6999999881
23315  11.605  -66.221  -11.993 0.6999999881
24494  10.158  -65.717  -10.771 0.6000000238
30530  9.646  -61.071  -16.924 0.3000000119
30513  9.043  -60.823  -16.090 0.3000000119
9046  15.078  -79.036  -29.371 0.5000000000
133029  14.821  -80.489  -28.435 0.5000000000
12274  23.013  -76.561  -33.677 0.6000000238
137871  5.576  -80.785  -24.942 0.4000000060
8066  5.587  -80.474  -26.280 0.5000000000
12168  6.366  -75.712  -25.881 0.5000000000
11115  5.649  -77.052  -30.149 0.5000000000
12216  4.998  -76.603  -28.945 0.5000000000
12181  5.426  -76.383  -27.336 0.5000000000
130350  6.765  -75.082  -25.806 0.5000000000
144048  5.545  -75.248  -27.492 0.5000000000
153839  7.267  -77.650  -30.048 0.5000000000
14470  7.267  -74.678  -25.335 0.4000000060
13347  5.924  -76.052  -28.994 0.5000000000
13335  5.438  -75.504  -28.270 0.5000000000
14481  6.631  -74.999  -26.444 0.5000000000
15651  7.555  -74.000  -24.790 0.5000000000
128333  6.444  -75.306  -29.025 0.6000000238
13334  5.660  -74.814  -27.905 0.5000000000
13303  7.091  -75.012  -26.593 0.5000000000
14422  9.817  -74.431  -21.809 0.5000000000
13345  6.595  -73.941  -28.719 0.6000000238
14445  9.243  -74.649  -23.848 0.5000000000
14433  9.632  -74.525  -22.940 0.5000000000
13318  6.656  -74.730  -27.263 0.6000000238
13291  8.530  -75.432  -25.718 0.6000000238
15634  7.888  -73.349  -24.653 0.5000000000
14501  6.782  -73.915  -29.358 0.6000000238
13331  8.359  -75.081  -27.379 0.6000000238
136056  8.651  -75.414  -26.482 0.6000000238
13270  9.836  -75.086  -23.375 0.6000000238
13316  9.382  -75.232  -26.690 0.6000000238
14432  10.125  -74.950  -22.522 0.5000000000
14420  11.334  -74.584  -21.633 0.5000000000
13301  9.378  -75.504  -25.773 0.6000000238
13290  9.115  -75.334  -25.002 0.6000000238
19854  12.340  -69.754  -10.960 0.5000000000
137801  12.725  -69.188  -9.499 0.5000000000
19835  13.532  -68.854  -10.730 0.5000000000
14419  12.062  -74.156  -21.673 0.6000000238
14467  10.296  -75.305  -25.963 0.6000000238
14430  11.950  -74.341  -22.408 0.6000000238
136191  9.999  -75.458  -24.816 0.6000000238
14443  11.259  -74.981  -23.570 0.6000000238
14466  11.667  -74.307  -25.297 0.6000000238
140433  6.452  -61.387  -14.743 0.3000000119
24453  0.528  -65.208  -5.828 0.3000000119
10044  22.923  -78.054  -33.641 0.4000000060
11149  23.163  -77.336  -34.956 0.5000000000
11141  14.741  -77.523  -33.062 0.5000000000
11132  15.377  -77.076  -32.631 0.5000000000
12302  24.229  -76.028  -35.523 0.4000000060
11127  15.069  -76.772  -31.759 0.4000000060
13409  22.929  -75.815  -32.879 0.4000000060
8094  13.936  -80.007  -29.443 0.4000000060
10004  14.620  -78.405  -30.034 0.4000000060
9047  14.327  -79.274  -29.650 0.4000000060
10013  14.034  -77.567  -30.820 0.4000000060
128454  14.642  -76.948  -31.088 0.4000000060
14523  24.835  -74.468  -31.295 0.4000000060
14525  23.380  -74.835  -31.367 0.4000000060
13378  22.721  -75.144  -30.966 0.4000000060
8076  14.305  -80.933  -27.980 0.4000000060
14533  24.464  -74.661  -31.698 0.4000000060
13389  22.875  -74.927  -31.701 0.4000000060
12228  22.812  -76.438  -29.608 0.4000000060
14480  10.080  -74.311  -26.892 0.5000000000
15664  9.882  -72.809  -27.271 0.5000000000
15650  11.418  -73.352  -25.977 0.5000000000
16827  10.410  -72.245  -26.669 0.5000000000
155044  10.897  -71.005  -26.093 0.5000000000
15649  12.087  -73.555  -25.093 0.5000000000
17908  12.053  -71.130  -25.018 0.5000000000
20910  12.399  -68.220  -9.001 0.4000000060
153964  11.060  -68.001  -8.464 0.4000000060
143827  11.806  -72.697  -25.446 0.5000000000
15633  12.448  -73.776  -24.155 0.5000000000
13410  22.071  -76.120  -32.763 0.5000000000
13400  23.596  -75.244  -32.494 0.4000000060
12247  23.182  -75.700  -30.265 0.4000000060
213  15.515  -91.722  -13.079 0.4000000060
222  15.749  -92.053  -14.444 0.4000000060
145605  13.137  -93.046  -17.962 0.4000000060
149992  16.634  -91.103  -12.696 0.4000000060
221  16.069  -91.274  -13.477 0.4000000060
256  13.747  -92.648  -18.170 0.4000000060
236  16.001  -92.310  -14.906 0.4000000060
754  15.159  -92.066  -17.980 0.4000000060
447  14.472  -92.410  -18.138 0.4000000060
248  14.028  -92.526  -17.347 0.4000000060
1096  18.264  -91.699  -14.296 0.5000000000
424  17.041  -90.910  -13.893 0.5000000000
1097  18.120  -92.078  -14.899 0.4000000060
434  16.971  -91.932  -14.862 0.4000000060
443  14.522  -91.919  -17.428 0.4000000060
135448  19.021  -90.789  -13.217 0.5000000000
1477  17.566  -89.585  -14.182 0.5000000000
139925  18.005  -90.708  -13.974 0.5000000000
732  16.750  -92.034  -15.379 0.4000000060
435  16.470  -92.215  -15.042 0.4000000060
1491  17.290  -89.990  -14.800 0.4000000060
1103  18.108  -91.585  -14.879 0.4000000060
1525  17.116  -90.512  -17.446 0.4000000060
1128  16.471  -91.071  -17.615 0.4000000060
1129  15.720  -90.990  -17.281 0.4000000060
134611  15.055  -91.803  -16.646 0.4000000060
150859  15.233  -92.713  -16.175 0.4000000060
745  15.856  -91.692  -17.729 0.4000000060
746  15.155  -91.513  -17.362 0.4000000060
1965  17.290  -89.436  -15.584 0.5000000000
1500  16.755  -90.407  -15.552 0.4000000060
1105  16.165  -90.961  -15.866 0.4000000060
440  16.136  -92.138  -15.736 0.4000000060
1515  17.719  -90.017  -17.117 0.5000000000
1516  16.921  -89.861  -17.077 0.4000000060
1501  16.337  -90.220  -16.513 0.4000000060
1117  15.788  -90.722  -16.815 0.4000000060
1126  20.115  -91.467  -17.479 0.3000000119
1125  20.170  -91.763  -18.246 0.3000000119
1124  20.931  -91.165  -17.905 0.4000000060
1116  18.886  -90.603  -16.958 0.3000000119
1113  21.383  -90.602  -17.332 0.4000000060
1115  19.924  -91.062  -16.850 0.4000000060
128020  19.615  -90.640  -19.864 0.3000000119
1533  20.380  -90.719  -19.365 0.4000000060
1134  20.519  -91.308  -18.607 0.4000000060
1524  21.590  -90.337  -18.023 0.4000000060
1534  20.104  -90.421  -19.382 0.4000000060
1530  21.007  -90.371  -19.014 0.4000000060
1984  21.581  -89.938  -18.423 0.4000000060
1980  21.932  -89.657  -17.585 0.3000000119
1497  21.715  -90.080  -16.035 0.3000000119
1498  21.117  -90.323  -15.776 0.4000000060
2003  18.999  -90.133  -19.773 0.4000000060
143285  21.829  -90.059  -16.944 0.3000000119
1985  20.541  -89.931  -18.986 0.4000000060
2537  20.331  -89.181  -18.733 0.4000000060
2536  21.224  -89.518  -18.428 0.4000000060
1971  18.318  -89.607  -16.520 0.4000000060
1514  19.527  -90.211  -16.450 0.4000000060
127894  18.274  -89.783  -19.835 0.4000000060
1511  21.991  -89.662  -16.135 0.3000000119
127969  18.001  -89.382  -20.982 0.4000000060
131076  18.280  -89.691  -20.570 0.4000000060
134980  15.654  -89.341  -21.660 0.4000000060
127489  15.796  -89.733  -20.425 0.4000000060
1994  19.395  -89.982  -19.451 0.4000000060
1964  17.885  -88.962  -15.859 0.4000000060
1963  19.060  -89.270  -15.833 0.4000000060
1962  20.273  -89.704  -15.388 0.3000000119
1489  21.759  -89.936  -15.414 0.3000000119
127806  18.599  -89.060  -22.155 0.4000000060
145289  19.291  -88.808  -22.231 0.4000000060
145476  18.334  -88.780  -22.332 0.4000000060
127986  14.458  -89.001  -20.200 0.4000000060
1986  19.069  -89.380  -19.378 0.4000000060
2501  17.743  -88.547  -14.313 0.4000000060
1956  19.452  -88.955  -14.999 0.3000000119
1957  17.472  -89.062  -14.647 0.4000000060
2500  17.968  -88.282  -14.377 0.4000000060
2508  17.722  -88.738  -15.004 0.4000000060
2507  18.320  -88.584  -15.116 0.4000000060
12206  22.418  -77.042  -28.945 0.4000000060
154490  17.695  -89.620  -19.884 0.4000000060
208  16.248  -92.722  -11.681 0.4000000060
230  15.578  -92.625  -14.802 0.4000000060
257  13.628  -92.883  -18.836 0.4000000060
387  16.756  -92.476  -10.332 0.3000000119
397  17.684  -92.647  -11.275 0.4000000060
398  17.057  -92.725  -11.022 0.3000000119
412  18.312  -92.249  -12.916 0.5000000000
413  17.469  -92.332  -12.407 0.5000000000
414  17.049  -90.810  -13.539 0.4000000060
416  15.328  -91.818  -13.355 0.5000000000
417  14.907  -92.744  -12.185 0.5000000000
423  18.344  -91.920  -13.775 0.5000000000
432  16.441  -91.062  -14.345 0.4000000060
695  17.743  -92.114  -10.822 0.3000000119
719  18.449  -92.019  -13.742 0.5000000000
727  17.976  -92.040  -14.402 0.4000000060
731  17.666  -92.244  -15.033 0.4000000060
738  15.709  -91.487  -16.233 0.4000000060
739  15.331  -91.156  -16.979 0.4000000060
749  20.157  -91.859  -19.038 0.3000000119
1068  18.866  -91.351  -11.829 0.4000000060
1077  19.278  -91.486  -12.775 0.4000000060
1086  19.019  -91.615  -13.511 0.5000000000
1104  17.405  -91.866  -15.204 0.4000000060
1114  20.740  -90.964  -17.032 0.4000000060
1127  18.333  -91.124  -17.506 0.3000000119
1133  21.088  -90.773  -18.817 0.4000000060
1138  20.393  -91.128  -19.295 0.4000000060
1140  19.959  -91.050  -19.950 0.4000000060
1488  22.142  -89.659  -15.511 0.4000000060
1490  21.322  -89.845  -15.039 0.3000000119
1499  20.197  -90.093  -15.990 0.4000000060
1512  21.297  -90.531  -16.558 0.4000000060
1513  20.546  -90.622  -16.416 0.4000000060
1526  16.347  -90.445  -17.242 0.4000000060
1547  21.165  -89.369  -22.655 0.4000000060
1552  21.590  -89.036  -23.028 0.4000000060
1914  18.414  -89.840  -12.034 0.4000000060
1915  17.851  -88.952  -12.040 0.3000000119
1921  22.996  -88.866  -13.292 0.3000000119
1922  22.523  -89.044  -13.304 0.4000000060
1940  21.972  -89.488  -13.780 0.4000000060
1942  17.606  -88.857  -13.786 0.4000000060
1953  22.733  -89.346  -15.161 0.4000000060
1955  20.512  -89.526  -14.749 0.4000000060
1972  17.444  -89.528  -16.475 0.5000000000
1979  22.107  -89.359  -16.517 0.3000000119
2426  21.154  -89.105  -8.688 0.3000000119
2489  17.829  -88.074  -13.611 0.5000000000
2498  20.111  -89.047  -14.213 0.4000000060
2521  22.378  -89.071  -16.368 0.4000000060
2551  23.901  -87.279  -21.105 0.3000000119
2552  23.560  -87.454  -20.966 0.4000000060
2553  22.922  -87.598  -21.009 0.4000000060
2554  22.120  -87.956  -21.477 0.5000000000
2559  22.551  -88.006  -21.947 0.4000000060
2564  23.327  -87.425  -22.680 0.3000000119
2569  22.765  -87.801  -23.038 0.4000000060
2578  22.931  -88.047  -24.683 0.3000000119
2579  22.092  -88.117  -24.868 0.3000000119
3043  17.734  -87.555  -9.771 0.3000000119
3044  17.580  -87.498  -10.218 0.3000000119
3065  20.429  -87.351  -11.367 0.3000000119
3067  17.781  -87.386  -11.633 0.3000000119
3078  18.779  -87.502  -12.647 0.5000000000
3080  17.833  -87.701  -12.610 0.4000000060
3104  21.750  -87.614  -15.905 0.3000000119
3118  22.337  -88.537  -16.180 0.4000000060
3145  23.539  -87.161  -19.759 0.3000000119
3151  23.831  -87.348  -20.489 0.3000000119
3160  23.629  -86.931  -22.792 0.3000000119
3163  23.670  -86.384  -23.422 0.3000000119
3171  23.788  -86.113  -24.511 0.3000000119
3172  24.013  -87.157  -24.855 0.3000000119
3595  19.653  -86.926  -9.946 0.3000000119
3596  18.661  -86.815  -9.956 0.3000000119
3607  18.344  -86.707  -10.593 0.3000000119
3608  18.211  -86.883  -11.383 0.3000000119
3675  20.194  -87.015  -16.385 0.3000000119
3683  19.060  -86.584  -17.544 0.4000000060
3693  24.340  -86.218  -18.851 0.3000000119
3694  24.052  -86.473  -18.695 0.3000000119
3706  24.023  -86.780  -19.458 0.3000000119
3714  24.101  -87.102  -20.290 0.3000000119
3715  22.100  -86.855  -20.788 0.4000000060
3738  25.222  -86.117  -25.651 0.3000000119
3740  24.491  -86.375  -25.955 0.3000000119
3743  24.256  -86.071  -26.750 0.4000000060
3744  23.301  -86.441  -26.907 0.3000000119
4272  18.685  -85.978  -16.063 0.3000000119
4280  24.348  -85.258  -17.838 0.3000000119
4294  24.274  -85.962  -18.191 0.3000000119
4315  24.343  -86.484  -19.870 0.3000000119
4316  22.466  -86.412  -19.931 0.3000000119
4324  20.417  -85.963  -21.632 0.4000000060
4336  24.595  -85.703  -24.551 0.3000000119
4340  25.147  -85.621  -25.131 0.3000000119
4350  25.143  -84.862  -26.755 0.4000000060
4351  24.439  -85.312  -27.235 0.4000000060
4355  24.412  -84.882  -27.960 0.3000000119
4364  20.842  -85.175  -28.512 0.4000000060
4378  19.597  -83.454  -29.199 0.4000000060
4930  22.244  -84.204  -17.578 0.3000000119
4940  21.686  -84.566  -18.193 0.3000000119
4951  24.604  -85.253  -18.689 0.3000000119
4955  19.256  -84.230  -20.161 0.3000000119
4972  17.996  -84.862  -20.621 0.3000000119
5008  25.010  -85.218  -25.762 0.3000000119
5012  25.058  -84.632  -26.912 0.3000000119
5013  23.979  -84.736  -26.636 0.3000000119
5017  24.221  -84.366  -28.645 0.4000000060
5588  24.410  -83.796  -17.604 0.3000000119
5597  7.093  -83.149  -18.586 0.6000000238
5609  18.656  -84.339  -19.994 0.3000000119
5615  6.567  -83.791  -19.094 0.6000000238
5712  22.060  -83.225  -32.131 0.3000000119
6315  8.796  -82.136  -19.540 0.5000000000
6317  7.274  -82.392  -18.788 0.5000000000
6318  6.352  -82.064  -18.652 0.6000000238
6349  20.619  -82.677  -22.837 0.3000000119
6401  24.261  -82.981  -29.554 0.4000000060
6411  22.464  -82.510  -32.538 0.4000000060
6412  20.951  -82.706  -32.309 0.4000000060
6415  19.869  -81.003  -31.946 0.3000000119
7095  4.682  -81.266  -18.479 0.6000000238
7103  9.444  -82.115  -20.023 0.6000000238
7105  6.339  -80.904  -20.202 0.6000000238
7115  9.872  -82.117  -20.833 0.6000000238
7116  6.693  -80.745  -21.996 0.5000000000
7117  6.532  -80.833  -21.123 0.6000000238
7128  6.245  -80.718  -21.915 0.6000000238
7142  10.187  -82.009  -23.734 0.6000000238
7165  11.507  -81.284  -25.310 0.6999999881
7166  10.938  -81.436  -25.391 0.6000000238
7199  22.738  -80.684  -31.238 0.3000000119
7207  23.753  -81.215  -32.590 0.4000000060
7208  23.028  -81.853  -32.902 0.4000000060
7211  23.993  -80.641  -32.830 0.4000000060
7220  19.150  -80.401  -33.237 0.4000000060
7914  9.104  -80.900  -19.504 0.6000000238
7927  17.003  -80.154  -21.005 0.6999999881
7928  16.268  -80.253  -21.009 0.6999999881
7930  14.629  -80.070  -20.847 0.8999999762
7933  10.413  -79.786  -19.890 0.6000000238
7935  8.814  -80.552  -19.644 0.6000000238
7955  14.113  -80.369  -21.257 0.8000000119
7962  5.779  -80.493  -21.287 0.5000000000
7974  18.063  -80.011  -23.017 0.6000000238
7976  16.308  -80.685  -22.356 0.8000000119
7979  13.556  -80.547  -21.983 0.8000000119
7980  12.169  -80.414  -22.487 0.6999999881
7985  6.238  -80.687  -22.672 0.5000000000
7998  17.474  -80.384  -23.533 0.8000000119
7999  16.731  -80.683  -23.265 0.8000000119
8003  11.637  -80.648  -23.122 0.6999999881
8007  5.841  -80.515  -23.131 0.6000000238
8022  16.853  -80.711  -24.766 0.8000000119
8027  11.155  -81.020  -23.697 0.6999999881
8045  15.870  -81.015  -25.786 0.6999999881
8046  15.120  -81.066  -25.570 0.6999999881
8049  6.286  -80.941  -25.212 0.5000000000
8050  5.776  -80.861  -25.407 0.4000000060
8051  5.416  -80.522  -25.663 0.6000000238
8062  17.102  -80.456  -26.306 0.8000000119
8064  15.755  -80.740  -27.089 0.6999999881
8067  5.184  -80.230  -26.629 0.6999999881
8084  15.472  -80.112  -28.417 0.6000000238
8085  14.151  -80.506  -28.762 0.5000000000
8086  13.558  -80.916  -28.392 0.5000000000
8117  23.298  -79.440  -31.723 0.3000000119
8118  22.947  -79.788  -31.479 0.3000000119
8127  22.777  -80.610  -33.512 0.4000000060
8128  21.840  -81.060  -33.775 0.4000000060
8131  23.182  -79.789  -33.822 0.4000000060
8900  3.404  -79.969  -18.532 0.5000000000
8909  9.108  -79.933  -19.971 0.6000000238
8911  4.459  -79.473  -18.871 0.6000000238
8925  17.229  -79.619  -20.645 0.6999999881
8927  15.128  -79.633  -20.726 0.8000000119
8932  10.311  -79.177  -19.880 0.6000000238
8944  18.147  -79.741  -21.249 0.6000000238
8945  17.641  -79.898  -20.964 0.6999999881
8950  5.554  -80.058  -21.125 0.6000000238
8960  5.627  -80.217  -22.557 0.5000000000
8966  18.410  -79.194  -23.496 0.6000000238
8968  7.252  -80.449  -23.548 0.5000000000
8969  5.610  -80.231  -23.331 0.5000000000
8978  18.147  -79.752  -24.856 0.6000000238
8994  6.972  -80.359  -25.517 0.5000000000
8995  5.277  -80.032  -25.872 0.6000000238
9007  17.763  -79.088  -26.410 0.8000000119
9011  5.879  -80.440  -26.921 0.5000000000
9026  4.799  -80.044  -27.692 0.6999999881
9034  14.799  -79.926  -29.048 0.5000000000
9035  6.021  -79.665  -28.518 0.6999999881
9048  13.689  -79.463  -29.919 0.6000000238
9056  13.113  -79.069  -30.326 0.5000000000
9066  23.318  -79.281  -31.026 0.3000000119
9076  23.687  -79.145  -31.067 0.3000000119
9083  23.070  -79.317  -33.092 0.5000000000
9086  22.895  -78.617  -33.162 0.4000000060
9101  20.843  -79.250  -34.312 0.3000000119
9102  19.973  -79.092  -34.004 0.4000000060
9103  19.329  -79.091  -33.915 0.5000000000
9104  18.608  -79.031  -33.882 0.5000000000
9876  18.260  -77.952  -19.904 0.5000000000
9894  15.825  -78.966  -20.670 0.6999999881
9898  11.910  -78.050  -20.203 0.6999999881
9899  10.767  -78.497  -19.972 0.6000000238
9900  5.566  -78.556  -19.918 0.6000000238
9913  5.922  -78.850  -21.687 0.6000000238
9924  5.943  -78.919  -23.407 0.5000000000
9932  9.229  -78.391  -23.889 0.6000000238
9933  8.626  -78.989  -23.440 0.5000000000
9954  18.241  -78.435  -25.902 0.6000000238
9955  9.031  -78.235  -25.573 0.6000000238
9957  5.481  -79.106  -26.002 0.6000000238
9999  5.165  -78.430  -29.183 0.6000000238
10005  6.749  -78.289  -29.719 0.6000000238
10006  5.841  -78.023  -29.756 0.6000000238
10007  5.296  -77.527  -29.596 0.5000000000
10045  21.854  -78.717  -34.202 0.5000000000
10051  22.107  -78.356  -34.304 0.6000000238
10055  18.380  -78.526  -34.203 0.5000000000
10919  17.039  -77.625  -19.514 0.5000000000
10926  19.302  -76.961  -21.076 0.5000000000
10931  12.421  -77.760  -20.558 0.6999999881
10933  11.185  -77.916  -20.311 0.6000000238
10949  15.353  -77.604  -21.379 0.6999999881
10950  13.978  -77.972  -21.329 0.8000000119
10951  12.665  -77.495  -21.282 0.6000000238
10966  21.246  -77.339  -22.652 0.6000000238
10969  18.840  -77.731  -22.216 0.6000000238
10970  15.099  -77.310  -22.118 0.5000000000
10972  13.550  -77.561  -22.060 0.8000000119
10988  19.705  -77.238  -23.529 0.5000000000
10991  14.103  -77.396  -23.795 0.5000000000
10993  12.677  -77.510  -23.672 0.5000000000
10994  11.548  -77.487  -23.683 0.6000000238
11012  13.215  -77.704  -24.686 0.5000000000
11016  6.304  -77.531  -25.145 0.6000000238
11031  18.869  -77.582  -25.736 0.5000000000
11034  11.303  -77.616  -25.807 0.5000000000
11036  6.517  -76.362  -25.108 0.6000000238
11057  5.616  -77.172  -26.727 0.6000000238
11075  18.329  -77.393  -27.629 0.6999999881
11076  17.770  -77.459  -28.037 0.8000000119
11079  9.688  -77.702  -27.956 0.6000000238
11094  21.963  -77.306  -28.206 0.6000000238
11097  18.727  -77.130  -28.306 0.8000000119
11101  9.775  -77.350  -29.066 0.6000000238
11103  4.844  -77.520  -29.233 0.6000000238
11111  16.610  -77.221  -29.664 0.6999999881
11113  7.892  -77.119  -30.202 0.5000000000
11114  6.501  -77.513  -30.131 0.5000000000
11120  15.392  -76.871  -30.846 0.6000000238
11121  7.124  -77.015  -30.264 0.6000000238
11122  6.405  -76.789  -30.278 0.6000000238
11133  14.402  -77.049  -32.483 0.5000000000
11135  12.726  -77.510  -32.333 0.5000000000
11138  19.564  -77.667  -33.655 0.8000000119
11147  17.804  -78.049  -33.933 0.6999999881
11150  22.476  -77.846  -34.987 0.6000000238
11154  18.371  -78.684  -35.055 0.6000000238
11155  17.722  -78.395  -35.050 0.6999999881
11156  17.545  -77.864  -35.048 0.6999999881
11157  20.940  -78.085  -35.172 0.6000000238
11158  20.236  -78.485  -35.061 0.5000000000
11159  19.233  -78.548  -34.548 0.5000000000
11160  18.997  -78.401  -35.002 0.5000000000
11161  18.258  -78.091  -35.156 0.6999999881
11162  17.876  -77.644  -35.271 0.6999999881
11163  17.678  -77.382  -35.261 0.6999999881
11164  20.575  -78.056  -35.191 0.6000000238
11167  18.469  -77.521  -35.288 0.6000000238
12093  18.661  -77.183  -19.777 0.6000000238
12131  7.221  -76.475  -22.270 0.5000000000
12155  14.182  -77.048  -24.375 0.6000000238
12165  14.211  -76.534  -24.730 0.6000000238
12169  5.851  -75.925  -26.649 0.5000000000
12180  12.331  -77.647  -27.261 0.5000000000
12190  13.181  -76.724  -27.079 0.5000000000
12192  11.925  -77.156  -27.896 0.6000000238
12194  5.173  -76.392  -28.123 0.5000000000
12211  17.823  -76.693  -29.260 0.6999999881
12214  10.624  -76.823  -29.132 0.6000000238
12231  19.599  -75.900  -30.073 0.6999999881
12237  9.259  -76.124  -30.522 0.6000000238
12239  5.888  -76.508  -30.064 0.5000000000
12240  5.215  -76.858  -29.724 0.5000000000
12251  19.134  -75.409  -30.524 0.8000000119
12255  7.519  -76.326  -30.402 0.6000000238
12261  17.303  -76.150  -31.402 0.6000000238
12271  16.818  -76.745  -32.456 0.6999999881
12272  16.099  -76.688  -32.072 0.6000000238
12276  21.691  -77.146  -33.452 0.6999999881
12277  20.746  -77.230  -33.385 0.6999999881
12278  19.844  -77.165  -33.210 0.6999999881
12282  17.882  -77.984  -34.047 0.6999999881
12290  18.536  -77.818  -33.739 0.6999999881
12292  24.428  -76.081  -35.242 0.4000000060
12293  23.591  -76.476  -35.244 0.4000000060
12294  22.690  -77.134  -35.166 0.6000000238
12296  20.518  -77.309  -35.203 0.6999999881
12297  19.910  -77.519  -34.642 0.6999999881
12299  18.544  -76.731  -35.296 0.6999999881
12300  17.835  -76.664  -35.432 0.6999999881
12301  17.639  -77.345  -35.110 0.6999999881
12303  20.010  -77.669  -35.079 0.6000000238
12304  19.262  -77.814  -34.682 0.6000000238
12305  18.810  -77.298  -35.196 0.6000000238
12306  18.360  -76.998  -35.874 0.6999999881
12307  17.808  -77.192  -35.562 0.6999999881
13277  14.925  -76.145  -23.261 0.6000000238
13279  10.714  -75.254  -24.135 0.6000000238
13280  10.076  -75.315  -23.891 0.6000000238
13281  9.538  -75.199  -24.188 0.6000000238
13289  10.945  -75.043  -25.120 0.6000000238
13292  6.708  -75.487  -25.206 0.5000000000
13302  7.818  -75.323  -26.260 0.5000000000
13304  6.184  -75.142  -26.675 0.5000000000
13314  13.788  -75.138  -26.151 0.6000000238
13317  7.807  -75.239  -27.037 0.6000000238
13319  5.950  -74.712  -27.317 0.5000000000
13330  12.843  -76.072  -27.987 0.6000000238
13332  7.093  -74.388  -28.012 0.6000000238
13333  6.265  -74.537  -28.063 0.5000000000
13343  12.646  -75.597  -29.057 0.6999999881
13346  6.464  -74.526  -28.833 0.6000000238
13361  11.689  -75.284  -30.226 0.6000000238
13366  6.532  -75.828  -29.624 0.5000000000
13377  23.607  -75.022  -30.871 0.4000000060
13380  7.509  -75.417  -30.519 0.6999999881
13381  6.997  -75.837  -30.255 0.6999999881
13382  6.549  -76.239  -30.140 0.6000000238
13395  17.931  -75.992  -30.734 0.8000000119
13415  21.928  -76.839  -35.268 0.6000000238
13416  20.155  -77.567  -34.321 0.6999999881
13417  18.644  -77.567  -34.572 0.6999999881
13418  18.171  -77.747  -34.237 0.6999999881
13419  17.982  -77.861  -34.138 0.6999999881
13421  23.871  -75.917  -35.622 0.4000000060
13425  19.683  -77.679  -34.463 0.6999999881
13427  17.844  -77.240  -34.782 0.6999999881
14380  11.617  -74.272  -18.736 0.5000000000
14392  11.006  -74.502  -19.328 0.5000000000
14406  11.114  -74.556  -20.094 0.6000000238
14407  9.845  -74.193  -21.016 0.5000000000
14421  10.500  -74.779  -21.666 0.5000000000
14431  11.021  -74.931  -22.569 0.5000000000
14442  11.916  -74.461  -23.286 0.6000000238
14444  10.454  -75.188  -23.281 0.5000000000
14446  8.461  -73.718  -24.460 0.5000000000
14447  7.180  -74.160  -23.767 0.5000000000
14455  11.887  -74.498  -24.011 0.5000000000
14456  11.469  -74.780  -24.445 0.6000000238
14457  8.863  -74.840  -24.461 0.6000000238
14458  8.230  -74.578  -24.969 0.5000000000
14465  11.985  -74.213  -24.612 0.6000000238
14468  7.636  -74.610  -25.294 0.5000000000
14469  7.146  -74.765  -25.745 0.5000000000
14478  13.740  -74.995  -27.090 0.6000000238
14479  11.083  -74.448  -26.115 0.6000000238
14489  13.847  -74.849  -28.429 0.6999999881
14490  9.164  -73.137  -27.659 0.6000000238
14497  14.415  -73.919  -29.628 0.5000000000
14499  12.891  -74.371  -30.078 0.5000000000
14500  6.936  -73.181  -29.083 0.6000000238
14513  7.362  -73.649  -29.770 0.6999999881
14524  24.054  -74.723  -31.353 0.4000000060
14534  23.633  -74.814  -31.840 0.4000000060
14538  24.143  -74.914  -32.128 0.4000000060
15507  12.877  -73.599  -17.455 0.5000000000
15510  10.754  -73.789  -17.887 0.5000000000
15527  13.140  -73.233  -18.709 0.6000000238
15528  11.463  -74.179  -17.986 0.5000000000
15541  13.462  -72.675  -19.488 0.6000000238
15557  13.210  -72.833  -20.261 0.6999999881
15558  12.551  -73.623  -20.448 0.6000000238
15559  10.156  -74.063  -19.968 0.5000000000
15581  12.553  -73.671  -21.342 0.6000000238
15602  12.574  -73.658  -22.226 0.6000000238
15617  15.235  -73.388  -23.373 0.5000000000
15619  9.082  -73.297  -23.767 0.5000000000
15622  7.351  -73.315  -23.741 0.5000000000
15662  14.931  -73.967  -27.307 0.5000000000
15663  10.714  -73.578  -26.600 0.5000000000
15671  9.533  -72.124  -28.393 0.6000000238
15673  7.578  -72.687  -28.968 0.6999999881
15681  12.394  -73.798  -29.918 0.5000000000
15682  10.204  -72.676  -28.965 0.5000000000
15683  9.045  -72.378  -28.934 0.5000000000
15684  8.269  -72.561  -28.761 0.6000000238
15691  11.254  -73.710  -29.676 0.6000000238
16634  13.159  -72.382  -14.801 0.5000000000
16647  13.394  -72.684  -15.513 0.5000000000
16648  12.513  -72.733  -15.386 0.5000000000
16661  14.291  -72.446  -16.561 0.6000000238
16662  13.594  -72.976  -16.275 0.5000000000
16674  13.639  -73.132  -17.178 0.5000000000
16688  13.742  -72.789  -18.038 0.6000000238
16715  14.053  -71.508  -19.543 0.6999999881
16734  13.504  -72.206  -21.554 0.8000000119
16753  16.207  -72.396  -22.338 0.5000000000
16755  13.435  -72.118  -22.547 0.6999999881
16756  13.037  -72.953  -22.839 0.6999999881
16772  15.973  -71.909  -23.075 0.5000000000
16813  11.711  -71.640  -25.438 0.5000000000
16814  11.051  -71.926  -26.057 0.5000000000
16828  9.672  -71.383  -27.427 0.5000000000
16835  17.040  -72.683  -29.383 0.5000000000
16836  16.311  -73.165  -29.001 0.5000000000
16838  9.031  -72.087  -28.458 0.5000000000
17721  13.314  -71.450  -13.607 0.6000000238
17730  14.226  -71.666  -14.583 0.6000000238
17731  13.693  -71.851  -14.310 0.6000000238
17766  14.665  -71.819  -15.992 0.6000000238
17778  14.598  -71.665  -17.727 0.6999999881
17784  14.573  -71.331  -18.347 0.6999999881
17797  14.421  -71.030  -19.043 0.6999999881
17812  14.081  -70.803  -20.496 0.6999999881
17813  13.853  -71.572  -20.905 0.8000000119
17922  16.711  -72.482  -27.277 0.5000000000
18788  13.644  -69.738  -11.919 0.5000000000
18789  12.837  -70.123  -11.683 0.6000000238
18802  12.365  -70.610  -12.262 0.6000000238
18813  12.823  -71.069  -12.907 0.5000000000
18822  14.570  -71.131  -14.679 0.6000000238
18836  14.748  -71.172  -15.505 0.6000000238
18864  14.910  -71.048  -17.719 0.6999999881
18917  14.080  -70.145  -20.947 0.6999999881
18938  13.601  -70.361  -22.727 0.6999999881
18958  13.326  -70.554  -23.430 0.6999999881
18959  12.805  -70.271  -24.116 0.6999999881
18973  12.044  -70.095  -24.894 0.5000000000
19826  12.453  -69.027  -8.843 0.4000000060
19836  13.231  -68.735  -9.979 0.5000000000
19851  14.239  -69.184  -12.327 0.5000000000
19884  14.371  -69.580  -12.974 0.6000000238
19894  14.448  -69.578  -14.407 0.6000000238
19929  14.322  -70.010  -17.045 0.6999999881
19930  14.064  -69.708  -16.417 0.6999999881
19942  14.290  -69.272  -17.861 0.8000000119
19986  14.304  -69.272  -20.101 0.8000000119
20004  14.108  -69.444  -20.688 0.8000000119
20908  13.286  -67.952  -9.889 0.6999999881
20909  12.919  -68.540  -9.364 0.5000000000
20914  13.518  -68.263  -10.441 0.5000000000
20918  14.099  -68.545  -11.934 0.6000000238
20951  14.418  -68.965  -13.007 0.6000000238
20952  14.154  -68.366  -12.962 0.6999999881
20966  14.475  -69.562  -13.587 0.6000000238
20968  13.246  -68.239  -14.697 0.6000000238
20989  12.733  -68.204  -15.442 0.6000000238
21008  13.351  -69.116  -16.379 0.6999999881
21067  14.285  -68.658  -19.741 0.8000000119
21100  13.852  -68.910  -21.128 0.8000000119
21117  12.707  -68.462  -22.497 0.5000000000
21118  12.219  -68.128  -23.265 0.5000000000
22044  11.628  -67.709  -8.887 0.4000000060
22045  10.241  -67.899  -8.434 0.5000000000
22065  13.030  -67.003  -10.038 0.6999999881
22073  13.477  -67.174  -11.343 0.6000000238
22088  13.242  -67.305  -12.371 0.6999999881
22106  11.945  -67.375  -13.706 0.6999999881
22119  12.623  -67.726  -14.187 0.6000000238
22120  11.647  -67.609  -14.568 0.6000000238
22121  10.770  -67.519  -14.905 0.8000000119
22136  10.687  -67.259  -15.684 0.8000000119
22150  12.808  -68.483  -16.791 0.8000000119
22164  13.303  -68.175  -17.514 0.8000000119
22165  12.649  -67.682  -17.064 0.8000000119
22176  14.040  -68.350  -18.092 0.8000000119
22213  13.800  -68.035  -20.225 0.8000000119
22235  12.470  -66.954  -22.409 0.5000000000
22261  12.563  -67.134  -23.546 0.5000000000
23267  12.183  -66.764  -9.927 0.6999999881
23268  11.346  -66.916  -9.631 0.5000000000
23269  10.412  -66.780  -9.709 0.5000000000
23270  7.453  -66.645  -9.422 0.5000000000
23285  13.314  -66.957  -10.639 0.6999999881
23286  11.633  -66.366  -10.357 0.6000000238
23290  7.962  -66.219  -9.993 0.5000000000
23314  12.527  -66.641  -11.852 0.8000000119
23332  9.217  -65.659  -13.224 0.6999999881
23333  8.858  -66.267  -14.321 0.6999999881
23364  9.754  -66.805  -15.684 0.8000000119
23366  8.572  -66.203  -15.310 0.6999999881
23378  12.124  -67.127  -16.669 0.8000000119
23379  11.305  -66.780  -16.406 0.8000000119
23381  9.487  -66.185  -16.237 0.6999999881
23394  13.066  -67.210  -17.668 0.8000000119
23409  13.138  -66.912  -18.402 0.6999999881
23410  12.748  -66.179  -18.631 0.6999999881
23423  12.791  -66.025  -19.551 0.6999999881
23439  12.850  -66.615  -20.330 0.6999999881
23459  12.729  -65.613  -21.392 0.6000000238
23480  12.643  -66.064  -22.209 0.6000000238
23502  12.573  -66.588  -22.944 0.5000000000
24452  2.149  -65.133  -5.958 0.4000000060
24462  3.678  -65.155  -6.708 0.4000000060
24468  2.749  -65.210  -6.708 0.4000000060
24469  1.228  -65.231  -6.916 0.5000000000
24470  -0.357  -65.180  -7.410 0.6000000238
24474  -0.489  -65.162  -8.511 0.5000000000
24493  11.066  -65.925  -10.873 0.8000000119
24500  2.931  -65.080  -10.512 0.6000000238
24502  1.083  -64.427  -10.178 0.6000000238
24509  10.594  -65.641  -11.367 0.6999999881
24519  11.168  -65.881  -11.596 0.6999999881
24521  9.271  -64.831  -12.232 0.6999999881
24522  8.746  -64.806  -12.976 0.6999999881
24558  8.736  -65.931  -16.066 0.6999999881
24576  10.203  -65.532  -16.822 0.8000000119
24577  9.234  -65.394  -16.596 0.6999999881
24578  8.615  -65.192  -16.380 0.6000000238
24592  12.356  -65.695  -17.939 0.6999999881
24608  11.950  -64.965  -17.986 0.6000000238
24630  13.036  -65.008  -20.717 0.6000000238
24641  13.409  -64.567  -22.013 0.5000000000
25665  6.905  -64.002  -6.923 0.3000000119
25667  5.025  -64.541  -6.779 0.3000000119
25675  -0.491  -64.667  -8.058 0.5000000000
25684  -0.404  -64.579  -8.584 0.6000000238
25692  0.078  -63.803  -9.236 0.5000000000
25699  9.553  -65.255  -10.959 0.6999999881
25700  8.184  -64.773  -10.883 0.6000000238
25702  6.389  -64.929  -11.218 0.6999999881
25704  4.100  -64.405  -11.313 0.6999999881
25706  1.842  -64.093  -10.684 0.5000000000
25707  0.910  -63.689  -10.332 0.5000000000
25720  9.324  -64.925  -11.394 0.6999999881
25723  5.983  -64.290  -11.672 0.6999999881
25724  4.210  -63.820  -11.707 0.6000000238
25740  7.611  -64.085  -12.627 0.6999999881
25749  7.364  -64.156  -13.597 0.6000000238
25757  7.280  -64.236  -14.416 0.6000000238
25800  11.231  -64.498  -17.774 0.6999999881
25839  13.767  -63.441  -20.925 0.5000000000
25847  13.770  -63.891  -21.650 0.5000000000
25848  13.367  -64.246  -21.053 0.6000000238
26913  6.408  -63.811  -6.503 0.3000000119
26914  5.558  -64.096  -6.479 0.3000000119
26932  8.240  -63.823  -7.589 0.3000000119
26933  4.933  -63.658  -8.332 0.4000000060
26944  0.915  -62.823  -9.473 0.4000000060
26945  0.538  -63.187  -9.621 0.5000000000
26954  0.591  -63.329  -10.025 0.5000000000
26965  4.613  -63.456  -12.122 0.6000000238
26978  4.286  -62.801  -12.512 0.5000000000
26979  3.602  -62.444  -11.991 0.6000000238
26989  5.972  -63.188  -14.452 0.5000000000
27000  6.720  -63.579  -14.765 0.5000000000
27034  8.084  -63.420  -16.917 0.6000000238
27035  7.825  -62.775  -17.032 0.3000000119
27048  9.077  -62.627  -18.272 0.5000000000
27049  7.940  -62.255  -17.344 0.3000000119
27057  15.615  -62.169  -19.040 0.3000000119
27070  15.779  -62.145  -20.100 0.4000000060
27071  13.958  -62.204  -19.651 0.4000000060
27081  14.780  -62.234  -21.002 0.4000000060
28042  -0.226  -62.113  -4.911 0.4000000060
28060  0.441  -62.638  -5.477 0.4000000060
28061  -0.127  -61.772  -5.222 0.3000000119
28069  5.931  -63.522  -6.256 0.3000000119
28093  4.106  -62.657  -8.937 0.3000000119
28114  1.747  -62.703  -9.903 0.4000000060
28134  2.906  -62.270  -11.547 0.5000000000
28135  2.190  -62.706  -11.178 0.5000000000
28144  4.794  -62.694  -13.179 0.4000000060
28153  5.325  -62.599  -13.870 0.4000000060
28159  9.394  -62.202  -14.407 0.3000000119
28161  5.806  -62.122  -14.664 0.3000000119
28177  10.211  -62.139  -15.299 0.3000000119
28178  9.486  -61.444  -15.347 0.3000000119
28195  7.476  -62.506  -16.501 0.3000000119
28196  7.123  -62.213  -15.793 0.4000000060
28213  9.001  -62.058  -18.635 0.3000000119
28232  10.030  -61.688  -19.066 0.4000000060
28246  15.247  -61.698  -20.444 0.3000000119
28262  14.715  -61.785  -20.290 0.4000000060
29259  5.259  -62.034  -6.473 0.3000000119
29293  5.828  -60.874  -9.648 0.3000000119
29296  3.046  -61.143  -10.042 0.5000000000
29297  2.458  -62.088  -10.347 0.4000000060
29321  3.680  -61.198  -11.689 0.5000000000
29322  3.066  -61.701  -11.372 0.5000000000
29363  9.172  -60.925  -15.798 0.3000000119
29365  6.592  -61.838  -15.286 0.4000000060
29378  14.386  -60.697  -17.933 0.4000000060
29394  12.808  -60.629  -18.220 0.4000000060
29395  11.455  -61.496  -18.506 0.4000000060
29399  8.122  -61.880  -17.385 0.3000000119
29407  13.229  -60.697  -18.254 0.4000000060
30420  7.198  -59.881  -9.872 0.3000000119
30423  4.297  -60.277  -9.972 0.3000000119
30424  3.633  -60.529  -10.134 0.4000000060
30441  4.765  -59.805  -10.444 0.3000000119
30458  4.027  -60.347  -11.299 0.5000000000
30475  6.032  -59.964  -12.580 0.3000000119
30477  4.321  -60.795  -12.119 0.4000000060
30491  4.772  -61.265  -12.943 0.6000000238
30512  9.676  -61.035  -16.473 0.3000000119
30531  8.822  -61.147  -16.655 0.3000000119
30541  11.947  -60.872  -18.215 0.4000000060
30544  9.377  -61.465  -17.513 0.3000000119
31638  5.249  -59.436  -10.751 0.3000000119
31651  6.188  -58.737  -11.276 0.3000000119
31652  5.492  -59.309  -11.113 0.3000000119
31666  5.289  -59.804  -11.748 0.3000000119
32843  6.528  -58.002  -10.900 0.3000000119
34000  7.575  -57.019  -11.497 0.3000000119
127481  21.153  -89.215  -22.305 0.4000000060
127483  18.405  -89.748  -20.254 0.4000000060
127484  21.459  -88.846  -22.035 0.4000000060
127485  18.305  -89.658  -19.977 0.4000000060
127486  18.981  -89.531  -21.290 0.4000000060
127488  17.287  -89.320  -19.896 0.4000000060
127490  15.082  -87.773  -20.185 0.5000000000
127492  16.704  -88.706  -22.458 0.5000000000
127786  20.238  -88.755  -21.922 0.5000000000
128014  15.934  -86.649  -20.644 0.4000000060
128046  15.842  -89.134  -19.847 0.5000000000
128090  18.294  -88.989  -22.100 0.4000000060
128177  21.632  -88.563  -21.812 0.4000000060
128617  13.836  -68.157  -11.204 0.6000000238
128791  11.018  -66.249  -12.729 0.6000000238
129785  14.257  -70.838  -19.757 0.6999999881
130268  20.707  -80.447  -34.178 0.3000000119
130287  12.966  -80.556  -22.792 0.6999999881
130661  24.150  -86.291  -21.807 0.3000000119
130998  13.273  -60.930  -18.455 0.4000000060
131061  18.904  -84.508  -21.108 0.3000000119
131167  18.981  -77.480  -24.888 0.5000000000
131195  15.044  -93.992  -11.075 0.4000000060
131947  6.880  -64.320  -11.656 0.6000000238
132692  14.223  -77.542  -22.905 0.6000000238
133076  15.241  -74.264  -23.156 0.5000000000
133397  18.978  -76.462  -19.453 0.5000000000
133880  4.747  -79.267  -27.818 0.6999999881
134171  14.755  -70.796  -16.974 0.6999999881
134223  6.877  -63.345  -15.409 0.6000000238
134300  13.425  -67.367  -19.847 0.8000000119
134533  15.148  -73.138  -25.479 0.6000000238
134540  23.036  -89.174  -14.408 0.4000000060
134680  10.566  -74.379  -20.099 0.6000000238
135373  18.560  -92.257  -12.277 0.5000000000
135400  12.406  -73.845  -18.136 0.5000000000
135653  19.399  -91.330  -17.307 0.3000000119
136043  16.726  -80.501  -21.571 0.6999999881
136361  18.578  -78.543  -23.108 0.6000000238
136641  5.234  -62.956  -6.294 0.3000000119
136665  20.938  -76.947  -34.937 0.6999999881
137036  10.679  -62.390  -18.537 0.6000000238
137477  12.980  -72.052  -24.202 0.6000000238
137719  12.965  -69.310  -10.339 0.5000000000
138399  5.854  -74.942  -28.418 0.6000000238
138408  14.403  -75.688  -24.610 0.6000000238
138419  10.045  -82.029  -21.870 0.6000000238
138662  18.524  -79.314  -21.716 0.6000000238
139030  14.969  -73.088  -24.343 0.6000000238
139083  9.680  -66.823  -14.407 0.6999999881
139355  17.970  -78.350  -35.121 0.6000000238
139625  16.621  -79.269  -20.519 0.6000000238
139690  10.924  -74.175  -18.029 0.5000000000
139763  4.862  -65.047  -11.073 0.6999999881
139764  9.520  -82.676  -21.578 0.6000000238
139939  21.961  -77.075  -35.333 0.6000000238
139954  15.244  -92.430  -12.443 0.5000000000
140364  11.797  -81.337  -26.970 0.5000000000
141126  14.392  -68.694  -18.788 0.8000000119
141881  7.213  -74.482  -30.108 0.6999999881
142013  10.350  -67.135  -14.478 0.8000000119
142260  10.208  -74.446  -20.946 0.5000000000
142521  8.598  -62.109  -17.956 0.3000000119
142746  24.247  -82.610  -30.177 0.4000000060
142830  12.780  -68.138  -21.880 0.6999999881
143007  12.465  -72.685  -24.734 0.6000000238
144340  19.634  -87.054  -11.414 0.3000000119
144554  8.618  -81.535  -19.439 0.6000000238
144595  19.192  -78.419  -34.189 0.5000000000
144833  2.797  -65.919  -10.100 0.6000000238
145235  16.981  -92.094  -15.115 0.4000000060
145469  18.837  -89.665  -20.968 0.4000000060
145637  9.732  -82.410  -23.307 0.6000000238
145792  17.502  -77.855  -34.683 0.6999999881
145927  12.850  -78.774  -20.321 0.8000000119
146676  21.332  -90.338  -18.545 0.4000000060
146724  7.819  -64.381  -15.765 0.6000000238
146880  22.504  -85.671  -28.506 0.4000000060
147163  5.371  -66.025  -10.142 0.5000000000
147342  23.405  -87.424  -25.096 0.4000000060
147490  23.791  -85.848  -24.263 0.3000000119
147900  8.500  -65.532  -10.401 0.6000000238
148011  18.215  -87.262  -9.680 0.3000000119
148129  13.007  -77.862  -25.368 0.5000000000
148174  13.861  -72.088  -19.370 0.6999999881
148457  7.373  -63.996  -7.463 0.3000000119
148824  23.068  -75.075  -32.227 0.5000000000
148910  1.155  -62.930  -8.866 0.4000000060
149713  13.007  -74.941  -29.629 0.5000000000
149778  16.763  -79.077  -28.154 0.6000000238
150122  7.096  -64.022  -12.144 0.6999999881
150263  14.446  -77.020  -23.786 0.6000000238
150428  4.755  -77.330  -28.711 0.5000000000
150445  20.493  -77.282  -23.025 0.6000000238
150449  18.131  -87.928  -13.796 0.5000000000
150879  2.654  -65.207  -6.321 0.4000000060
151068  12.595  -68.737  -23.123 0.6000000238
151087  9.478  -61.721  -19.030 0.4000000060
151332  13.438  -71.760  -23.147 0.6999999881
151414  13.909  -61.140  -18.650 0.5000000000
151466  12.481  -80.808  -24.008 0.6999999881
151956  8.003  -63.885  -16.268 0.6000000238
152083  22.680  -86.562  -27.101 0.3000000119
152221  13.659  -81.072  -27.874 0.6999999881
152246  4.731  -79.519  -28.179 0.6999999881
152332  18.925  -75.853  -30.066 0.8000000119
152606  13.848  -68.504  -14.195 0.6000000238
152624  21.873  -88.038  -11.358 0.3000000119
152781  7.924  -80.044  -21.109 0.6000000238
153045  8.940  -65.010  -10.849 0.6000000238
153082  24.107  -87.385  -20.989 0.3000000119
153805  10.866  -77.532  -23.219 0.6999999881
154012  18.786  -78.013  -20.965 0.6000000238
154513  11.749  -66.629  -12.561 0.6999999881
154720  16.842  -89.732  -16.308 0.4000000060
154738  12.622  -66.152  -20.900 0.6000000238
154793  11.108  -65.969  -12.132 0.6999999881
154908  24.875  -84.763  -26.300 0.3000000119
155101  10.061  -74.228  -20.503 0.5000000000
