#!ascii label  , from subject sub001 vox2ras=TkReg
1428
11145  23.180  -77.179  -33.747 0.5000000000
16730  20.041  -72.770  -20.623 0.6000000238
16731  19.465  -72.563  -21.388 0.6000000238
16732  17.789  -72.122  -21.341 0.6000000238
131855  18.597  -72.136  -21.888 0.6999999881
17830  17.312  -71.849  -22.021 0.6000000238
16770  19.750  -73.050  -23.661 0.6999999881
16752  18.536  -71.850  -23.061 0.6000000238
11029  20.200  -77.688  -25.645 0.5000000000
11093  22.855  -77.296  -28.185 0.6000000238
11071  22.414  -77.457  -27.387 0.6000000238
11050  20.653  -77.671  -26.612 0.5000000000
143696  23.673  -76.405  -29.679 0.5000000000
145116  23.390  -77.051  -28.935 0.4000000060
11072  21.417  -77.515  -27.444 0.6000000238
12075  17.372  -76.721  -19.130 0.5000000000
13399  24.256  -75.449  -32.767 0.4000000060
13220  17.766  -75.423  -18.530 0.5000000000
12076  16.781  -76.107  -19.062 0.5000000000
14378  18.238  -74.719  -18.505 0.6000000238
15538  19.811  -73.189  -18.975 0.6000000238
15554  20.904  -73.036  -20.570 0.6000000238
145941  21.826  -73.558  -21.966 0.6999999881
16711  19.383  -72.623  -20.282 0.6000000238
15577  20.986  -73.270  -21.918 0.6999999881
130074  23.030  -74.193  -23.562 0.6000000238
15597  21.444  -73.728  -23.031 0.6999999881
131054  24.262  -73.935  -25.533 0.6000000238
137572  22.538  -74.597  -25.086 0.6000000238
15598  20.525  -73.490  -23.338 0.6999999881
145115  23.083  -74.528  -26.051 0.6999999881
17850  17.344  -71.574  -22.711 0.6000000238
131674  20.123  -77.420  -24.233 0.5000000000
11028  21.280  -77.835  -25.752 0.6000000238
136599  20.719  -77.735  -24.953 0.5000000000
11092  24.205  -77.243  -28.570 0.6000000238
11069  24.238  -77.413  -27.604 0.6999999881
11049  21.867  -77.692  -26.577 0.6000000238
13359  24.034  -75.654  -30.275 0.4000000060
13236  20.119  -75.525  -19.139 0.5000000000
146923  18.564  -76.121  -18.907 0.5000000000
12291  24.721  -75.921  -34.752 0.5000000000
13219  19.590  -75.123  -18.598 0.5000000000
14388  22.101  -74.362  -19.444 0.6999999881
14376  19.950  -74.438  -18.495 0.6000000238
15535  22.410  -73.774  -19.879 0.6999999881
149178  20.490  -73.317  -19.091 0.6000000238
15523  20.281  -73.747  -18.665 0.6000000238
15553  21.769  -73.396  -20.112 0.6999999881
16698  20.175  -72.906  -19.748 0.6000000238
15576  21.806  -73.300  -21.034 0.6999999881
129585  24.067  -73.823  -23.098 0.6000000238
130060  23.422  -73.647  -22.079 0.6000000238
15612  24.647  -73.749  -24.033 0.6000000238
15596  22.398  -73.778  -22.645 0.6000000238
145616  25.187  -73.408  -25.561 0.6000000238
16805  25.187  -73.078  -26.396 0.6999999881
142416  19.444  -72.586  -24.621 0.6999999881
17871  17.352  -71.197  -23.626 0.5000000000
15629  21.478  -74.739  -25.503 0.6999999881
15615  20.166  -73.673  -24.651 0.6999999881
17849  17.898  -71.486  -23.067 0.6000000238
11008  22.717  -77.966  -24.863 0.5000000000
148534  21.170  -77.692  -24.243 0.5000000000
152294  20.592  -77.440  -23.690 0.5000000000
137575  23.912  -77.582  -26.131 0.6999999881
11009  21.756  -77.974  -24.949 0.6000000238
12203  25.589  -76.746  -28.838 0.5000000000
11068  25.206  -77.419  -27.323 0.6999999881
11046  24.542  -77.466  -26.681 0.6999999881
11047  23.802  -77.457  -26.865 0.6000000238
11027  22.335  -77.880  -25.704 0.6000000238
13357  25.564  -75.272  -30.076 0.4000000060
12226  25.230  -76.154  -29.558 0.4000000060
12204  24.794  -76.907  -29.071 0.5000000000
12072  20.685  -75.979  -19.722 0.5000000000
13235  21.653  -75.054  -19.211 0.5000000000
12071  21.751  -75.829  -19.682 0.5000000000
13218  20.453  -74.981  -18.707 0.5000000000
14387  22.913  -74.304  -19.765 0.6000000238
149089  21.068  -74.872  -18.856 0.5000000000
15551  23.808  -73.825  -20.753 0.6999999881
129169  25.325  -73.616  -21.811 0.6000000238
15574  23.897  -73.626  -21.370 0.6999999881
140869  23.293  -73.500  -20.998 0.6999999881
15594  25.928  -73.398  -22.628 0.6000000238
15595  25.022  -73.512  -22.780 0.6000000238
17864  27.626  -71.579  -23.758 0.6999999881
15610  26.305  -73.116  -23.475 0.6000000238
17882  27.550  -71.508  -24.871 0.6000000238
135248  27.161  -72.127  -24.357 0.6999999881
15628  25.890  -73.290  -24.567 0.6999999881
18982  27.855  -70.976  -26.607 0.6000000238
17899  27.343  -71.573  -26.014 0.6000000238
16787  26.823  -72.322  -25.454 0.6999999881
17888  18.615  -71.142  -24.874 0.6000000238
16804  25.973  -72.611  -26.461 0.6999999881
15631  19.873  -73.710  -25.597 0.6999999881
17870  18.180  -71.283  -23.861 0.6000000238
18996  27.426  -70.675  -27.617 0.6999999881
17915  27.129  -71.401  -27.075 0.6000000238
16822  25.828  -72.074  -27.136 0.8000000119
16806  24.489  -73.112  -26.903 0.6999999881
15644  22.557  -74.220  -26.919 0.6999999881
150820  21.181  -74.747  -26.423 0.6999999881
10986  22.162  -77.890  -24.158 0.6000000238
11045  25.401  -77.438  -26.378 0.6999999881
143088  24.707  -77.524  -25.828 0.6999999881
11026  23.285  -77.776  -25.554 0.6000000238
12189  25.884  -77.208  -28.004 0.5000000000
11067  26.105  -77.304  -27.029 0.6999999881
12225  26.053  -76.001  -29.464 0.4000000060
12090  21.225  -76.464  -20.531 0.5000000000
12115  20.326  -76.667  -21.243 0.5000000000
12089  22.207  -76.352  -20.338 0.5000000000
13233  23.279  -75.070  -19.906 0.6000000238
14417  25.822  -74.781  -21.124 0.6000000238
151084  23.958  -74.999  -20.153 0.6999999881
13234  22.449  -75.119  -19.579 0.6999999881
148184  25.833  -73.960  -21.439 0.6999999881
14401  24.405  -74.415  -20.613 0.6999999881
15593  26.695  -73.098  -22.361 0.6000000238
15572  26.258  -73.577  -21.812 0.6000000238
15573  24.491  -73.811  -21.264 0.6999999881
18933  28.308  -70.545  -22.663 0.6999999881
17846  27.686  -71.916  -22.720 0.6999999881
16748  27.286  -72.626  -22.376 0.6999999881
17904  19.813  -71.216  -25.747 0.6000000238
20030  28.542  -69.889  -23.374 0.6000000238
17845  27.947  -71.219  -22.966 0.6999999881
16749  26.842  -72.764  -23.212 0.6999999881
21153  28.855  -69.274  -27.836 0.6000000238
20047  28.781  -69.677  -26.430 0.6000000238
20041  28.554  -69.844  -25.175 0.6000000238
18968  28.069  -70.641  -24.806 0.6000000238
152316  27.820  -71.114  -24.264 0.6999999881
17887  19.378  -71.773  -25.126 0.6000000238
18995  28.204  -70.164  -27.387 0.6000000238
138423  27.840  -71.017  -25.613 0.6000000238
16789  22.669  -72.790  -26.902 0.6999999881
16790  21.596  -73.054  -26.943 0.6000000238
16791  19.864  -73.524  -25.916 0.6999999881
20075  26.868  -69.372  -28.898 0.6000000238
19011  25.775  -70.346  -28.729 0.8000000119
18998  24.820  -70.741  -28.104 0.8000000119
17918  24.476  -71.236  -27.574 0.8000000119
17919  23.581  -72.829  -27.050 0.8000000119
16808  22.389  -73.581  -27.355 0.6999999881
15645  20.679  -74.365  -26.594 0.6999999881
17916  26.197  -71.542  -27.514 0.8000000119
142162  24.567  -71.481  -27.653 0.8000000119
150063  24.251  -77.712  -24.660 0.6999999881
10985  23.108  -77.890  -24.060 0.6999999881
137546  22.563  -77.672  -23.378 0.6999999881
10987  21.494  -77.564  -23.411 0.6000000238
12178  27.002  -77.124  -26.811 0.6999999881
10965  22.074  -77.456  -22.693 0.6000000238
12188  26.716  -76.895  -27.710 0.6000000238
10945  21.626  -77.218  -21.992 0.5000000000
12113  22.153  -76.875  -21.160 0.5000000000
23475  21.142  -66.419  -23.248 0.6000000238
151059  23.181  -77.022  -21.386 0.5000000000
143987  21.391  -66.665  -23.139 0.5000000000
138597  22.994  -76.477  -20.621 0.5000000000
18937  20.951  -68.928  -23.110 0.6000000238
13261  25.683  -75.724  -20.947 0.6999999881
12087  24.357  -76.127  -20.568 0.6000000238
14416  26.530  -74.369  -21.238 0.6999999881
13246  24.470  -75.424  -20.391 0.6999999881
18957  20.974  -69.783  -23.797 0.6000000238
16729  27.571  -72.905  -21.345 0.6999999881
15571  26.882  -73.656  -21.498 0.6000000238
143977  28.527  -70.500  -21.770 0.6999999881
18911  28.602  -70.897  -20.930 0.6999999881
17828  27.780  -72.165  -21.617 0.6999999881
18985  20.670  -70.868  -25.735 0.6000000238
135499  21.100  -70.308  -24.927 0.6000000238
135760  28.117  -71.272  -21.912 0.6999999881
17886  21.717  -71.906  -25.351 0.6000000238
147704  20.336  -70.364  -26.260 0.6000000238
21127  29.440  -68.596  -23.937 0.6000000238
20029  28.862  -69.298  -24.352 0.6000000238
17885  22.396  -72.169  -25.487 0.6999999881
17903  20.926  -72.508  -26.195 0.6000000238
142213  20.379  -72.039  -26.097 0.6000000238
21152  29.264  -68.792  -26.768 0.6000000238
20049  24.718  -70.154  -25.912 0.6000000238
18969  24.364  -71.058  -25.344 0.6000000238
17883  23.833  -71.707  -25.817 0.6999999881
16811  19.881  -72.689  -25.720 0.6000000238
21170  25.494  -68.743  -26.885 0.6000000238
18984  24.503  -70.910  -26.667 0.8000000119
20063  25.176  -69.733  -27.862 0.6000000238
18983  24.746  -70.370  -27.310 0.6999999881
17902  23.580  -72.459  -26.904 0.8000000119
11024  25.499  -77.520  -25.459 0.6999999881
11006  24.787  -77.759  -24.193 0.6999999881
131132  23.984  -77.811  -24.026 0.6999999881
11043  27.341  -77.166  -25.998 0.6999999881
11044  26.372  -77.368  -25.981 0.6999999881
136308  23.552  -77.669  -23.173 0.6000000238
149483  22.569  -77.298  -22.011 0.6000000238
142998  22.557  -66.598  -20.016 0.6000000238
22209  21.045  -66.527  -20.918 0.6000000238
22208  22.408  -66.440  -20.768 0.6000000238
140922  20.981  -66.417  -21.726 0.6000000238
22230  22.448  -66.644  -21.425 0.5000000000
12109  26.177  -76.290  -21.336 0.6999999881
12111  24.586  -76.549  -21.114 0.6999999881
20003  22.062  -68.805  -21.416 0.4000000060
21116  21.529  -67.458  -22.730 0.5000000000
130952  27.123  -75.177  -21.127 0.6999999881
13260  26.412  -75.448  -21.136 0.8000000119
20019  21.396  -68.906  -22.269 0.5000000000
14399  27.859  -74.246  -20.758 0.6000000238
18936  21.107  -69.961  -22.860 0.6000000238
138747  28.227  -71.711  -20.743 0.6999999881
16710  27.944  -73.159  -20.679 0.6999999881
17847  22.627  -71.161  -22.979 0.6999999881
17848  21.723  -70.716  -23.010 0.6000000238
19999  29.344  -69.407  -21.387 0.6999999881
19980  29.523  -69.826  -20.470 0.6999999881
18955  23.602  -71.113  -23.287 0.5000000000
17868  21.688  -71.193  -24.245 0.6000000238
21111  30.175  -68.023  -22.153 0.6000000238
21112  29.672  -68.524  -22.782 0.6000000238
20000  28.804  -69.773  -22.224 0.6999999881
17867  22.184  -71.482  -24.099 0.6999999881
153798  30.045  -68.085  -22.862 0.6000000238
20016  29.073  -69.167  -23.132 0.6000000238
20043  24.739  -69.999  -24.579 0.5000000000
17866  23.044  -71.645  -24.199 0.6000000238
21141  29.392  -68.686  -25.216 0.6000000238
21143  25.586  -68.501  -25.070 0.6000000238
17865  23.812  -71.412  -24.557 0.6999999881
21154  25.842  -67.942  -26.062 0.6000000238
11004  26.794  -77.421  -24.372 0.6999999881
146285  25.545  -77.564  -23.599 0.6999999881
10984  24.571  -77.707  -23.342 0.6000000238
10963  24.278  -77.411  -22.471 0.6000000238
22189  21.608  -66.830  -20.063 0.4000000060
22190  20.165  -67.680  -19.987 0.5000000000
10943  24.862  -76.964  -21.854 0.6000000238
22188  22.912  -66.972  -19.550 0.5000000000
22232  20.018  -66.900  -21.525 0.6000000238
12129  26.743  -76.757  -21.962 0.6999999881
151075  27.465  -76.357  -21.688 0.6999999881
10944  24.037  -77.059  -21.624 0.6000000238
21099  22.788  -67.301  -21.146 0.5000000000
13245  27.825  -74.882  -20.883 0.6999999881
18895  22.932  -70.141  -20.658 0.4000000060
135209  30.229  -71.002  -19.659 0.6999999881
16697  29.049  -72.211  -19.947 0.6999999881
16708  29.309  -72.934  -20.080 0.6999999881
143895  22.726  -70.517  -21.367 0.6000000238
21077  30.635  -68.757  -20.039 0.6999999881
18877  30.261  -70.298  -19.669 0.6999999881
136749  28.531  -72.148  -20.230 0.6999999881
16709  28.571  -72.904  -20.282 0.6999999881
18914  23.331  -70.566  -21.171 0.5000000000
18935  22.183  -70.668  -21.960 0.5000000000
21094  30.270  -68.247  -21.022 0.6000000238
21078  29.893  -69.063  -20.683 0.6999999881
153228  29.767  -70.244  -19.937 0.6999999881
18892  29.228  -70.562  -20.311 0.6999999881
150312  23.247  -70.877  -22.035 0.5000000000
22244  30.756  -67.071  -23.166 0.5000000000
22226  30.699  -67.538  -21.471 0.6000000238
21095  29.737  -68.698  -21.691 0.6000000238
10982  27.337  -77.323  -23.731 0.6999999881
10983  26.493  -77.398  -23.568 0.6999999881
21064  20.932  -67.709  -19.295 0.4000000060
10960  27.872  -76.986  -23.147 0.6999999881
10962  25.194  -77.381  -22.648 0.6999999881
154654  20.006  -68.171  -19.118 0.4000000060
10961  27.044  -77.167  -22.860 0.6999999881
22210  19.594  -67.367  -20.755 0.6000000238
12107  28.175  -76.275  -21.848 0.8000000119
12128  27.614  -76.714  -22.320 0.6999999881
14396  29.987  -74.220  -20.810 0.6000000238
13244  28.507  -75.066  -20.979 0.6000000238
23437  17.156  -66.716  -21.011 0.6000000238
16696  29.648  -72.287  -19.908 0.6999999881
15548  29.625  -73.624  -20.409 0.6999999881
14397  29.199  -74.429  -20.735 0.6000000238
136035  30.896  -70.381  -19.545 0.6000000238
21076  31.347  -68.286  -19.979 0.6000000238
25837  15.934  -64.598  -21.309 0.5000000000
136577  31.424  -67.182  -21.132 0.6000000238
22205  30.931  -67.801  -20.531 0.6999999881
130703  32.031  -66.668  -21.946 0.5000000000
12127  28.418  -76.591  -22.592 0.6999999881
21044  19.587  -68.619  -18.518 0.4000000060
12106  28.931  -76.157  -22.102 0.8000000119
138899  19.127  -67.911  -20.072 0.5000000000
14413  30.350  -74.644  -21.603 0.8000000119
129681  17.634  -67.595  -19.619 0.4000000060
21066  18.158  -68.258  -18.958 0.4000000060
13257  29.189  -75.175  -21.243 0.6999999881
23421  16.228  -65.976  -19.870 0.4000000060
146125  17.534  -67.263  -20.464 0.5000000000
21056  32.073  -69.096  -19.741 0.6000000238
146714  30.762  -71.109  -19.696 0.6000000238
16707  30.120  -72.874  -20.136 0.6999999881
24605  16.078  -65.777  -18.987 0.4000000060
21075  32.654  -68.561  -19.998 0.6000000238
21057  31.398  -68.978  -19.667 0.6000000238
25825  15.881  -64.288  -20.410 0.4000000060
139660  16.431  -65.353  -21.218 0.6000000238
23435  32.251  -66.999  -20.882 0.6000000238
23451  32.857  -66.661  -21.366 0.5000000000
23470  32.934  -66.239  -22.311 0.5000000000
21045  18.716  -68.614  -18.350 0.4000000060
12126  29.159  -76.387  -22.859 0.8000000119
21046  17.896  -68.394  -18.052 0.4000000060
13268  29.676  -75.872  -22.387 0.6999999881
23407  16.926  -67.100  -19.022 0.4000000060
16727  30.783  -73.201  -20.725 0.6000000238
15547  30.216  -73.595  -20.562 0.6999999881
17794  31.409  -70.845  -19.840 0.6000000238
17809  31.219  -71.617  -20.043 0.6000000238
24590  15.977  -65.656  -18.063 0.4000000060
24617  16.076  -65.006  -19.669 0.4000000060
22202  33.286  -67.553  -20.470 0.6000000238
25826  15.727  -63.152  -20.348 0.4000000060
23433  33.477  -66.917  -21.007 0.4000000060
21024  18.534  -68.676  -17.445 0.4000000060
14428  30.830  -74.666  -22.491 0.6999999881
134866  17.345  -67.725  -17.733 0.4000000060
131550  31.460  -72.731  -21.296 0.6999999881
15569  30.602  -73.891  -21.139 0.6000000238
22163  16.757  -67.051  -17.574 0.4000000060
18891  32.138  -70.491  -20.260 0.6000000238
17808  31.976  -71.236  -20.606 0.6000000238
24606  15.862  -64.694  -18.763 0.4000000060
21074  33.167  -68.136  -20.216 0.6000000238
25810  15.748  -63.350  -19.206 0.3000000119
22201  34.166  -67.371  -20.914 0.4000000060
23469  34.861  -66.422  -22.050 0.4000000060
23449  35.357  -66.928  -21.881 0.4000000060
23392  16.645  -66.816  -16.854 0.4000000060
24573  15.849  -65.569  -17.146 0.4000000060
19977  33.331  -69.298  -20.602 0.6000000238
130252  33.927  -68.131  -20.581 0.6000000238
21073  34.523  -68.558  -21.074 0.6000000238
22223  35.858  -67.577  -21.880 0.4000000060
136931  36.383  -68.261  -21.976 0.5000000000
23448  35.962  -66.944  -22.229 0.4000000060
29379  13.615  -60.677  -17.437 0.3000000119
22243  36.650  -67.480  -22.368 0.4000000060
23344  17.443  -66.812  -14.335 0.4000000060
27033  14.367  -62.503  -16.297 0.3000000119
29396  10.381  -61.860  -18.847 0.4000000060
23327  18.403  -66.866  -13.318 0.4000000060
149531  16.461  -66.158  -14.065 0.4000000060
26996  14.247  -64.408  -14.856 0.3000000119
25755  14.853  -65.022  -14.644 0.3000000119
29380  12.647  -60.671  -16.827 0.3000000119
28194  13.402  -61.208  -16.577 0.3000000119
30528  11.376  -60.620  -17.459 0.3000000119
24516  17.331  -65.657  -12.646 0.4000000060
24517  15.836  -65.531  -12.857 0.4000000060
24540  15.533  -65.419  -14.649 0.4000000060
27016  13.834  -63.008  -15.583 0.3000000119
28175  12.506  -61.959  -15.955 0.3000000119
30516  7.082  -61.154  -15.030 0.4000000060
30489  6.433  -60.331  -13.626 0.3000000119
31679  6.834  -59.644  -13.016 0.3000000119
29360  11.805  -61.229  -16.257 0.3000000119
29382  10.888  -60.636  -16.768 0.3000000119
25734  16.097  -65.088  -12.007 0.4000000060
24528  15.331  -65.469  -13.714 0.4000000060
130438  14.240  -64.866  -13.954 0.3000000119
25756  13.694  -64.478  -14.157 0.3000000119
26998  12.417  -63.713  -14.502 0.3000000119
30532  8.006  -61.143  -16.223 0.3000000119
27017  11.884  -63.020  -15.144 0.3000000119
30500  6.773  -60.735  -14.377 0.3000000119
29361  10.947  -61.157  -16.165 0.3000000119
132992  7.914  -59.668  -13.216 0.4000000060
31678  7.364  -59.596  -13.133 0.3000000119
32867  7.856  -58.774  -12.704 0.3000000119
31664  7.207  -58.761  -12.447 0.3000000119
25735  15.270  -65.059  -12.091 0.4000000060
25746  13.642  -64.655  -13.309 0.4000000060
25747  12.899  -64.274  -13.697 0.3000000119
30515  7.707  -60.965  -15.340 0.4000000060
26985  12.017  -63.913  -13.539 0.3000000119
29349  8.435  -60.927  -15.084 0.3000000119
30498  7.838  -60.728  -14.609 0.4000000060
29341  8.200  -60.839  -14.104 0.4000000060
32866  8.320  -58.093  -12.641 0.3000000119
152484  14.825  -64.524  -11.703 0.4000000060
26961  13.410  -63.849  -11.893 0.4000000060
26972  12.695  -63.762  -12.293 0.4000000060
26986  11.400  -63.563  -13.385 0.4000000060
28157  10.887  -62.935  -14.778 0.3000000119
28151  9.852  -62.700  -13.679 0.3000000119
29340  8.700  -61.605  -13.993 0.3000000119
30474  9.356  -60.803  -12.801 0.3000000119
31662  10.160  -60.093  -12.868 0.5000000000
141791  8.575  -60.112  -13.044 0.4000000060
31663  9.339  -59.685  -12.874 0.4000000060
34008  8.450  -57.156  -12.515 0.3000000119
28133  13.626  -63.143  -11.726 0.4000000060
28140  13.134  -62.502  -12.045 0.4000000060
28141  11.352  -62.549  -12.544 0.3000000119
30472  11.252  -60.963  -12.559 0.3000000119
30471  11.933  -60.030  -13.058 0.3000000119
32862  12.067  -58.754  -13.758 0.3000000119
28142  10.449  -62.761  -12.946 0.3000000119
29332  10.627  -61.840  -12.571 0.3000000119
31661  10.931  -60.289  -12.785 0.3000000119
31676  11.056  -59.335  -13.209 0.3000000119
32863  11.291  -58.404  -13.731 0.3000000119
29333  9.814  -61.529  -12.761 0.3000000119
31677  10.109  -59.070  -13.009 0.3000000119
135883  9.397  -58.725  -12.930 0.3000000119
33998  8.704  -56.175  -12.425 0.3000000119
26958  16.846  -63.034  -10.916 0.3000000119
28131  16.080  -62.817  -11.211 0.3000000119
143195  15.296  -62.775  -11.499 0.3000000119
29329  14.454  -61.717  -12.522 0.3000000119
30484  14.524  -60.189  -13.376 0.3000000119
32861  13.631  -58.666  -13.847 0.3000000119
28139  14.046  -62.457  -12.027 0.3000000119
30470  13.857  -61.052  -12.991 0.3000000119
141990  12.921  -60.524  -12.975 0.3000000119
129922  13.058  -59.403  -13.463 0.3000000119
135618  12.966  -58.460  -13.911 0.3000000119
32877  11.711  -57.695  -14.249 0.3000000119
34006  10.929  -57.502  -13.791 0.3000000119
34018  11.557  -56.800  -14.261 0.3000000119
34007  9.305  -56.925  -12.903 0.3000000119
134894  9.792  -56.015  -12.806 0.3000000119
28124  18.287  -62.638  -10.740 0.3000000119
29318  16.640  -62.010  -11.640 0.3000000119
29328  15.317  -61.539  -12.472 0.3000000119
30469  14.930  -60.954  -13.040 0.3000000119
31674  14.992  -59.393  -13.705 0.3000000119
137322  12.907  -57.213  -14.826 0.3000000119
34017  12.170  -56.809  -14.560 0.3000000119
35140  11.794  -55.983  -14.188 0.3000000119
35122  9.383  -55.444  -12.298 0.3000000119
32859  15.335  -58.566  -13.897 0.3000000119
32875  13.482  -57.813  -14.361 0.3000000119
152315  12.226  -56.077  -14.402 0.3000000119
36234  11.659  -55.335  -13.857 0.3000000119
35132  10.390  -55.322  -13.077 0.3000000119
36225  10.270  -54.891  -12.690 0.3000000119
34005  15.414  -57.610  -14.236 0.3000000119
34015  14.322  -56.853  -14.728 0.3000000119
35139  12.861  -56.329  -14.642 0.3000000119
32858  15.962  -58.296  -13.722 0.3000000119
150768  15.620  -56.863  -14.413 0.3000000119
35137  14.475  -56.176  -14.729 0.3000000119
36232  13.167  -55.551  -14.450 0.3000000119
147285  12.686  -55.160  -14.265 0.3000000119
36223  11.340  -54.952  -13.579 0.3000000119
37329  10.484  -54.569  -12.464 0.3000000119
11148  23.050  -76.999  -34.174 0.5000000000
13413  24.347  -75.644  -35.099 0.5000000000
149724  24.124  -75.773  -34.206 0.4000000060
16750  20.073  -72.871  -22.366 0.6999999881
16771  19.285  -72.523  -23.850 0.6999999881
13376  24.398  -74.854  -30.822 0.4000000060
13412  24.363  -76.071  -33.404 0.5000000000
15611  25.542  -73.429  -23.685 0.6000000238
13247  22.744  -75.816  -20.037 0.5000000000
16769  26.621  -72.732  -24.295 0.6000000238
13259  27.816  -75.715  -21.255 0.8000000119
10942  25.736  -76.859  -21.969 0.6999999881
14398  28.422  -74.349  -20.682 0.6000000238
22225  31.121  -67.028  -22.154 0.5000000000
17810  29.670  -70.866  -19.838 0.6999999881
24629  16.246  -65.198  -20.505 0.4000000060
23471  32.302  -66.322  -23.087 0.5000000000
140407  33.291  -68.686  -20.342 0.6000000238
23450  33.555  -66.363  -21.709 0.4000000060
17827  31.742  -71.992  -20.985 0.6000000238
18890  32.902  -69.954  -20.647 0.6000000238
24591  15.675  -64.780  -17.736 0.3000000119
151902  34.716  -67.461  -21.177 0.4000000060
132303  35.604  -68.200  -21.548 0.4000000060
23328  17.685  -66.631  -13.598 0.4000000060
25718  14.715  -63.918  -11.439 0.3000000119
28130  17.431  -62.437  -11.129 0.3000000119
134118  31.868  -72.871  -22.935 0.5000000000
15609  31.544  -73.638  -23.439 0.5000000000
13276  30.707  -75.177  -23.103 0.6999999881
140921  30.565  -75.560  -23.634 0.6999999881
12141  28.679  -76.825  -23.414 0.6000000238
150307  31.618  -72.936  -22.127 0.5000000000
15590  31.422  -73.484  -22.491 0.6000000238
12125  30.244  -75.751  -23.055 0.6000000238
11022  27.806  -77.143  -25.339 0.6000000238
11023  27.013  -77.317  -25.206 0.6000000238
13288  30.671  -75.616  -24.321 0.6999999881
136674  29.217  -76.651  -25.095 0.6000000238
151993  28.771  -76.914  -24.932 0.6000000238
12152  30.278  -76.100  -24.643 0.6999999881
12154  28.921  -76.882  -24.326 0.6000000238
11003  27.578  -77.301  -24.559 0.6000000238
16747  32.030  -72.221  -22.192 0.5000000000
135101  30.636  -75.193  -26.066 0.6999999881
13299  30.125  -75.773  -26.039 0.6999999881
12175  29.291  -76.290  -25.983 0.6000000238
12176  28.473  -76.501  -26.349 0.6000000238
13297  31.100  -74.772  -25.599 0.6000000238
13298  30.618  -75.603  -25.272 0.6999999881
12163  28.552  -76.802  -25.502 0.6000000238
14463  31.441  -74.146  -25.053 0.6000000238
17844  32.611  -71.448  -22.799 0.5000000000
13312  29.606  -75.694  -26.626 0.6000000238
12177  27.771  -76.772  -26.619 0.6000000238
18952  33.256  -70.926  -23.270 0.5000000000
17826  32.357  -71.432  -21.687 0.5000000000
20015  35.191  -70.073  -22.218 0.5000000000
18932  33.006  -70.892  -22.241 0.5000000000
19995  36.692  -69.716  -22.449 0.4000000060
16733  16.787  -72.352  -21.605 0.4000000060
16712  18.626  -72.413  -20.839 0.4000000060
16713  17.283  -72.664  -20.686 0.4000000060
145109  17.988  -72.503  -20.465 0.5000000000
152514  18.355  -73.116  -19.449 0.5000000000
15555  17.770  -73.034  -19.827 0.5000000000
18907  34.292  -70.152  -21.944 0.5000000000
142927  18.151  -73.562  -19.143 0.5000000000
141624  15.725  -76.372  -20.858 0.6000000238
19996  35.752  -69.441  -21.848 0.4000000060
15525  18.639  -73.990  -18.619 0.5000000000
15526  17.949  -74.172  -18.782 0.5000000000
142064  16.137  -76.025  -19.819 0.5000000000
15599  15.989  -73.091  -21.888 0.5000000000
16714  16.560  -73.103  -21.006 0.5000000000
15579  15.733  -73.946  -21.974 0.5000000000
138720  16.416  -73.732  -20.600 0.5000000000
14404  15.717  -74.703  -21.590 0.5000000000
147118  16.555  -74.129  -19.906 0.5000000000
14403  16.076  -74.430  -20.647 0.5000000000
13249  15.839  -75.353  -20.717 0.5000000000
19997  34.668  -69.339  -21.524 0.5000000000
13248  16.214  -74.974  -19.847 0.5000000000
21110  36.985  -68.930  -22.233 0.4000000060
17890  16.969  -70.974  -24.606 0.5000000000
14429  15.509  -74.506  -22.480 0.5000000000
19998  33.759  -69.683  -21.186 0.5000000000
21093  35.266  -68.713  -21.447 0.4000000060
18971  18.470  -70.911  -25.778 0.5000000000
18988  18.607  -71.023  -27.043 0.5000000000
17921  17.778  -72.445  -28.434 0.5000000000
18972  17.635  -70.895  -25.577 0.5000000000
18987  19.300  -70.715  -26.917 0.5000000000
132851  19.053  -70.809  -28.129 0.5000000000
19001  19.495  -70.178  -27.692 0.5000000000
19014  19.142  -70.445  -28.196 0.5000000000
17920  18.454  -72.103  -28.993 0.5000000000
16825  17.123  -72.969  -28.792 0.4000000060
19000  20.043  -69.666  -27.497 0.5000000000
19015  18.790  -71.320  -28.928 0.6000000238
17943  17.491  -72.265  -29.568 0.6000000238
142833  20.733  -69.674  -25.838 0.5000000000
20050  20.636  -68.571  -26.600 0.5000000000
19013  19.668  -69.560  -27.702 0.5000000000
20078  18.615  -70.423  -28.450 0.6000000238
19022  17.372  -71.659  -29.551 0.6000000238
17944  16.520  -72.161  -29.535 0.6000000238
16845  14.841  -72.940  -29.902 0.5000000000
16846  13.826  -72.921  -29.815 0.5000000000
135857  12.228  -72.744  -29.077 0.5000000000
129380  20.854  -68.626  -25.348 0.5000000000
20033  20.878  -68.775  -24.120 0.5000000000
22297  20.424  -67.592  -26.516 0.5000000000
21172  19.918  -68.477  -27.392 0.5000000000
22299  19.452  -67.567  -26.810 0.6000000238
20079  17.412  -70.307  -28.416 0.6000000238
19017  16.291  -71.186  -28.897 0.6000000238
17945  15.242  -72.351  -29.091 0.6000000238
17946  13.924  -72.290  -28.815 0.5000000000
18991  11.508  -70.328  -26.016 0.5000000000
16847  10.564  -71.962  -28.607 0.5000000000
21130  21.103  -67.598  -23.589 0.5000000000
22273  20.591  -66.862  -24.923 0.6000000238
23528  19.845  -66.386  -25.638 0.6000000238
133339  18.911  -66.857  -26.010 0.6000000238
20067  16.551  -69.619  -27.236 0.6000000238
21175  16.956  -69.002  -26.520 0.6000000238
20080  15.959  -70.243  -27.847 0.6000000238
20068  15.568  -69.581  -26.841 0.6000000238
17933  14.161  -71.587  -28.110 0.6000000238
17934  12.825  -71.303  -27.913 0.5000000000
17947  12.525  -71.957  -28.519 0.5000000000
17948  10.998  -71.314  -28.300 0.5000000000
19020  11.937  -70.642  -27.170 0.5000000000
17936  9.836  -71.176  -27.963 0.5000000000
144028  10.381  -70.647  -26.987 0.5000000000
23495  20.509  -66.197  -24.322 0.6000000238
23513  19.850  -66.003  -24.610 0.6000000238
23530  18.478  -66.372  -25.084 0.6000000238
22274  17.367  -66.773  -24.751 0.6000000238
22288  17.876  -67.220  -25.594 0.6000000238
21176  15.808  -69.064  -26.305 0.6000000238
21158  16.233  -68.420  -25.706 0.6000000238
150980  14.974  -69.796  -26.867 0.5000000000
20051  14.671  -69.249  -26.132 0.5000000000
19019  13.188  -70.744  -27.351 0.5000000000
20052  13.490  -69.287  -25.771 0.5000000000
21161  12.933  -68.903  -25.137 0.6000000238
19005  12.457  -70.250  -26.601 0.5000000000
20071  12.127  -69.920  -25.965 0.5000000000
21162  12.363  -68.875  -24.690 0.5000000000
135736  12.319  -69.210  -24.350 0.5000000000
23515  17.901  -66.244  -24.217 0.6000000238
22290  15.583  -67.926  -24.934 0.6000000238
21159  15.059  -68.594  -25.505 0.6000000238
21144  12.916  -68.187  -24.631 0.6000000238
21145  12.113  -68.069  -24.170 0.5000000000
139445  18.163  -66.211  -23.802 0.6000000238
22276  14.282  -68.026  -24.846 0.6000000238
22277  12.526  -67.526  -24.048 0.6000000238
150302  12.194  -67.727  -23.856 0.5000000000
23456  17.678  -66.584  -21.980 0.6000000238
24653  16.964  -65.805  -22.473 0.6000000238
23498  16.216  -65.779  -23.460 0.6000000238
132372  14.943  -67.341  -24.341 0.6000000238
23519  13.193  -66.844  -23.740 0.5000000000
23457  16.823  -65.920  -21.599 0.6000000238
24670  15.651  -65.235  -23.082 0.6000000238
25844  15.851  -64.694  -22.164 0.6000000238
23499  15.134  -65.976  -23.387 0.6000000238
154504  14.829  -64.290  -22.496 0.6000000238
24657  13.532  -65.037  -22.380 0.5000000000
143213  14.841  -63.807  -22.107 0.4000000060
10981  28.163  -77.219  -23.973 0.6000000238
12140  29.398  -76.485  -23.670 0.6999999881
18909  32.653  -70.749  -21.170 0.5000000000
18908  33.414  -70.345  -21.617 0.5000000000
18930  34.582  -70.386  -22.943 0.5000000000
18931  33.733  -70.520  -22.666 0.5000000000
141715  15.477  -75.216  -22.293 0.6000000238
21173  19.072  -68.491  -27.241 0.6000000238
22300  18.440  -67.759  -26.509 0.6000000238
19018  14.402  -70.901  -27.580 0.6000000238
19004  13.606  -70.235  -26.858 0.5000000000
133641  17.123  -66.010  -23.527 0.6000000238
23516  16.798  -66.301  -24.027 0.6000000238
24671  14.697  -65.334  -23.067 0.6000000238
24672  13.702  -65.570  -22.869 0.6000000238
10043  23.453  -77.942  -32.909 0.4000000060
8103  25.078  -78.793  -30.429 0.5000000000
132423  25.878  -78.900  -30.186 0.5000000000
9075  24.414  -78.487  -31.432 0.4000000060
9081  24.312  -78.281  -31.964 0.4000000060
10031  24.887  -77.476  -32.172 0.4000000060
10042  24.103  -77.416  -32.677 0.4000000060
8102  26.510  -79.057  -29.848 0.5000000000
9040  25.823  -79.350  -29.405 0.5000000000
147196  26.051  -77.912  -31.260 0.5000000000
133716  25.374  -77.163  -32.256 0.5000000000
11143  24.108  -76.842  -32.954 0.4000000060
8113  27.028  -78.806  -29.927 0.5000000000
9072  27.080  -78.152  -30.666 0.5000000000
134553  26.654  -77.174  -31.593 0.5000000000
11130  25.994  -76.936  -32.183 0.5000000000
149059  24.585  -76.690  -32.750 0.4000000060
12273  25.472  -75.936  -32.826 0.4000000060
10008  28.040  -78.059  -30.019 0.5000000000
11123  27.723  -77.591  -30.648 0.5000000000
11118  28.393  -77.252  -30.455 0.5000000000
11125  27.372  -76.877  -31.467 0.5000000000
11126  26.700  -76.400  -32.174 0.5000000000
13398  25.088  -75.328  -32.665 0.4000000060
12201  27.249  -76.262  -28.419 0.5000000000
12202  26.424  -76.536  -28.633 0.4000000060
13341  26.840  -75.724  -29.298 0.4000000060
13355  27.011  -74.568  -29.822 0.4000000060
13356  26.284  -74.968  -29.980 0.4000000060
13375  25.144  -74.612  -30.720 0.4000000060
11119  28.096  -76.653  -31.183 0.5000000000
14522  25.696  -74.054  -31.208 0.4000000060
14532  25.283  -74.335  -31.730 0.4000000060
14537  24.845  -74.784  -32.168 0.4000000060
12258  28.214  -75.566  -31.581 0.4000000060
12264  26.906  -75.349  -32.494 0.5000000000
14536  25.676  -74.501  -32.409 0.4000000060
12265  26.258  -75.723  -32.708 0.4000000060
13340  27.611  -75.353  -29.038 0.4000000060
129910  27.082  -73.299  -30.379 0.4000000060
14508  26.376  -73.800  -30.650 0.4000000060
12245  29.464  -76.010  -30.412 0.4000000060
14531  26.005  -73.875  -31.874 0.4000000060
14535  26.330  -74.170  -32.385 0.4000000060
13373  28.865  -75.225  -31.342 0.4000000060
13388  27.468  -74.626  -32.325 0.4000000060
14530  26.742  -73.642  -32.153 0.4000000060
13397  26.356  -74.863  -32.709 0.4000000060
12187  27.522  -76.573  -27.463 0.5000000000
13328  28.070  -75.969  -28.172 0.4000000060
13339  28.386  -75.003  -28.741 0.4000000060
14496  28.535  -73.774  -29.286 0.4000000060
14507  27.796  -72.856  -30.136 0.4000000060
14520  27.298  -72.537  -30.858 0.4000000060
15702  27.705  -72.513  -31.392 0.4000000060
15701  26.432  -73.419  -31.358 0.4000000060
13372  29.582  -74.826  -31.207 0.4000000060
13386  28.711  -73.773  -31.946 0.4000000060
133870  27.432  -73.555  -32.106 0.4000000060
12186  28.286  -76.267  -27.199 0.5000000000
13327  28.742  -75.552  -27.766 0.5000000000
13313  28.964  -75.951  -26.866 0.6000000238
13338  29.100  -74.620  -28.355 0.5000000000
14506  28.578  -72.486  -29.855 0.4000000060
15689  28.918  -72.149  -30.438 0.4000000060
15699  29.174  -72.645  -31.168 0.4000000060
14519  29.596  -73.239  -31.980 0.4000000060
13311  30.196  -75.011  -26.855 0.5000000000
152579  29.902  -72.809  -28.925 0.4000000060
14494  30.066  -73.571  -28.346 0.5000000000
15676  30.267  -71.917  -29.552 0.4000000060
15677  29.328  -72.140  -29.664 0.4000000060
15688  29.925  -72.177  -30.768 0.4000000060
14487  30.593  -73.912  -27.524 0.6000000238
14476  30.893  -74.431  -26.462 0.6000000238
15675  31.080  -72.128  -28.782 0.5000000000
16844  31.099  -71.644  -29.760 0.4000000060
13275  30.947  -75.032  -23.865 0.5000000000
23476  20.628  -66.250  -23.445 0.5000000000
23477  19.493  -66.316  -23.326 0.5000000000
22212  17.919  -67.179  -21.186 0.5000000000
23454  20.123  -66.609  -22.410 0.5000000000
23455  18.819  -66.816  -22.297 0.5000000000
153758  19.560  -65.804  -24.174 0.5000000000
9073  26.355  -78.247  -30.838 0.5000000000
9074  25.344  -78.127  -31.319 0.5000000000
13354  27.772  -74.177  -29.584 0.4000000060
13387  28.069  -74.217  -31.995 0.4000000060
14495  29.345  -73.396  -28.913 0.4000000060
15690  28.142  -72.268  -30.820 0.4000000060
14528  28.490  -72.726  -31.688 0.4000000060
13326  29.423  -75.247  -27.391 0.5000000000
13325  29.823  -74.362  -27.904 0.5000000000
15668  31.207  -72.989  -27.835 0.6000000238
16853  30.998  -71.968  -30.629 0.5000000000
16764  35.851  -72.185  -23.585 0.3000000119
140216  35.416  -71.967  -24.412 0.3000000119
17861  35.499  -71.582  -23.994 0.3000000119
16744  36.047  -72.534  -22.886 0.3000000119
16724  36.037  -72.536  -22.047 0.3000000119
16783  35.039  -71.919  -25.174 0.3000000119
17895  34.726  -71.738  -25.522 0.4000000060
18980  34.705  -71.461  -25.040 0.4000000060
16765  35.262  -72.495  -24.041 0.3000000119
18967  34.317  -71.237  -24.952 0.4000000060
18966  34.930  -71.112  -24.408 0.4000000060
17863  32.824  -71.399  -23.801 0.4000000060
16746  32.318  -72.107  -23.343 0.4000000060
16745  35.312  -72.757  -23.213 0.3000000119
18949  35.522  -71.105  -23.733 0.3000000119
18950  34.798  -70.681  -23.769 0.4000000060
16762  37.697  -72.519  -23.179 0.3000000119
147420  36.172  -71.218  -23.307 0.3000000119
139108  34.131  -71.422  -27.092 0.4000000060
17914  33.483  -71.271  -27.456 0.4000000060
15658  31.892  -73.073  -26.382 0.4000000060
15640  31.846  -73.340  -25.419 0.4000000060
16800  34.729  -71.920  -26.001 0.4000000060
17913  34.161  -71.504  -26.330 0.4000000060
132148  33.276  -71.606  -26.558 0.4000000060
16803  32.350  -72.512  -25.812 0.4000000060
16786  32.202  -72.691  -24.851 0.4000000060
146563  34.723  -72.630  -25.041 0.3000000119
17897  33.961  -71.359  -25.703 0.4000000060
16785  32.674  -71.939  -25.216 0.4000000060
15625  34.558  -72.950  -24.504 0.3000000119
17862  33.562  -71.012  -24.201 0.4000000060
16767  32.060  -72.810  -23.894 0.4000000060
15588  34.495  -73.205  -22.649 0.3000000119
18951  33.981  -70.592  -23.609 0.4000000060
18929  35.527  -70.582  -23.127 0.4000000060
17929  33.390  -71.082  -28.412 0.4000000060
154336  32.235  -72.087  -27.636 0.4000000060
17928  34.122  -71.183  -27.896 0.4000000060
16833  32.576  -71.318  -28.183 0.4000000060
15638  34.523  -73.082  -26.177 0.3000000119
16820  34.722  -71.880  -26.829 0.4000000060
14438  33.426  -74.618  -23.278 0.3000000119
15608  33.805  -73.772  -24.026 0.3000000119
15627  31.756  -73.500  -24.462 0.4000000060
15589  33.812  -73.731  -23.013 0.3000000119
16834  31.780  -72.124  -28.125 0.4000000060
20014  36.003  -70.086  -22.448 0.3000000119
18927  37.570  -70.815  -23.142 0.3000000119
18928  36.555  -70.689  -22.972 0.3000000119
14452  31.347  -74.295  -24.139 0.4000000060
14475  31.433  -73.941  -25.963 0.4000000060
14486  31.323  -73.574  -26.884 0.4000000060
16843  31.856  -71.492  -29.211 0.4000000060
17879  35.082  -71.579  -24.751 0.3000000119
16763  36.760  -72.314  -23.149 0.3000000119
16742  37.577  -72.545  -22.794 0.3000000119
16819  34.497  -71.723  -26.468 0.4000000060
139036  34.272  -70.856  -24.305 0.4000000060
17880  33.710  -71.274  -24.954 0.4000000060
16766  32.471  -72.000  -24.313 0.4000000060
17927  34.515  -71.595  -27.408 0.4000000060
16821  32.648  -72.100  -26.959 0.4000000060
16802  32.883  -71.893  -26.042 0.4000000060
141402  34.778  -72.201  -26.337 0.3000000119
17898  33.342  -71.561  -25.664 0.4000000060
137329  34.285  -73.238  -25.265 0.3000000119
16832  34.892  -71.976  -27.612 0.4000000060
132380  34.837  -72.400  -26.923 0.3000000119
15626  33.605  -74.027  -24.886 0.3000000119
7174  21.425  -81.653  -28.119 0.3000000119
6396  22.253  -82.165  -28.629 0.3000000119
8073  21.059  -80.594  -27.689 0.3000000119
6388  20.949  -82.204  -27.377 0.3000000119
7182  21.319  -80.884  -28.307 0.3000000119
7181  21.731  -81.195  -28.902 0.3000000119
141328  20.747  -80.549  -27.034 0.3000000119
8042  20.514  -80.862  -26.314 0.3000000119
7176  20.547  -81.672  -27.082 0.3000000119
9020  22.046  -79.632  -27.782 0.3000000119
9021  21.501  -79.981  -27.967 0.3000000119
7191  21.878  -80.773  -29.688 0.3000000119
8116  24.131  -78.791  -31.200 0.3000000119
139281  21.644  -80.450  -25.180 0.3000000119
7163  20.192  -81.525  -25.662 0.3000000119
142702  21.881  -79.925  -26.523 0.3000000119
8041  21.044  -80.499  -25.838 0.3000000119
6376  20.093  -82.251  -25.917 0.3000000119
9044  22.298  -79.467  -29.192 0.3000000119
9041  25.087  -79.207  -29.468 0.3000000119
10010  24.294  -78.931  -30.621 0.3000000119
9005  22.412  -79.692  -26.978 0.3000000119
9032  21.839  -79.719  -28.503 0.3000000119
9019  23.020  -79.516  -27.514 0.3000000119
9030  23.733  -79.384  -27.947 0.3000000119
133593  24.958  -79.342  -28.783 0.3000000119
9042  24.099  -78.917  -29.516 0.3000000119
138669  25.807  -79.534  -28.910 0.3000000119
10001  28.299  -78.403  -29.059 0.4000000060
148869  27.011  -79.405  -29.013 0.4000000060
4991  23.495  -84.876  -22.600 0.3000000119
4330  23.904  -85.543  -22.279 0.3000000119
6381  20.480  -82.259  -26.635 0.3000000119
6379  21.724  -82.964  -27.001 0.3000000119
6361  20.180  -82.126  -23.388 0.3000000119
5651  20.438  -82.919  -23.815 0.3000000119
5649  22.032  -83.904  -23.242 0.3000000119
4999  22.827  -84.292  -23.911 0.3000000119
4338  23.720  -85.406  -23.354 0.3000000119
7995  21.156  -80.686  -23.513 0.3000000119
141893  20.138  -82.411  -24.222 0.3000000119
5650  21.057  -83.499  -23.497 0.3000000119
153431  22.503  -84.147  -24.637 0.3000000119
5005  23.512  -84.945  -24.181 0.3000000119
6371  19.939  -82.198  -25.034 0.3000000119
5671  20.203  -82.829  -25.415 0.3000000119
5670  20.861  -83.470  -25.216 0.3000000119
5669  22.151  -83.901  -25.389 0.3000000119
6375  20.460  -82.926  -26.084 0.3000000119
5680  21.332  -83.345  -26.175 0.3000000119
9045  21.730  -79.934  -29.017 0.3000000119
9054  22.344  -79.520  -30.087 0.3000000119
8020  20.599  -81.078  -24.115 0.3000000119
130003  23.587  -79.071  -28.792 0.3000000119
150332  23.306  -84.470  -22.038 0.3000000119
5679  22.425  -83.617  -26.459 0.3000000119
7151  20.138  -81.747  -24.187 0.3000000119
5641  21.452  -83.319  -22.611 0.3000000119
5661  20.760  -83.480  -24.300 0.3000000119
5660  21.670  -83.929  -24.307 0.3000000119
5668  23.145  -84.254  -26.012 0.3000000119
134982  26.501  -79.525  -28.935 0.3000000119
11064  33.441  -77.551  -27.883 0.3000000119
11065  32.786  -77.963  -27.557 0.3000000119
11087  31.237  -77.520  -28.124 0.3000000119
12199  30.722  -77.141  -28.536 0.4000000060
12223  29.793  -76.574  -29.523 0.4000000060
12224  29.252  -76.727  -29.839 0.3000000119
12246  28.805  -76.453  -30.603 0.3000000119
11085  33.387  -76.815  -28.551 0.3000000119
151754  31.874  -76.423  -29.099 0.4000000060
141030  31.482  -75.982  -29.488 0.4000000060
13352  30.910  -75.486  -30.086 0.4000000060
13353  30.179  -75.743  -30.244 0.3000000119
140762  30.597  -73.138  -31.602 0.4000000060
13371  30.393  -74.534  -31.004 0.4000000060
150874  30.095  -72.624  -31.634 0.3000000119
9952  33.035  -79.245  -25.533 0.3000000119
134787  32.956  -78.762  -26.359 0.3000000119
134358  31.931  -77.977  -27.645 0.4000000060
138299  31.030  -78.106  -27.443 0.4000000060
12200  29.940  -77.208  -28.605 0.3000000119
11109  29.253  -77.148  -29.109 0.3000000119
11090  28.797  -77.842  -29.094 0.3000000119
9962  33.778  -78.727  -26.220 0.3000000119
11063  34.313  -77.543  -27.586 0.3000000119
140458  34.097  -77.015  -28.309 0.3000000119
11108  33.885  -76.145  -29.094 0.3000000119
12221  32.315  -76.071  -29.386 0.3000000119
152099  31.416  -75.349  -30.049 0.4000000060
11116  34.686  -76.621  -30.112 0.3000000119
139192  33.827  -75.448  -29.523 0.3000000119
13349  33.082  -75.473  -29.597 0.3000000119
13350  32.045  -75.191  -30.051 0.4000000060
13351  31.273  -74.480  -30.715 0.4000000060
14527  34.088  -74.404  -29.781 0.3000000119
14517  32.701  -73.238  -31.227 0.4000000060
14518  31.660  -73.161  -31.396 0.4000000060
16854  33.715  -71.774  -30.732 0.3000000119
15696  33.283  -72.261  -31.238 0.4000000060
15697  32.283  -72.236  -31.529 0.4000000060
15698  31.070  -72.403  -31.363 0.4000000060
17941  33.363  -71.555  -29.354 0.3000000119
16852  31.812  -71.692  -30.473 0.4000000060
16851  32.628  -71.640  -30.026 0.3000000119
7109  32.293  -81.600  -22.066 0.3000000119
7121  32.490  -81.300  -22.847 0.3000000119
7145  31.018  -80.943  -24.051 0.3000000119
8014  30.514  -80.703  -24.710 0.3000000119
8975  33.709  -79.750  -23.948 0.3000000119
8976  32.933  -79.872  -24.269 0.3000000119
8033  32.020  -79.931  -24.696 0.3000000119
8989  30.471  -80.187  -25.210 0.3000000119
9942  34.888  -79.123  -24.453 0.3000000119
8985  34.116  -79.428  -24.328 0.3000000119
8987  32.681  -79.623  -24.869 0.3000000119
8999  32.117  -79.522  -25.401 0.3000000119
9000  31.382  -79.209  -25.945 0.3000000119
9965  30.699  -78.870  -26.524 0.3000000119
9981  29.389  -78.492  -27.281 0.3000000119
9991  29.071  -78.200  -27.890 0.3000000119
9027  28.109  -78.969  -28.446 0.3000000119
137806  27.710  -79.556  -28.209 0.3000000119
9961  34.782  -78.468  -26.180 0.3000000119
14515  34.385  -73.724  -29.802 0.3000000119
14516  33.612  -73.563  -30.491 0.3000000119
15686  34.461  -72.938  -29.792 0.3000000119
15695  34.089  -72.506  -30.566 0.3000000119
16850  33.996  -71.933  -29.496 0.3000000119
17940  34.056  -71.343  -28.582 0.3000000119
16842  32.676  -71.279  -28.994 0.3000000119
144646  32.021  -81.812  -21.273 0.3000000119
7967  33.029  -81.067  -22.464 0.3000000119
7133  32.502  -80.792  -23.415 0.3000000119
7990  31.828  -80.668  -23.802 0.3000000119
8965  34.021  -79.956  -23.419 0.3000000119
8012  32.481  -80.283  -23.947 0.3000000119
9028  27.083  -79.663  -28.529 0.3000000119
6321  31.752  -82.495  -19.832 0.3000000119
144291  32.635  -81.210  -21.469 0.3000000119
7941  33.049  -80.484  -21.167 0.3000000119
132450  33.435  -80.647  -22.141 0.3000000119
7989  33.626  -80.379  -23.237 0.3000000119
8964  34.602  -79.583  -23.185 0.3000000119
7920  32.471  -81.050  -20.360 0.3000000119
7919  32.782  -80.241  -20.058 0.3000000119
8939  33.785  -80.071  -21.827 0.3000000119
8955  34.018  -80.171  -22.577 0.3000000119
9038  27.806  -78.741  -29.110 0.3000000119
10009  28.376  -77.859  -29.750 0.3000000119
11110  28.823  -77.222  -29.755 0.3000000119
16856  31.883  -71.992  -31.299 0.4000000060
16841  34.517  -71.899  -28.669 0.3000000119
9978  33.444  -78.277  -27.112 0.3000000119
142287  31.915  -77.313  -28.312 0.3000000119
9979  32.474  -78.534  -26.976 0.3000000119
12198  31.435  -76.792  -28.782 0.4000000060
12222  30.626  -76.424  -29.266 0.4000000060
14505  32.101  -74.160  -30.827 0.4000000060
9951  34.188  -79.066  -25.214 0.3000000119
9963  32.223  -78.956  -26.085 0.3000000119
152521  30.880  -78.552  -27.045 0.3000000119
9980  30.232  -78.260  -27.118 0.4000000060
11066  29.701  -77.907  -27.830 0.3000000119
9977  34.287  -78.217  -26.837 0.3000000119
11107  34.587  -76.447  -28.866 0.3000000119
14504  32.859  -74.430  -30.401 0.4000000060
15687  34.082  -72.286  -30.142 0.3000000119
133550  31.151  -80.187  -24.851 0.3000000119
8988  31.285  -79.809  -25.323 0.3000000119
9001  30.415  -79.523  -25.832 0.3000000119
15685  34.773  -73.312  -29.086 0.3000000119
13221  17.063  -75.392  -18.800 0.4000000060
4998  23.311  -84.708  -23.366 0.3000000119
5631  23.475  -84.432  -21.122 0.3000000119
5662  20.263  -82.987  -24.674 0.3000000119
6350  20.322  -82.018  -22.605 0.3000000119
6380  20.850  -82.791  -26.717 0.3000000119
7087  32.238  -81.843  -19.608 0.3000000119
7098  32.101  -81.785  -20.535 0.3000000119
7134  31.621  -81.343  -23.321 0.3000000119
7170  20.349  -81.590  -26.476 0.3000000119
7175  20.837  -81.333  -27.649 0.3000000119
7965  34.126  -80.131  -23.020 0.3000000119
7966  33.625  -80.558  -22.798 0.3000000119
7996  20.644  -81.051  -23.151 0.3000000119
8011  33.340  -80.130  -23.699 0.3000000119
8013  31.508  -80.418  -24.364 0.3000000119
8060  21.145  -80.304  -26.497 0.3000000119
8061  20.528  -81.042  -27.086 0.3000000119
8080  27.490  -79.202  -28.865 0.4000000060
8082  21.530  -80.238  -28.430 0.3000000119
8089  27.688  -78.580  -29.511 0.3000000119
8090  27.420  -78.861  -29.386 0.3000000119
8091  27.051  -79.167  -29.392 0.4000000060
8092  21.789  -79.999  -29.642 0.3000000119
8093  21.676  -80.437  -29.015 0.3000000119
8101  27.464  -78.616  -29.738 0.5000000000
8114  26.288  -78.646  -30.380 0.5000000000
8115  25.281  -78.604  -30.697 0.4000000060
8121  25.773  -78.234  -31.081 0.5000000000
8986  33.406  -79.520  -24.639 0.3000000119
9004  23.471  -79.679  -26.748 0.3000000119
9006  21.419  -79.996  -27.242 0.3000000119
9031  22.677  -79.416  -28.319 0.3000000119
9037  28.058  -78.324  -29.540 0.5000000000
9039  26.537  -79.312  -29.400 0.5000000000
9043  23.065  -79.052  -29.605 0.3000000119
9049  27.757  -78.356  -29.861 0.5000000000
9050  25.889  -79.133  -29.885 0.5000000000
9051  24.986  -78.978  -30.062 0.5000000000
9052  24.345  -78.935  -30.152 0.3000000119
9061  27.776  -78.156  -30.151 0.5000000000
9062  27.409  -78.419  -30.158 0.5000000000
9063  26.872  -78.500  -30.393 0.5000000000
9064  24.127  -78.903  -30.920 0.3000000119
9080  25.077  -77.781  -31.706 0.4000000060
9082  23.290  -78.692  -32.535 0.4000000060
9964  31.530  -78.725  -26.871 0.3000000119
9992  28.663  -78.350  -28.452 0.3000000119
10011  23.860  -79.036  -30.742 0.3000000119
10016  27.821  -77.877  -30.351 0.5000000000
10017  27.573  -78.084  -30.387 0.5000000000
10018  23.926  -79.028  -30.980 0.3000000119
10023  27.423  -77.795  -30.701 0.5000000000
10024  26.763  -77.745  -31.152 0.5000000000
10025  25.810  -77.447  -31.686 0.5000000000
10032  24.212  -77.976  -32.321 0.4000000060
10041  24.727  -77.087  -32.551 0.4000000060
10964  23.421  -77.355  -22.224 0.6000000238
11002  28.315  -77.114  -24.769 0.6000000238
11005  25.494  -77.592  -24.577 0.6999999881
11007  23.581  -77.806  -24.748 0.6999999881
11025  24.092  -77.643  -25.322 0.6000000238
11030  19.343  -77.528  -25.442 0.5000000000
11048  23.003  -77.595  -26.523 0.6000000238
11070  23.319  -77.397  -27.436 0.6999999881
11086  32.641  -77.446  -28.163 0.3000000119
11088  30.457  -77.707  -27.938 0.3000000119
11089  29.223  -77.753  -28.453 0.3000000119
11091  25.019  -77.319  -28.273 0.5000000000
11117  28.081  -77.668  -30.347 0.5000000000
11124  27.856  -77.260  -30.873 0.5000000000
11129  27.320  -77.443  -31.089 0.5000000000
11136  25.276  -76.681  -32.582 0.4000000060
11144  23.544  -77.169  -33.420 0.5000000000
12060  17.961  -76.126  -18.684 0.5000000000
12061  17.395  -75.973  -18.773 0.5000000000
12086  24.984  -75.955  -20.680 0.6999999881
12088  23.703  -75.843  -20.264 0.6000000238
12108  26.970  -76.070  -21.304 0.8000000119
12110  25.353  -76.416  -21.265 0.6999999881
12112  23.834  -76.596  -20.861 0.5000000000
12114  21.163  -76.889  -21.399 0.5000000000
12117  15.418  -76.786  -21.839 0.6000000238
12139  30.150  -76.100  -23.834 0.6999999881
12153  29.670  -76.444  -24.470 0.6000000238
12162  29.961  -76.270  -25.288 0.6000000238
12164  27.995  -76.903  -25.968 0.6000000238
12197  32.371  -76.714  -28.739 0.3000000119
12205  24.120  -76.912  -29.229 0.5000000000
12220  33.165  -76.266  -29.185 0.3000000119
12227  24.457  -76.296  -29.660 0.4000000060
12244  34.024  -75.861  -29.419 0.3000000119
12257  34.324  -75.723  -29.703 0.3000000119
12259  27.501  -75.955  -31.878 0.5000000000
12283  24.367  -76.392  -33.134 0.5000000000
12284  24.295  -76.687  -33.941 0.5000000000
13237  19.257  -75.773  -19.032 0.5000000000
13238  16.531  -75.424  -19.274 0.4000000060
13256  29.777  -75.278  -21.710 0.6999999881
13258  28.658  -75.707  -21.492 0.8000000119
13262  15.581  -75.735  -21.668 0.5000000000
13267  30.301  -75.279  -22.364 0.6000000238
13269  15.292  -76.003  -22.510 0.6000000238
13287  31.164  -74.997  -24.720 0.6999999881
13358  24.809  -75.470  -30.174 0.4000000060
13370  33.576  -74.779  -29.811 0.3000000119
13374  25.783  -74.425  -30.551 0.4000000060
13385  34.201  -75.161  -29.595 0.3000000119
13396  26.808  -74.475  -32.514 0.4000000060
13406  24.808  -75.875  -32.921 0.5000000000
13407  24.430  -75.839  -33.075 0.4000000060
13408  23.688  -75.975  -33.297 0.4000000060
13414  23.976  -76.017  -34.177 0.5000000000
13420  24.318  -75.881  -35.347 0.5000000000
14375  20.725  -74.355  -18.681 0.5000000000
14377  19.087  -74.578  -18.467 0.6000000238
14379  17.459  -74.707  -18.713 0.5000000000
14389  21.387  -74.349  -19.014 0.5000000000
14390  16.762  -74.713  -19.192 0.5000000000
14400  25.125  -75.080  -20.723 0.6000000238
14402  23.632  -74.318  -20.180 0.6000000238
14414  29.718  -74.778  -21.160 0.6999999881
14415  27.274  -74.384  -21.080 0.6000000238
14418  25.164  -74.174  -21.149 0.6999999881
14427  31.207  -74.073  -22.747 0.6999999881
14439  31.117  -74.493  -23.301 0.6999999881
14521  26.747  -72.952  -30.938 0.4000000060
14529  27.862  -73.063  -31.962 0.4000000060
15522  20.981  -73.747  -18.947 0.6000000238
15524  19.462  -73.810  -18.567 0.5000000000
15534  23.154  -73.746  -20.280 0.6999999881
15536  21.637  -73.790  -19.445 0.6999999881
15537  21.034  -73.302  -19.575 0.6000000238
15539  18.921  -73.240  -19.067 0.6000000238
15540  17.309  -73.890  -19.311 0.5000000000
15549  28.900  -73.664  -20.386 0.6999999881
15550  28.222  -73.690  -20.567 0.6999999881
15552  22.553  -73.484  -20.564 0.6999999881
15556  16.950  -73.343  -20.173 0.5000000000
15568  31.187  -73.405  -21.595 0.6999999881
15570  27.524  -73.650  -21.030 0.6000000238
15575  22.590  -73.501  -21.463 0.6999999881
15578  16.018  -73.805  -21.267 0.5000000000
15591  30.984  -74.062  -21.979 0.6000000238
15592  27.147  -73.145  -21.712 0.6999999881
15607  34.559  -73.110  -23.592 0.3000000119
15613  21.974  -74.281  -24.027 0.6000000238
15614  20.955  -74.190  -24.421 0.6999999881
15616  19.684  -73.165  -24.712 0.6999999881
15630  20.508  -74.355  -25.804 0.6999999881
15641  24.480  -73.570  -26.449 0.6999999881
15642  23.986  -73.385  -26.962 0.6999999881
15643  23.532  -73.862  -26.725 0.6999999881
15646  20.075  -73.973  -26.324 0.6999999881
15657  31.851  -72.716  -27.280 0.4000000060
15659  23.456  -73.270  -27.127 0.8000000119
15660  22.955  -73.602  -27.193 0.6999999881
15700  27.052  -72.853  -31.556 0.4000000060
16699  18.620  -72.699  -19.861 0.5000000000
16726  30.982  -72.428  -20.359 0.6000000238
16728  28.016  -72.490  -20.676 0.6999999881
16743  36.910  -72.533  -22.777 0.3000000119
16751  19.270  -72.435  -22.675 0.6999999881
16768  27.217  -72.325  -23.470 0.6999999881
16784  35.080  -72.280  -24.802 0.3000000119
16788  26.038  -73.050  -25.501 0.6000000238
16792  19.692  -73.086  -25.297 0.6999999881
16801  34.777  -72.354  -25.576 0.3000000119
16807  23.065  -73.119  -27.282 0.6999999881
16809  20.685  -73.752  -26.715 0.6000000238
16810  20.101  -73.278  -26.265 0.6000000238
16823  24.848  -72.336  -27.177 0.8000000119
16824  23.996  -72.853  -27.117 0.8000000119
16849  34.476  -72.494  -29.340 0.3000000119
16855  32.759  -71.765  -31.305 0.4000000060
17795  30.320  -71.835  -19.845 0.6000000238
17796  29.604  -71.601  -19.825 0.6999999881
17811  28.934  -71.438  -20.097 0.6999999881
17829  17.954  -71.700  -22.287 0.6000000238
17869  18.904  -71.798  -24.180 0.6999999881
17872  16.412  -71.357  -23.794 0.5000000000
17881  33.067  -71.490  -24.684 0.4000000060
17884  23.279  -72.039  -25.587 0.6000000238
17889  17.813  -70.943  -24.657 0.5000000000
17896  34.400  -71.551  -25.675 0.4000000060
17900  26.647  -72.030  -26.633 0.6000000238
17901  24.181  -71.653  -26.894 0.8000000119
17905  19.242  -71.174  -26.007 0.5000000000
17906  16.855  -71.085  -25.545 0.5000000000
17909  11.401  -70.737  -25.820 0.5000000000
17917  25.245  -71.514  -27.750 0.8000000119
17924  9.768  -70.935  -27.438 0.5000000000
17930  25.457  -70.814  -28.343 0.8000000119
17931  17.834  -72.544  -29.296 0.4000000060
17932  15.364  -71.517  -28.651 0.6000000238
17935  10.351  -70.770  -27.582 0.5000000000
17939  34.620  -71.495  -28.056 0.4000000060
17942  18.084  -71.966  -29.355 0.6000000238
18876  32.165  -69.783  -19.902 0.6000000238
18910  28.931  -70.109  -21.120 0.6999999881
18913  24.206  -70.577  -21.516 0.5000000000
18915  22.220  -70.003  -21.202 0.6000000238
18916  21.550  -70.033  -21.973 0.6000000238
18953  28.084  -70.716  -23.715 0.6000000238
18954  24.297  -70.714  -23.846 0.5000000000
18956  21.340  -70.542  -23.905 0.6000000238
18970  21.270  -71.360  -25.210 0.6000000238
18974  11.899  -69.991  -25.515 0.5000000000
18981  28.253  -70.376  -25.951 0.6000000238
18986  19.859  -70.342  -26.755 0.6000000238
18989  18.247  -71.702  -27.851 0.5000000000
18990  11.744  -70.367  -25.541 0.5000000000
18997  26.503  -70.923  -28.053 0.6999999881
18999  20.473  -69.573  -26.936 0.5000000000
19002  18.686  -71.395  -28.487 0.5000000000
19003  14.711  -70.267  -27.217 0.6000000238
19010  26.636  -70.144  -28.535 0.8000000119
19012  25.247  -70.242  -28.606 0.8000000119
19016  18.056  -71.150  -29.257 0.6000000238
19962  31.453  -69.670  -19.624 0.6000000238
19963  30.793  -69.625  -19.573 0.6999999881
19976  33.899  -68.916  -20.887 0.6000000238
19978  32.762  -69.237  -20.108 0.6000000238
19979  30.136  -69.639  -19.923 0.6999999881
20040  28.958  -69.218  -25.563 0.6000000238
20042  25.145  -69.300  -25.320 0.5000000000
20044  20.979  -69.468  -24.842 0.6000000238
20048  25.069  -69.453  -26.535 0.6000000238
20053  12.568  -69.407  -25.483 0.5000000000
20054  12.143  -69.686  -25.388 0.5000000000
20055  11.817  -69.963  -26.090 0.5000000000
20060  27.877  -69.336  -28.595 0.6000000238
20061  27.474  -69.990  -28.244 0.6000000238
20062  25.730  -68.945  -27.701 0.6000000238
20064  20.320  -68.958  -27.472 0.5000000000
20065  18.756  -69.421  -27.671 0.6000000238
20066  17.732  -69.585  -27.574 0.6000000238
20069  14.054  -69.727  -26.488 0.5000000000
20070  12.990  -69.744  -26.192 0.5000000000
20076  25.780  -69.575  -28.677 0.8000000119
20077  19.245  -69.902  -27.989 0.5000000000
21023  19.320  -68.862  -17.764 0.4000000060
21025  17.780  -68.328  -17.120 0.4000000060
21055  32.629  -67.934  -20.117 0.6000000238
21063  22.080  -67.097  -19.352 0.4000000060
21065  19.108  -68.335  -19.287 0.4000000060
21092  36.168  -68.936  -21.758 0.4000000060
21115  22.174  -67.367  -21.935 0.5000000000
21126  29.971  -68.066  -23.557 0.6000000238
21131  12.011  -67.993  -23.901 0.5000000000
21155  25.418  -68.723  -25.938 0.6000000238
21156  20.665  -67.675  -25.730 0.5000000000
21157  17.348  -68.099  -26.088 0.6000000238
21160  13.839  -68.674  -25.370 0.6000000238
21171  20.335  -68.189  -27.099 0.5000000000
21174  18.037  -68.700  -26.958 0.6000000238
21178  19.449  -69.196  -27.678 0.5000000000
22103  18.059  -67.241  -14.002 0.4000000060
22175  17.462  -67.734  -18.621 0.4000000060
22186  32.016  -68.406  -19.840 0.6000000238
22191  18.462  -67.999  -19.694 0.5000000000
22203  32.601  -67.407  -20.428 0.6000000238
22204  31.864  -67.644  -20.313 0.6000000238
22211  18.400  -67.606  -20.480 0.5000000000
22224  34.815  -67.987  -21.054 0.4000000060
22231  21.773  -66.441  -21.599 0.6000000238
22233  18.872  -67.249  -21.407 0.5000000000
22245  30.603  -67.451  -22.367 0.6000000238
22248  21.747  -66.612  -22.352 0.5000000000
22260  21.022  -66.539  -23.915 0.5000000000
22275  16.193  -67.107  -24.482 0.6000000238
22286  20.164  -66.879  -26.173 0.6000000238
22287  19.704  -66.815  -26.203 0.6000000238
22289  16.770  -67.626  -25.205 0.6000000238
22298  20.080  -67.530  -26.822 0.6000000238
23313  17.303  -66.169  -13.265 0.4000000060
23329  17.047  -66.337  -13.875 0.4000000060
23393  16.307  -66.324  -17.406 0.4000000060
23408  16.478  -66.531  -18.361 0.4000000060
23420  16.895  -66.784  -19.985 0.4000000060
23432  34.671  -66.919  -21.458 0.4000000060
23434  32.897  -67.055  -20.731 0.4000000060
23438  16.578  -66.028  -20.699 0.6000000238
23453  21.223  -66.478  -22.502 0.6000000238
23467  36.399  -66.522  -22.717 0.4000000060
23478  18.127  -66.254  -23.211 0.6000000238
23496  20.033  -65.927  -24.052 0.5000000000
23497  19.205  -65.895  -24.067 0.5000000000
23500  13.967  -66.122  -23.353 0.5000000000
23501  12.980  -66.304  -23.198 0.6000000238
23512  20.226  -66.505  -25.274 0.6000000238
23514  19.043  -65.900  -24.410 0.5000000000
23517  15.635  -66.554  -23.877 0.6000000238
23518  14.384  -66.720  -23.828 0.6000000238
23529  19.328  -66.209  -25.405 0.6000000238
24518  14.999  -65.290  -12.852 0.4000000060
24527  16.645  -65.897  -13.315 0.4000000060
24529  14.750  -65.207  -13.625 0.4000000060
24637  34.229  -66.224  -21.902 0.4000000060
24640  16.393  -65.204  -21.924 0.6000000238
24650  33.085  -65.998  -23.336 0.5000000000
24654  16.348  -65.329  -22.573 0.6000000238
24655  15.782  -64.980  -22.657 0.6000000238
24656  15.181  -64.707  -22.800 0.6000000238
24668  17.082  -65.916  -23.167 0.6000000238
24669  16.372  -65.505  -23.051 0.6000000238
25719  14.206  -64.243  -11.768 0.4000000060
25736  14.554  -64.831  -12.255 0.4000000060
25737  13.825  -64.533  -12.424 0.4000000060
25738  13.059  -64.319  -12.640 0.4000000060
25745  14.278  -65.057  -13.030 0.4000000060
25838  15.479  -63.580  -21.062 0.4000000060
25845  15.349  -63.928  -21.859 0.4000000060
25854  15.321  -64.360  -22.387 0.6000000238
25855  14.173  -64.222  -22.195 0.5000000000
26960  14.078  -63.656  -11.600 0.3000000119
26962  12.829  -63.162  -12.007 0.4000000060
26973  11.942  -63.382  -12.559 0.4000000060
26974  11.094  -63.194  -12.919 0.4000000060
26987  10.654  -63.227  -13.767 0.3000000119
26997  13.451  -63.927  -14.893 0.3000000119
26999  11.509  -63.496  -14.238 0.3000000119
27015  14.329  -63.570  -15.656 0.3000000119
28132  14.540  -63.090  -11.527 0.3000000119
28143  9.774  -62.234  -13.012 0.3000000119
28152  9.360  -62.174  -13.640 0.3000000119
28174  13.618  -62.146  -16.076 0.3000000119
28176  11.314  -62.202  -15.632 0.3000000119
29319  15.721  -62.148  -11.835 0.3000000119
29320  14.890  -62.302  -11.994 0.3000000119
29334  9.233  -61.636  -13.180 0.3000000119
29381  11.659  -60.551  -16.786 0.3000000119
29383  8.273  -61.507  -16.914 0.3000000119
29393  13.582  -60.586  -18.120 0.3000000119
30473  10.286  -60.987  -12.625 0.3000000119
30485  13.693  -60.137  -13.320 0.3000000119
30486  8.648  -60.951  -13.381 0.4000000060
30487  8.047  -60.375  -13.681 0.4000000060
30488  7.005  -60.125  -13.864 0.3000000119
30499  7.316  -60.734  -14.498 0.3000000119
30501  6.065  -61.163  -14.108 0.3000000119
30514  8.326  -60.948  -15.678 0.3000000119
30526  13.035  -60.421  -17.769 0.3000000119
30527  12.261  -60.450  -17.619 0.3000000119
30529  10.406  -60.781  -17.101 0.3000000119
30542  10.947  -61.216  -17.899 0.4000000060
30543  10.097  -61.490  -17.840 0.4000000060
31675  14.089  -59.366  -13.637 0.3000000119
32860  14.434  -58.346  -14.068 0.3000000119
32864  9.954  -57.913  -13.180 0.3000000119
32865  8.987  -57.947  -12.877 0.3000000119
32873  14.796  -57.556  -14.461 0.3000000119
32874  14.172  -57.431  -14.542 0.3000000119
32876  12.526  -57.787  -14.377 0.3000000119
34014  14.914  -56.884  -14.697 0.3000000119
34016  13.616  -56.999  -14.856 0.3000000119
34019  11.140  -56.350  -13.835 0.3000000119
35131  10.586  -55.910  -13.383 0.3000000119
35138  13.768  -56.245  -14.715 0.3000000119
35141  11.182  -55.531  -13.688 0.3000000119
36202  8.865  -55.492  -11.600 0.3000000119
36224  10.915  -54.979  -13.437 0.3000000119
36233  12.279  -55.594  -14.264 0.3000000119
37348  12.067  -55.181  -13.992 0.3000000119
128166  33.165  -80.819  -23.081 0.3000000119
128215  25.981  -76.384  -32.570 0.4000000060
128230  15.956  -65.849  -13.856 0.4000000060
128238  30.512  -72.945  -28.454 0.5000000000
129166  25.823  -75.240  -32.789 0.4000000060
129456  12.972  -62.993  -15.329 0.3000000119
130303  24.405  -73.549  -21.967 0.6000000238
130904  10.676  -58.495  -13.405 0.3000000119
131825  26.104  -77.473  -24.218 0.6999999881
132548  12.218  -68.491  -24.271 0.5000000000
132824  19.222  -77.303  -24.143 0.5000000000
133512  13.572  -67.397  -24.277 0.6000000238
133620  10.269  -56.730  -13.350 0.3000000119
133724  17.102  -70.916  -28.979 0.6000000238
133812  20.693  -80.880  -25.215 0.3000000119
133963  11.152  -54.549  -13.086 0.3000000119
134403  14.368  -64.823  -22.656 0.6000000238
134689  23.628  -74.229  -24.578 0.6000000238
134711  11.404  -70.902  -27.751 0.5000000000
134775  16.721  -71.543  -23.069 0.6000000238
134861  10.678  -54.712  -12.962 0.3000000119
135660  8.608  -58.988  -12.881 0.3000000119
136018  20.871  -67.609  -24.625 0.5000000000
136323  29.303  -69.092  -22.233 0.6000000238
136600  24.807  -77.629  -25.007 0.6999999881
136709  21.485  -67.980  -18.655 0.4000000060
137003  26.127  -77.234  -22.749 0.6999999881
137259  15.645  -63.999  -18.255 0.3000000119
137573  26.213  -77.469  -24.973 0.6999999881
137621  18.612  -75.420  -18.547 0.5000000000
138105  28.396  -70.050  -24.258 0.6000000238
138524  12.256  -62.462  -12.164 0.3000000119
138866  20.680  -66.110  -23.846 0.6000000238
138955  33.088  -80.482  -23.470 0.3000000119
139100  21.000  -75.390  -19.133 0.5000000000
139345  21.527  -74.301  -27.016 0.6999999881
139753  11.377  -73.019  -29.227 0.5000000000
140031  12.139  -60.911  -12.545 0.3000000119
140197  24.174  -72.107  -27.238 0.8000000119
142318  16.503  -66.461  -19.234 0.4000000060
142330  33.734  -71.419  -26.510 0.4000000060
142591  7.483  -60.286  -13.804 0.4000000060
144796  20.249  -81.460  -24.851 0.3000000119
145068  30.344  -67.709  -23.023 0.5000000000
145071  20.357  -81.475  -23.529 0.3000000119
145104  20.313  -72.853  -21.344 0.6000000238
146901  23.067  -66.615  -20.290 0.5000000000
146985  23.184  -77.797  -33.406 0.5000000000
147456  31.585  -70.222  -19.710 0.6000000238
147732  24.719  -76.280  -32.856 0.4000000060
148076  34.936  -72.025  -28.203 0.3000000119
148232  19.393  -72.837  -19.536 0.5000000000
148445  33.976  -71.025  -24.615 0.4000000060
148700  11.394  -70.443  -26.459 0.5000000000
148983  33.865  -76.531  -28.690 0.3000000119
149275  16.951  -67.236  -18.268 0.4000000060
149451  15.320  -70.766  -28.074 0.6000000238
149710  12.422  -64.070  -12.870 0.4000000060
149804  14.397  -73.282  -30.112 0.5000000000
149806  22.043  -74.968  -26.442 0.6999999881
150043  35.193  -67.531  -21.439 0.4000000060
150046  23.601  -77.330  -28.153 0.6000000238
150311  24.496  -79.353  -28.230 0.3000000119
150426  17.625  -71.082  -26.464 0.5000000000
150937  24.454  -75.843  -34.566 0.5000000000
150948  20.414  -67.057  -25.817 0.5000000000
151058  15.867  -64.113  -19.659 0.4000000060
151248  29.758  -76.164  -23.139 0.6999999881
152425  16.757  -62.623  -11.179 0.3000000119
152479  29.267  -75.671  -21.752 0.6999999881
152492  22.852  -77.497  -22.701 0.6000000238
152571  25.122  -73.521  -24.680 0.6000000238
152620  18.277  -67.042  -21.715 0.5000000000
152775  19.395  -66.985  -21.903 0.6000000238
153015  34.035  -66.698  -21.309 0.4000000060
154124  26.641  -78.041  -30.982 0.5000000000
154631  10.872  -70.467  -27.224 0.5000000000
154779  20.352  -65.991  -24.057 0.6000000238
155105  34.012  -73.484  -24.682 0.3000000119
