#!ascii label  , from subject sub001 vox2ras=TkReg
463
23082  44.679  -66.609  2.753 0.0000000000
18753  38.697  -70.604  -8.561 0.0000000000
18721  41.857  -70.258  -4.173 0.0000000000
23216  42.840  -65.792  -4.496 0.0000000000
13013  42.950  -76.287  -6.648 0.0000000000
15297  44.219  -73.218  -4.493 0.0000000000
143634  40.162  -78.704  -5.473 0.0000000000
20877  40.582  -68.528  -6.510 0.0000000000
133958  38.074  -64.627  -2.242 0.0000000000
23186  42.395  -65.881  -2.016 0.0000000000
21983  45.882  -67.505  -3.825 0.0000000000
18740  45.537  -71.095  -7.046 0.0000000000
15381  41.851  -72.604  -8.038 0.0000000000
11891  37.022  -76.174  -6.901 0.0000000000
21912  49.022  -68.519  1.026 0.0000000000
20776  43.838  -68.873  0.299 0.0000000000
21975  38.751  -67.328  -2.718 0.0000000000
27936  39.402  -62.568  1.839 0.0000000000
11855  40.864  -76.494  -3.537 0.0000000000
19813  39.682  -69.698  -7.280 0.0000000000
22017  38.187  -67.112  -5.681 0.0000000000
20837  42.474  -67.853  -3.479 0.0000000000
19776  43.932  -69.652  -4.287 0.0000000000
14146  43.972  -75.498  -6.229 0.0000000000
16541  45.916  -72.575  -6.001 0.0000000000
15358  44.657  -73.773  -7.356 0.0000000000
16568  43.645  -72.416  -8.199 0.0000000000
15338  42.103  -73.506  -6.245 0.0000000000
15343  36.836  -73.694  -7.092 0.0000000000
149117  42.359  -67.526  1.154 0.0000000000
23155  40.361  -66.438  -0.496 0.0000000000
145824  39.197  -66.233  -0.029 0.0000000000
25618  43.066  -64.279  -3.201 0.0000000000
25591  40.671  -63.849  -1.787 0.0000000000
151851  35.666  -63.297  -1.547 0.0000000000
27951  36.750  -62.125  0.357 0.0000000000
16510  42.103  -72.668  -2.748 0.0000000000
17633  43.281  -71.453  -4.150 0.0000000000
15279  42.976  -73.668  -2.518 0.0000000000
12997  42.084  -75.502  -4.515 0.0000000000
10721  42.501  -77.760  -7.013 0.0000000000
22014  41.540  -67.088  -5.402 0.0000000000
24419  40.060  -65.704  -3.451 0.0000000000
23219  38.976  -66.327  -4.262 0.0000000000
24422  37.092  -65.316  -3.691 0.0000000000
18763  37.288  -70.690  -9.977 0.0000000000
24341  44.150  -66.083  1.236 0.0000000000
23184  45.073  -64.820  -3.118 0.0000000000
22011  45.543  -66.738  -4.368 0.0000000000
18717  46.266  -70.528  -4.420 0.0000000000
19787  46.286  -69.337  -5.121 0.0000000000
20874  44.336  -68.017  -5.738 0.0000000000
19798  42.949  -69.082  -6.642 0.0000000000
140368  41.795  -70.700  -7.693 0.0000000000
133054  40.925  -71.766  -8.598 0.0000000000
13030  38.938  -75.690  -6.177 0.0000000000
15340  39.278  -73.228  -6.068 0.0000000000
15363  39.484  -72.792  -7.690 0.0000000000
17680  39.539  -72.446  -9.770 0.0000000000
24301  48.559  -65.886  3.120 0.0000000000
154231  47.670  -67.231  3.345 0.0000000000
20742  46.775  -69.169  2.051 0.0000000000
23106  45.087  -68.153  1.352 0.0000000000
23137  42.284  -66.907  0.311 0.0000000000
23187  40.444  -66.741  -2.352 0.0000000000
136093  39.963  -69.122  -3.840 0.0000000000
142611  38.012  -68.742  -3.369 0.0000000000
18709  40.065  -70.642  -3.820 0.0000000000
26812  38.744  -63.225  -0.536 0.0000000000
23062  45.803  -66.377  3.808 0.0000000000
24283  45.383  -65.609  4.318 0.0000000000
24304  44.353  -65.930  3.515 0.0000000000
19814  38.756  -69.971  -7.719 0.0000000000
20887  38.690  -69.124  -6.994 0.0000000000
19778  41.707  -69.263  -4.134 0.0000000000
20857  42.652  -68.589  -3.938 0.0000000000
19777  42.761  -69.440  -4.263 0.0000000000
14147  43.195  -75.788  -6.365 0.0000000000
14161  44.455  -75.024  -6.483 0.0000000000
15315  43.607  -75.493  -6.313 0.0000000000
139231  43.889  -74.333  -6.773 0.0000000000
15316  42.613  -74.452  -6.038 0.0000000000
134322  35.725  -73.526  -8.623 0.0000000000
23125  40.726  -66.485  0.958 0.0000000000
145268  42.911  -65.042  -3.878 0.0000000000
155018  42.020  -63.902  -2.444 0.0000000000
24417  42.058  -64.972  -3.608 0.0000000000
27972  35.633  -62.222  -0.551 0.0000000000
16491  42.979  -73.205  -2.377 0.0000000000
15258  42.808  -73.665  -2.331 0.0000000000
9665  39.846  -78.158  -4.263 0.0000000000
10706  40.855  -77.194  -4.944 0.0000000000
11866  43.005  -76.641  -6.007 0.0000000000
10714  41.133  -78.216  -5.821 0.0000000000
22025  40.991  -67.785  -6.038 0.0000000000
23234  40.696  -66.733  -5.066 0.0000000000
22015  40.408  -67.241  -5.633 0.0000000000
23220  38.059  -66.191  -4.582 0.0000000000
24436  36.693  -65.501  -4.413 0.0000000000
25632  36.244  -64.919  -3.887 0.0000000000
24373  42.908  -65.025  -0.438 0.0000000000
137147  43.107  -64.575  0.014 0.0000000000
24403  43.497  -65.001  -1.820 0.0000000000
23214  45.451  -65.376  -3.772 0.0000000000
22010  45.834  -67.437  -4.211 0.0000000000
16529  44.435  -72.442  -4.414 0.0000000000
148166  45.131  -70.784  -4.351 0.0000000000
144131  45.090  -72.050  -4.587 0.0000000000
17652  45.919  -71.774  -6.988 0.0000000000
18732  46.440  -70.700  -5.664 0.0000000000
18734  45.692  -70.236  -6.347 0.0000000000
20873  45.107  -68.613  -5.694 0.0000000000
19796  44.987  -69.582  -6.325 0.0000000000
19797  44.052  -69.014  -6.382 0.0000000000
18735  44.191  -70.098  -6.856 0.0000000000
16559  43.223  -72.857  -8.149 0.0000000000
18743  42.663  -71.077  -7.820 0.0000000000
18749  42.016  -71.484  -8.118 0.0000000000
18750  41.311  -71.273  -8.205 0.0000000000
145072  41.476  -72.346  -8.276 0.0000000000
137282  35.204  -78.230  -8.518 0.0000000000
11903  36.120  -76.483  -7.473 0.0000000000
10733  36.177  -77.399  -7.653 0.0000000000
11901  37.453  -76.979  -6.918 0.0000000000
11890  37.815  -76.086  -6.550 0.0000000000
147242  39.684  -73.927  -5.723 0.0000000000
13031  37.753  -74.801  -6.283 0.0000000000
130075  38.013  -73.149  -7.710 0.0000000000
143169  38.587  -72.888  -7.254 0.0000000000
136161  38.926  -73.167  -8.229 0.0000000000
16576  40.130  -72.377  -9.216 0.0000000000
16577  39.736  -72.930  -9.313 0.0000000000
23104  49.763  -66.082  1.853 0.0000000000
150921  49.509  -66.774  1.616 0.0000000000
23079  48.096  -66.729  3.372 0.0000000000
21862  48.077  -67.582  2.830 0.0000000000
20762  44.672  -69.508  1.498 0.0000000000
140145  46.411  -70.565  1.565 0.0000000000
20774  44.972  -69.315  1.185 0.0000000000
21864  45.972  -68.361  2.208 0.0000000000
21913  44.611  -68.634  0.584 0.0000000000
23135  44.092  -67.677  0.263 0.0000000000
21935  42.951  -68.053  0.429 0.0000000000
23170  39.065  -66.597  -1.406 0.0000000000
138345  39.939  -66.597  -1.223 0.0000000000
21974  39.652  -67.176  -2.689 0.0000000000
131294  40.038  -67.733  -3.299 0.0000000000
21987  39.192  -67.863  -3.217 0.0000000000
18711  37.450  -70.318  -3.180 0.0000000000
18710  38.380  -70.324  -3.464 0.0000000000
140709  39.383  -69.885  -3.740 0.0000000000
25610  39.071  -64.726  -2.241 0.0000000000
26829  38.293  -63.718  -1.127 0.0000000000
29114  37.517  -61.153  1.665 0.0000000000
19801  40.332  -69.212  -6.859 0.0000000000
150239  39.895  -67.885  -6.198 0.0000000000
21986  42.058  -67.181  -3.162 0.0000000000
23199  42.937  -66.374  -2.591 0.0000000000
150950  43.555  -67.028  -2.950 0.0000000000
20855  45.127  -68.917  -3.867 0.0000000000
14124  44.456  -74.517  -5.673 0.0000000000
15295  45.582  -73.006  -5.580 0.0000000000
15314  45.121  -74.177  -6.047 0.0000000000
16547  45.300  -73.334  -7.081 0.0000000000
16556  45.573  -72.526  -7.310 0.0000000000
18741  44.554  -71.135  -7.542 0.0000000000
16558  44.200  -73.073  -8.019 0.0000000000
133256  43.000  -73.457  -6.886 0.0000000000
15360  42.694  -72.999  -7.847 0.0000000000
14165  37.069  -74.113  -6.622 0.0000000000
14180  36.267  -74.246  -7.121 0.0000000000
15386  36.595  -73.402  -8.174 0.0000000000
21916  42.751  -67.925  0.578 0.0000000000
21917  42.291  -67.353  0.550 0.0000000000
23124  41.455  -66.867  0.593 0.0000000000
23139  39.834  -66.363  0.097 0.0000000000
26810  40.838  -63.170  -0.513 0.0000000000
27967  40.016  -63.060  0.155 0.0000000000
25594  36.993  -64.260  -2.102 0.0000000000
26830  37.393  -63.739  -1.249 0.0000000000
27971  36.432  -62.541  -0.278 0.0000000000
29129  36.347  -61.502  0.577 0.0000000000
18707  41.684  -71.231  -3.838 0.0000000000
18720  42.985  -70.424  -4.337 0.0000000000
17614  42.717  -72.137  -3.257 0.0000000000
16509  43.290  -72.886  -2.740 0.0000000000
147756  43.553  -73.195  -3.112 0.0000000000
14098  43.035  -74.073  -3.395 0.0000000000
14097  43.466  -73.890  -4.450 0.0000000000
14126  43.168  -74.862  -5.218 0.0000000000
13012  43.182  -76.294  -6.435 0.0000000000
23233  42.397  -66.568  -5.007 0.0000000000
24418  41.063  -65.353  -3.572 0.0000000000
151776  40.861  -66.306  -4.545 0.0000000000
23201  39.653  -66.209  -3.864 0.0000000000
153692  38.468  -65.699  -3.493 0.0000000000
23236  38.578  -66.521  -5.066 0.0000000000
24434  38.345  -65.972  -3.903 0.0000000000
132151  37.427  -64.966  -2.947 0.0000000000
151631  36.698  -64.590  -2.866 0.0000000000
26846  35.429  -63.542  -2.275 0.0000000000
18762  37.980  -70.764  -9.277 0.0000000000
24326  44.461  -66.389  1.829 0.0000000000
24327  43.924  -65.835  2.101 0.0000000000
150651  43.358  -65.283  0.871 0.0000000000
24433  43.871  -65.089  -4.009 0.0000000000
23215  44.295  -65.521  -4.272 0.0000000000
19775  46.175  -69.622  -4.184 0.0000000000
17640  46.407  -71.256  -5.247 0.0000000000
144969  46.498  -70.146  -4.662 0.0000000000
20854  45.880  -68.223  -4.209 0.0000000000
20865  45.845  -68.466  -4.886 0.0000000000
22012  44.606  -67.120  -5.208 0.0000000000
137896  43.752  -66.872  -5.204 0.0000000000
22023  43.336  -67.627  -5.742 0.0000000000
20875  42.532  -68.370  -6.308 0.0000000000
19799  41.981  -69.143  -6.747 0.0000000000
18742  43.466  -70.582  -7.444 0.0000000000
19810  42.487  -70.043  -7.149 0.0000000000
19800  41.084  -69.126  -6.863 0.0000000000
19812  40.631  -69.749  -7.307 0.0000000000
18745  40.241  -70.310  -7.721 0.0000000000
18746  39.567  -70.499  -8.027 0.0000000000
10722  41.761  -77.933  -6.863 0.0000000000
9705  35.827  -78.188  -8.027 0.0000000000
130032  39.760  -76.816  -6.483 0.0000000000
13029  40.478  -76.318  -6.327 0.0000000000
14149  40.726  -74.332  -5.724 0.0000000000
15318  40.230  -73.368  -5.795 0.0000000000
15339  40.880  -72.903  -6.336 0.0000000000
14164  37.790  -73.883  -6.421 0.0000000000
16548  39.220  -72.767  -6.694 0.0000000000
146226  40.856  -72.676  -7.541 0.0000000000
16569  40.793  -72.266  -8.675 0.0000000000
17666  40.372  -71.789  -8.978 0.0000000000
17668  38.982  -71.237  -9.451 0.0000000000
17681  38.216  -71.259  -10.127 0.0000000000
25520  49.174  -64.281  3.058 0.0000000000
24325  49.292  -65.421  2.617 0.0000000000
25521  48.464  -65.062  3.309 0.0000000000
24302  47.896  -65.898  3.715 0.0000000000
23060  47.295  -66.815  3.664 0.0000000000
133191  46.135  -67.139  3.261 0.0000000000
135114  46.541  -71.215  1.806 0.0000000000
21888  48.172  -68.561  1.885 0.0000000000
21889  47.490  -68.471  2.374 0.0000000000
23080  46.633  -67.500  3.193 0.0000000000
23081  45.401  -67.232  2.780 0.0000000000
24354  44.338  -66.908  0.795 0.0000000000
142633  43.036  -65.946  0.468 0.0000000000
24386  42.122  -65.611  -0.850 0.0000000000
146322  41.334  -66.512  0.170 0.0000000000
23154  41.060  -66.253  -0.755 0.0000000000
129193  41.189  -66.405  -2.083 0.0000000000
135961  40.955  -67.517  -3.213 0.0000000000
20838  40.585  -68.345  -3.652 0.0000000000
19779  40.817  -69.150  -3.947 0.0000000000
19765  39.267  -69.092  -3.651 0.0000000000
19764  40.335  -69.845  -3.932 0.0000000000
18708  40.924  -70.508  -3.955 0.0000000000
25609  40.085  -64.512  -2.327 0.0000000000
25592  39.643  -63.984  -1.759 0.0000000000
27968  39.107  -62.832  0.077 0.0000000000
27969  38.184  -62.903  0.120 0.0000000000
27949  38.447  -62.523  0.745 0.0000000000
9675  41.751  -78.105  -6.484 0.0000000000
9723  34.922  -79.112  -8.802 0.0000000000
10713  42.129  -77.762  -6.273 0.0000000000
10723  40.675  -78.297  -6.726 0.0000000000
10724  39.622  -77.691  -6.708 0.0000000000
11854  41.508  -75.692  -3.297 0.0000000000
11867  41.617  -76.334  -4.766 0.0000000000
11874  42.937  -77.392  -6.678 0.0000000000
11902  36.708  -76.780  -7.253 0.0000000000
12972  42.456  -74.717  -4.075 0.0000000000
12996  42.978  -75.711  -5.708 0.0000000000
13014  41.576  -75.801  -6.312 0.0000000000
13032  36.851  -75.174  -6.688 0.0000000000
14125  44.082  -75.135  -5.710 0.0000000000
14144  44.668  -74.877  -6.311 0.0000000000
14145  44.343  -75.236  -6.266 0.0000000000
14148  42.075  -74.905  -6.036 0.0000000000
14162  44.130  -75.193  -6.474 0.0000000000
14163  38.705  -74.169  -6.020 0.0000000000
15278  43.087  -73.351  -2.544 0.0000000000
15296  44.972  -73.605  -5.408 0.0000000000
15317  41.382  -73.734  -5.767 0.0000000000
15334  45.511  -73.421  -6.374 0.0000000000
15335  44.860  -74.351  -6.651 0.0000000000
15336  44.386  -74.548  -6.788 0.0000000000
15337  43.270  -74.395  -6.356 0.0000000000
15341  38.348  -73.244  -6.574 0.0000000000
15342  37.472  -73.537  -6.863 0.0000000000
15359  43.828  -73.628  -7.499 0.0000000000
15361  41.826  -72.819  -7.295 0.0000000000
15362  40.074  -72.640  -7.019 0.0000000000
15364  37.190  -73.377  -7.496 0.0000000000
15365  36.392  -73.615  -7.651 0.0000000000
15366  35.588  -73.847  -7.895 0.0000000000
15380  42.263  -72.508  -8.194 0.0000000000
15382  41.012  -72.527  -8.208 0.0000000000
15383  39.705  -73.011  -8.711 0.0000000000
15385  37.445  -73.286  -8.054 0.0000000000
16508  43.654  -72.659  -3.656 0.0000000000
16528  45.142  -72.800  -4.877 0.0000000000
16540  46.174  -71.809  -5.884 0.0000000000
16557  45.009  -72.894  -7.707 0.0000000000
16570  40.221  -72.592  -8.764 0.0000000000
17613  43.431  -72.413  -3.555 0.0000000000
17629  46.494  -70.750  -4.826 0.0000000000
17630  46.231  -71.287  -4.782 0.0000000000
17631  45.674  -71.213  -4.426 0.0000000000
17632  44.313  -71.751  -4.336 0.0000000000
17634  42.435  -71.141  -4.068 0.0000000000
17641  46.012  -71.962  -5.420 0.0000000000
17646  46.414  -71.176  -5.627 0.0000000000
17647  46.212  -71.475  -6.237 0.0000000000
17653  45.347  -71.975  -7.658 0.0000000000
17654  44.473  -72.220  -8.056 0.0000000000
17655  43.590  -71.595  -7.975 0.0000000000
17664  42.718  -72.073  -8.250 0.0000000000
17665  41.650  -72.048  -8.451 0.0000000000
17667  39.779  -71.827  -9.500 0.0000000000
17682  37.607  -71.103  -10.624 0.0000000000
18633  47.172  -71.530  1.729 0.0000000000
18648  47.874  -71.318  1.225 0.0000000000
18726  46.567  -70.646  -5.135 0.0000000000
18733  46.168  -70.905  -6.399 0.0000000000
18744  40.975  -70.462  -7.776 0.0000000000
18751  40.454  -71.056  -8.331 0.0000000000
18752  39.685  -71.189  -8.823 0.0000000000
19692  47.262  -70.819  1.192 0.0000000000
19761  46.087  -68.871  -4.223 0.0000000000
19762  46.014  -68.815  -3.985 0.0000000000
19763  45.902  -69.270  -3.918 0.0000000000
19766  38.600  -69.365  -3.538 0.0000000000
19767  37.071  -69.721  -3.143 0.0000000000
19774  46.330  -69.488  -4.522 0.0000000000
19786  46.566  -69.883  -5.029 0.0000000000
19794  46.292  -70.062  -5.683 0.0000000000
19795  45.780  -69.354  -5.638 0.0000000000
19809  43.379  -69.775  -6.840 0.0000000000
19811  41.468  -69.849  -7.252 0.0000000000
19823  38.093  -70.099  -8.148 0.0000000000
20759  47.276  -69.580  1.518 0.0000000000
20760  45.756  -69.936  1.589 0.0000000000
20761  45.127  -70.134  1.716 0.0000000000
20763  43.833  -68.943  0.805 0.0000000000
20775  44.277  -69.018  0.582 0.0000000000
20833  45.913  -68.261  -4.007 0.0000000000
20834  45.844  -68.166  -3.835 0.0000000000
20839  39.628  -68.456  -3.552 0.0000000000
20840  38.838  -68.593  -3.438 0.0000000000
20853  46.195  -69.022  -4.609 0.0000000000
20856  43.919  -68.688  -3.980 0.0000000000
20858  41.553  -68.526  -3.816 0.0000000000
20866  45.350  -67.631  -5.076 0.0000000000
20876  41.529  -68.422  -6.417 0.0000000000
21863  47.241  -67.837  2.967 0.0000000000
21887  48.989  -67.572  1.884 0.0000000000
21914  44.211  -68.555  0.239 0.0000000000
21915  43.331  -68.593  0.372 0.0000000000
21934  43.629  -68.500  0.242 0.0000000000
21973  40.463  -67.199  -2.839 0.0000000000
22000  45.786  -66.506  -3.598 0.0000000000
22013  42.724  -67.038  -5.393 0.0000000000
22016  39.108  -66.892  -5.490 0.0000000000
22024  42.090  -67.715  -5.885 0.0000000000
22026  38.918  -67.571  -6.041 0.0000000000
23061  46.521  -66.541  3.853 0.0000000000
23105  48.950  -66.539  2.503 0.0000000000
23107  44.854  -67.102  1.663 0.0000000000
23123  44.600  -67.697  0.709 0.0000000000
23126  39.980  -66.165  0.823 0.0000000000
23136  43.283  -67.488  0.350 0.0000000000
23138  40.624  -66.482  0.293 0.0000000000
23140  38.749  -66.343  -0.528 0.0000000000
23153  41.742  -65.871  -0.258 0.0000000000
23156  39.555  -66.464  -0.601 0.0000000000
23168  41.402  -66.118  -1.469 0.0000000000
23169  40.489  -66.504  -1.780 0.0000000000
23188  39.080  -66.838  -2.212 0.0000000000
23200  41.426  -66.726  -2.619 0.0000000000
23217  41.635  -65.681  -4.191 0.0000000000
23218  40.426  -66.069  -4.073 0.0000000000
23221  37.186  -65.962  -4.878 0.0000000000
23230  45.678  -65.945  -3.749 0.0000000000
23231  44.757  -66.233  -4.521 0.0000000000
23232  43.409  -66.342  -4.864 0.0000000000
23235  39.387  -66.513  -4.902 0.0000000000
24284  44.611  -65.468  4.222 0.0000000000
24303  45.066  -66.183  3.651 0.0000000000
24340  44.538  -66.767  1.202 0.0000000000
24355  43.865  -66.488  0.619 0.0000000000
24385  43.141  -64.782  -1.139 0.0000000000
24404  40.590  -64.994  -2.925 0.0000000000
24405  39.552  -65.298  -2.844 0.0000000000
24406  38.498  -65.338  -2.918 0.0000000000
24414  45.471  -65.094  -3.383 0.0000000000
24416  44.074  -64.581  -3.461 0.0000000000
24420  39.077  -65.902  -3.497 0.0000000000
24421  37.895  -65.523  -3.527 0.0000000000
24432  44.914  -64.913  -3.629 0.0000000000
24435  37.553  -65.764  -4.167 0.0000000000
25593  38.695  -64.110  -1.707 0.0000000000
25607  42.658  -63.939  -2.686 0.0000000000
25608  41.130  -64.274  -2.367 0.0000000000
25611  36.037  -64.186  -2.683 0.0000000000
25619  41.774  -64.522  -2.993 0.0000000000
25620  36.752  -64.887  -3.332 0.0000000000
25621  35.631  -64.391  -3.460 0.0000000000
26811  39.716  -63.158  -0.557 0.0000000000
26813  37.805  -63.353  -0.526 0.0000000000
26814  36.903  -63.213  -0.696 0.0000000000
26815  36.019  -63.020  -0.853 0.0000000000
26826  41.714  -63.602  -1.921 0.0000000000
26827  40.218  -63.423  -1.214 0.0000000000
26828  39.225  -63.560  -1.174 0.0000000000
26831  36.503  -63.572  -1.398 0.0000000000
27938  37.896  -61.920  1.264 0.0000000000
27948  39.291  -62.739  0.869 0.0000000000
27950  37.599  -62.320  0.601 0.0000000000
27952  36.126  -61.968  0.052 0.0000000000
27970  37.293  -62.756  -0.052 0.0000000000
29128  37.010  -61.660  1.050 0.0000000000
29130  35.795  -61.462  -0.052 0.0000000000
128299  41.268  -63.353  -1.282 0.0000000000
129208  39.741  -66.657  -2.007 0.0000000000
129248  43.383  -75.783  -6.208 0.0000000000
131201  40.266  -72.709  -8.168 0.0000000000
131464  45.699  -72.040  -4.922 0.0000000000
132163  39.155  -71.786  -9.997 0.0000000000
133140  39.919  -74.998  -5.890 0.0000000000
133324  40.125  -66.492  -4.695 0.0000000000
135584  37.889  -73.208  -7.127 0.0000000000
139195  37.817  -70.380  -8.640 0.0000000000
140815  37.873  -64.139  -1.662 0.0000000000
141203  40.555  -66.449  -1.156 0.0000000000
141764  43.428  -68.390  -6.200 0.0000000000
142424  36.426  -75.920  -7.149 0.0000000000
144209  44.175  -66.199  2.708 0.0000000000
144238  39.865  -66.789  -5.306 0.0000000000
144383  46.564  -68.528  2.331 0.0000000000
144825  41.619  -66.414  -4.764 0.0000000000
144949  41.615  -71.854  -3.321 0.0000000000
145113  45.877  -72.457  -6.620 0.0000000000
145221  39.869  -72.850  -6.269 0.0000000000
145959  39.705  -66.387  -4.329 0.0000000000
146064  36.275  -64.601  -3.250 0.0000000000
146258  44.990  -70.439  -6.824 0.0000000000
147257  36.030  -73.501  -8.070 0.0000000000
147461  37.774  -69.550  -3.378 0.0000000000
147465  42.578  -65.472  -1.372 0.0000000000
149186  42.536  -65.594  0.090 0.0000000000
149905  41.980  -67.319  0.813 0.0000000000
150808  39.634  -67.233  -5.742 0.0000000000
151701  36.132  -63.772  -2.005 0.0000000000
151714  41.468  -67.904  -3.495 0.0000000000
152308  41.340  -66.826  1.085 0.0000000000
152482  41.070  -69.797  -4.049 0.0000000000
153125  42.949  -72.768  -2.630 0.0000000000
153233  43.297  -73.591  -2.903 0.0000000000
155002  42.390  -77.247  -5.851 0.0000000000
