#!ascii label  , from subject sub001 vox2ras=TkReg
715
146408  24.370  -23.019  -13.977 0.1428571492
70604  22.940  -23.943  -13.859 0.1428571492
72437  23.870  -21.814  -14.783 0.1428571492
146354  25.600  -23.467  -13.640 0.1428571492
71516  24.360  -22.314  -14.276 0.2857142985
70627  23.422  -23.300  -14.266 0.1428571492
134129  25.659  -22.220  -14.254 0.1428571492
73439  24.590  -20.636  -15.463 0.5714285970
72454  25.300  -21.107  -14.893 0.1428571492
73436  27.517  -20.441  -15.447 0.2857142985
73437  26.599  -20.459  -15.351 0.2857142985
74414  28.749  -19.742  -15.871 0.1428571492
74415  27.860  -19.821  -15.871 0.2857142985
76336  29.296  -17.103  -17.144 0.2857142985
76337  28.350  -17.040  -17.102 0.1428571492
76322  27.986  -17.736  -16.731 0.2857142985
78214  30.205  -15.193  -18.227 0.2857142985
77270  30.398  -16.355  -17.315 0.2857142985
80337  30.137  -13.876  -19.014 0.2857142985
79286  29.679  -14.592  -18.853 0.2857142985
131535  30.547  -11.688  -19.494 0.2857142985
84395  30.226  -9.448  -20.312 0.8571428657
83413  30.865  -10.629  -19.512 0.4285714328
81396  31.078  -12.777  -18.885 0.2857142985
86271  30.489  -7.147  -20.377 0.7142857313
85306  30.704  -8.039  -19.974 0.7142857313
85295  30.869  -8.938  -19.792 0.7142857313
83424  30.236  -10.282  -20.155 0.7142857313
88229  31.899  -5.462  -19.372 0.8571428657
87265  31.554  -6.303  -19.467 0.5714285970
87281  30.924  -6.308  -20.187 0.8571428657
85307  30.165  -8.587  -20.510 0.7142857313
90042  33.227  -3.313  -19.294 0.4285714328
89138  31.802  -4.769  -20.112 0.7142857313
88230  31.433  -5.524  -20.196 0.8571428657
92687  35.696  -0.555  -19.445 0.2857142985
91746  34.123  -1.679  -19.353 0.5714285970
89154  32.148  -4.018  -19.999 0.8571428657
90908  33.560  -2.403  -19.414 0.7142857313
93613  35.346  0.170  -19.740 0.1428571492
93612  36.122  -0.076  -19.701 0.1428571492
92688  34.964  -0.428  -19.445 0.4285714328
91747  32.787  -2.175  -19.755 0.5714285970
90058  31.994  -3.448  -20.480 0.8571428657
93656  35.074  0.895  -21.864 0.1428571492
128588  36.000  0.489  -20.966 0.1428571492
93632  35.338  0.564  -20.443 0.1428571492
93614  34.453  0.046  -19.649 0.4285714328
90926  32.343  -2.762  -20.141 0.8571428657
94687  34.064  1.283  -23.134 0.1428571492
93671  34.842  0.962  -22.758 0.1428571492
94672  34.289  1.297  -22.063 0.1428571492
94659  34.601  1.035  -20.983 0.1428571492
94637  33.781  1.013  -20.429 0.4285714328
93615  33.617  -0.322  -19.619 0.5714285970
91748  32.589  -1.507  -19.749 0.7142857313
90927  31.784  -2.890  -20.524 0.8571428657
94673  33.456  1.625  -22.522 0.1428571492
136959  33.128  1.891  -21.982 0.1428571492
94660  33.583  1.529  -21.332 0.1428571492
150084  33.167  0.828  -20.005 0.5714285970
142774  32.106  -1.127  -19.903 0.8571428657
143426  32.107  -2.072  -20.094 0.8571428657
142176  31.503  -2.350  -20.278 0.8571428657
94674  32.947  1.843  -22.929 0.1428571492
94661  32.886  1.896  -21.176 0.1428571492
94639  32.340  1.854  -20.352 0.8571428657
93616  32.835  0.220  -19.693 0.8571428657
93635  31.899  0.399  -19.758 0.8571428657
146934  32.687  3.099  -22.179 0.1428571492
96460  32.969  3.088  -23.857 0.1428571492
95587  32.629  2.463  -20.948 0.4285714328
95573  31.668  2.312  -19.967 0.8571428657
94640  31.541  1.344  -19.783 0.8571428657
93636  30.904  0.438  -19.630 0.8571428657
92705  30.220  -0.367  -19.314 0.8571428657
96438  32.580  3.148  -21.396 0.4285714328
94641  30.421  1.217  -19.536 0.8571428657
93637  29.537  0.441  -19.239 0.8571428657
132460  32.553  4.005  -21.856 0.1428571492
97318  32.522  4.492  -22.750 0.2857142985
96424  32.263  3.884  -20.863 0.5714285970
96425  31.531  4.035  -20.309 0.8571428657
95572  31.792  3.201  -20.201 0.8571428657
95559  31.095  2.865  -19.656 0.8571428657
94623  29.950  1.891  -19.502 0.8571428657
95561  29.557  2.410  -19.574 0.8571428657
94642  29.321  1.259  -19.541 0.8571428657
98170  32.405  5.305  -22.674 0.2857142985
141190  32.462  4.994  -21.926 0.7142857313
97296  31.856  4.705  -20.845 0.8571428657
96414  29.631  3.031  -19.629 0.8571428657
96428  28.969  3.294  -19.899 0.8571428657
94624  29.052  1.964  -19.590 0.8571428657
98135  31.457  5.253  -20.878 0.8571428657
98136  30.640  5.340  -20.692 0.8571428657
96427  29.803  3.768  -19.875 0.8571428657
97309  28.410  4.128  -20.895 0.7142857313
96439  28.381  3.428  -20.576 0.7142857313
98149  31.188  5.882  -21.133 0.8571428657
98137  29.756  5.424  -20.736 0.8571428657
97299  29.103  4.011  -20.383 0.8571428657
146852  28.876  5.365  -21.152 0.8571428657
148650  29.445  6.126  -21.073 0.8571428657
152215  28.371  4.757  -21.088 0.7142857313
99808  31.184  7.175  -21.907 0.7142857313
98993  29.924  6.836  -21.120 0.8571428657
99809  30.385  7.383  -21.588 0.8571428657
99810  29.567  7.536  -21.492 0.8571428657
100661  29.304  8.254  -21.786 0.7142857313
98138  29.101  4.721  -20.765 0.8571428657
98994  29.045  6.833  -21.373 0.8571428657
101480  31.060  9.288  -26.237 0.1428571492
100660  30.080  8.106  -21.775 0.8571428657
100669  30.424  8.493  -22.207 0.7142857313
144563  30.495  9.192  -22.586 0.7142857313
99811  28.584  7.633  -21.689 0.8571428657
101473  30.877  10.262  -26.232 0.1428571492
101452  30.914  9.638  -23.376 0.5714285970
102212  30.493  10.499  -23.694 0.5714285970
102213  29.739  10.850  -23.298 0.5714285970
102227  30.555  10.758  -24.640 0.1428571492
102257  30.475  11.159  -28.018 0.1428571492
102984  29.256  11.533  -23.787 0.5714285970
103023  30.006  12.079  -28.059 0.1428571492
103026  29.958  11.962  -28.852 0.1428571492
102999  30.254  11.583  -24.989 0.1428571492
103772  29.176  13.126  -29.129 0.1428571492
102983  30.136  11.294  -24.041 0.5714285970
103769  29.232  13.002  -28.331 0.1428571492
135999  28.771  13.120  -27.231 0.1428571492
103770  27.997  14.188  -29.753 0.1428571492
104491  27.882  13.554  -28.077 0.1428571492
69675  24.682  -24.377  -13.461 0.1428571492
69676  23.736  -24.517  -13.538 0.1428571492
72436  24.927  -21.747  -14.392 0.2857142985
71514  26.403  -22.332  -14.307 0.1428571492
72452  27.159  -21.053  -14.981 0.2857142985
72453  26.244  -21.099  -14.976 0.2857142985
76320  29.756  -17.681  -16.713 0.2857142985
75377  29.432  -18.335  -16.450 0.2857142985
75378  28.557  -18.426  -16.470 0.1428571492
81411  29.838  -12.865  -19.840 0.2857142985
80351  29.736  -13.541  -19.629 0.2857142985
84381  30.903  -9.766  -19.628 0.4285714328
82399  30.059  -11.208  -20.048 0.5714285970
89137  32.389  -4.609  -19.283 0.2857142985
83425  29.615  -9.965  -20.841 0.7142857313
90907  34.485  -2.231  -18.978 0.1428571492
88247  31.457  -4.965  -20.976 0.8571428657
94688  33.455  1.563  -23.545 0.1428571492
94638  33.006  1.410  -20.468 0.8571428657
140768  32.450  1.032  -19.895 0.8571428657
137349  30.453  -1.356  -19.561 0.8571428657
148647  29.325  -0.232  -19.242 0.8571428657
98148  32.013  5.504  -21.449 0.8571428657
98992  30.773  6.626  -21.386 0.8571428657
99821  30.740  7.885  -22.111 0.8571428657
101434  31.037  8.981  -22.998 0.7142857313
101464  31.075  10.047  -24.334 0.2857142985
102236  30.651  11.043  -25.616 0.1428571492
136314  30.453  11.377  -27.366 0.1428571492
103029  28.721  13.320  -31.538 0.1428571492
69677  22.805  -24.655  -13.492 0.1428571492
74416  26.944  -19.827  -15.759 0.2857142985
73438  25.658  -20.528  -15.387 0.4285714328
74438  28.208  -19.140  -16.183 0.1428571492
77254  30.887  -16.863  -16.851 0.2857142985
78196  30.680  -15.668  -17.605 0.2857142985
77285  29.174  -16.029  -17.901 0.2857142985
77272  28.800  -16.513  -17.618 0.2857142985
78215  29.242  -15.416  -18.457 0.2857142985
152107  29.628  -10.657  -20.646 0.7142857313
93683  35.509  0.750  -23.301 0.1428571492
94701  33.964  1.242  -24.091 0.1428571492
94689  33.236  1.855  -24.019 0.1428571492
95599  32.791  2.333  -21.937 0.2857142985
95611  32.818  2.533  -22.894 0.1428571492
91764  31.457  -1.627  -19.913 0.8571428657
91765  30.709  -2.188  -20.063 1.0000000000
97330  32.624  4.082  -23.678 0.1428571492
98181  32.513  5.007  -23.588 0.1428571492
149166  32.351  5.661  -23.237 0.2857142985
95588  27.828  2.742  -20.981 0.8571428657
99006  32.129  6.201  -22.023 0.5714285970
99835  32.058  7.122  -22.995 0.5714285970
99836  31.825  7.806  -23.467 0.5714285970
100668  30.904  8.437  -22.618 0.7142857313
101463  31.364  9.231  -24.135 0.4285714328
100701  31.569  8.546  -24.748 0.2857142985
101472  31.305  9.406  -25.175 0.2857142985
147459  30.982  10.237  -25.292 0.1428571492
103750  29.298  12.528  -25.200 0.2857142985
129979  30.637  10.520  -27.211 0.1428571492
103766  29.362  12.718  -27.234 0.1428571492
103759  29.542  12.636  -26.065 0.1428571492
103760  28.658  13.024  -26.222 0.1428571492
103767  28.122  13.834  -28.841 0.1428571492
99021  32.255  6.356  -23.366 0.4285714328
99856  32.164  7.123  -23.880 0.4285714328
99857  31.884  7.821  -24.337 0.4285714328
100684  31.360  8.406  -23.160 0.5714285970
101451  31.259  8.971  -23.489 0.5714285970
71515  25.064  -22.441  -13.929 0.1428571492
71517  23.650  -22.622  -14.510 0.1428571492
70603  24.028  -23.807  -13.818 0.1428571492
154215  22.336  -24.300  -13.725 0.1428571492
71526  23.016  -22.359  -15.049 0.2857142985
146581  24.477  -21.226  -14.892 0.5714285970
134130  26.788  -21.695  -14.602 0.1428571492
74417  26.042  -19.896  -15.746 0.1428571492
74439  27.295  -19.236  -16.226 0.1428571492
77271  29.617  -16.491  -17.466 0.2857142985
86273  29.613  -8.107  -21.395 0.7142857313
132963  32.652  -3.854  -19.462 0.8571428657
88248  30.871  -5.594  -20.945 0.8571428657
92689  33.395  -1.413  -19.562 0.5714285970
93655  35.371  0.731  -21.180 0.1428571492
93634  33.751  0.446  -19.846 0.1428571492
92703  32.210  -0.307  -19.738 0.8571428657
147024  32.197  2.587  -20.413 0.8571428657
96426  30.694  4.056  -19.948 0.8571428657
146275  31.157  3.525  -19.831 0.8571428657
95562  28.947  2.612  -19.682 0.8571428657
97297  31.070  4.693  -20.468 0.8571428657
98991  31.628  6.403  -21.680 0.8571428657
98983  30.279  6.104  -20.864 0.8571428657
101481  30.742  9.728  -26.867 0.1428571492
102200  29.195  10.309  -22.707 0.5714285970
102276  30.105  10.877  -30.080 0.1428571492
103000  29.671  11.903  -24.567 0.4285714328
103009  30.304  12.119  -26.043 0.1428571492
103776  29.100  13.097  -29.865 0.1428571492
103028  29.772  11.841  -29.725 0.1428571492
136304  30.588  11.250  -26.574 0.1428571492
151076  29.950  12.249  -25.322 0.1428571492
76319  30.614  -17.689  -16.570 0.1428571492
143125  32.101  6.526  -22.618 0.5714285970
73459  25.126  -20.020  -15.947 0.4285714328
78216  28.479  -15.415  -18.928 0.5714285970
103751  28.415  12.737  -25.100 0.1428571492
77302  27.217  -16.365  -19.707 0.5714285970
77289  26.022  -16.973  -19.228 0.5714285970
76371  24.446  -17.033  -19.206 0.2857142985
78231  27.544  -15.773  -20.094 0.5714285970
78232  26.896  -16.241  -20.425 0.5714285970
75409  24.500  -18.200  -18.565 0.4285714328
77290  23.553  -16.962  -18.970 0.2857142985
77317  25.386  -16.365  -20.226 0.4285714328
80367  29.164  -13.311  -20.363 0.4285714328
79321  28.200  -14.193  -20.708 0.5714285970
135794  26.526  -14.715  -21.095 0.5714285970
79323  25.542  -15.076  -20.960 0.4285714328
81428  28.677  -12.773  -21.025 0.5714285970
81429  28.076  -12.975  -21.467 0.5714285970
81445  28.310  -12.205  -21.594 0.7142857313
81447  27.102  -12.527  -21.838 0.4285714328
78254  25.424  -15.890  -20.642 0.4285714328
77306  24.119  -16.424  -19.570 0.2857142985
149849  23.426  -16.201  -19.317 0.2857142985
79335  25.623  -14.295  -21.343 0.4285714328
83435  28.739  -10.312  -22.022 0.7142857313
83448  26.651  -10.317  -22.411 0.4285714328
84415  27.568  -9.282  -22.551 0.7142857313
84416  26.893  -9.401  -22.611 0.5714285970
129137  27.202  -8.616  -23.017 0.7142857313
85326  26.524  -8.729  -23.103 0.2857142985
83434  29.237  -10.570  -21.408 0.5714285970
84404  29.226  -9.751  -21.677 0.5714285970
83446  28.143  -9.875  -22.414 0.7142857313
85325  29.105  -7.974  -22.190 0.7142857313
86292  27.646  -7.621  -23.059 0.7142857313
87300  28.302  -6.316  -23.035 0.7142857313
86302  27.094  -6.921  -23.337 0.7142857313
86303  26.508  -7.242  -23.470 0.4285714328
87311  27.279  -6.045  -23.463 0.4285714328
139629  30.162  -7.818  -20.686 0.5714285970
85315  29.227  -8.879  -21.923 0.5714285970
86272  29.963  -7.188  -21.272 0.5714285970
87291  29.381  -6.599  -22.453 0.5714285970
88271  28.639  -5.980  -23.021 0.7142857313
142358  28.333  -5.474  -23.175 0.7142857313
90087  29.226  -4.492  -22.205 0.7142857313
148680  27.314  -5.543  -23.486 0.7142857313
142515  27.006  -5.142  -23.523 0.5714285970
90089  27.532  -4.040  -23.255 0.5714285970
89155  31.672  -4.227  -20.687 0.7142857313
88269  30.066  -5.272  -22.077 0.5714285970
88262  29.646  -5.967  -22.295 0.5714285970
89170  30.042  -4.667  -21.922 0.7142857313
88270  29.188  -5.579  -22.693 0.7142857313
90077  29.803  -3.926  -21.644 0.8571428657
88282  26.858  -5.560  -23.541 0.4285714328
90078  28.752  -3.594  -21.902 0.7142857313
146426  27.885  -3.344  -22.669 0.7142857313
90943  28.654  -2.818  -21.422 0.7142857313
90099  26.788  -3.913  -23.544 0.5714285970
152778  28.185  -2.790  -22.052 0.7142857313
89169  31.209  -4.508  -21.332 0.5714285970
89181  29.531  -5.053  -22.399 0.7142857313
146888  29.501  -3.119  -21.252 0.8571428657
91783  29.051  -2.409  -20.784 0.8571428657
91784  28.021  -2.111  -21.381 0.7142857313
90944  27.369  -2.303  -22.611 0.5714285970
91794  26.643  -1.256  -23.036 0.2857142985
90928  31.038  -2.880  -20.619 0.7142857313
93658  27.364  0.425  -21.556 0.7142857313
91766  29.620  -2.023  -19.890 0.7142857313
91767  28.550  -1.647  -20.400 0.8571428657
146499  27.851  -1.291  -21.022 0.8571428657
93639  27.778  0.999  -20.543 0.8571428657
92707  28.204  -0.741  -20.349 0.8571428657
92725  26.991  -0.455  -22.285 0.5714285970
93657  27.935  0.148  -20.488 0.8571428657
143207  26.683  0.364  -22.657 0.7142857313
92706  29.227  -0.975  -19.618 0.8571428657
93638  28.514  0.737  -19.822 0.8571428657
94662  27.432  1.285  -21.239 0.8571428657
148016  28.489  2.138  -19.937 0.8571428657
95574  27.874  1.909  -20.596 0.8571428657
95589  27.177  1.988  -21.444 0.7142857313
98150  27.908  5.192  -21.462 0.7142857313
141359  28.555  6.009  -21.473 0.5714285970
97320  26.740  4.667  -22.656 0.7142857313
98161  27.262  5.316  -22.185 0.7142857313
142518  27.698  5.985  -21.782 0.7142857313
98995  28.126  6.747  -21.649 0.8571428657
99822  26.975  7.157  -22.299 0.7142857313
98162  26.637  5.652  -23.000 0.7142857313
99823  26.285  7.441  -22.940 0.7142857313
100673  26.186  8.492  -23.006 0.7142857313
99837  25.478  7.438  -24.013 0.5714285970
100662  27.861  8.214  -22.032 0.7142857313
100672  27.156  8.896  -22.571 0.7142857313
99824  25.647  8.198  -23.685 0.5714285970
100674  25.381  9.194  -24.171 0.5714285970
100671  28.157  8.964  -22.113 0.5714285970
99838  24.753  8.597  -25.129 0.5714285970
101437  27.033  9.811  -23.111 0.5714285970
101438  26.058  9.518  -23.449 0.5714285970
100695  23.565  9.757  -26.323 0.5714285970
99858  23.564  8.108  -26.363 0.4285714328
101465  23.686  10.589  -26.295 0.5714285970
100685  24.494  9.980  -25.678 0.5714285970
101453  26.904  10.551  -23.461 0.5714285970
100696  22.862  8.930  -26.145 0.4285714328
140760  22.824  6.596  -26.226 0.4285714328
101466  22.616  10.260  -26.224 0.5714285970
101456  22.637  10.541  -25.474 0.4285714328
84380  31.618  -9.297  -19.316 0.2857142985
88261  30.239  -5.760  -21.635 0.5714285970
152748  22.571  10.867  -25.774 0.2857142985
76353  26.291  -17.280  -18.495 0.5714285970
76340  25.757  -17.954  -18.075 0.5714285970
139516  29.213  -14.396  -19.448 0.2857142985
78230  28.198  -15.233  -19.637 0.4285714328
135378  29.605  -14.069  -19.366 0.2857142985
147606  28.761  -13.894  -20.415 0.5714285970
76356  24.064  -17.718  -18.865 0.2857142985
78255  24.524  -15.179  -20.620 0.4285714328
79334  26.289  -13.935  -21.499 0.4285714328
80390  26.546  -13.120  -21.667 0.5714285970
78235  23.785  -15.582  -19.845 0.2857142985
79324  23.971  -14.267  -20.853 0.2857142985
82444  27.281  -11.017  -22.501 0.5714285970
86257  32.161  -7.877  -19.037 0.2857142985
83450  25.091  -10.025  -21.936 0.2857142985
86293  26.855  -7.918  -23.406 0.7142857313
91785  27.351  -1.348  -21.906 0.7142857313
96450  27.413  3.681  -21.806 0.7142857313
97310  27.877  4.294  -21.400 0.7142857313
134704  24.700  7.435  -25.124 0.5714285970
143030  22.830  9.376  -26.337 0.2857142985
101422  29.037  8.937  -22.075 0.5714285970
150187  27.810  9.523  -22.525 0.5714285970
101436  28.645  9.602  -22.408 0.5714285970
102201  27.979  10.307  -22.861 0.5714285970
101455  24.945  10.503  -25.111 0.5714285970
81448  25.622  -12.581  -21.584 0.4285714328
79287  28.885  -14.896  -19.179 0.2857142985
87282  30.321  -6.363  -21.010 0.7142857313
85308  29.593  -9.120  -21.083 0.5714285970
90059  31.310  -3.654  -20.956 0.7142857313
90060  30.475  -3.386  -21.157 0.7142857313
90076  30.678  -4.157  -21.534 0.7142857313
139224  28.675  -0.084  -19.550 0.7142857313
82416  29.450  -11.817  -20.444 0.5714285970
82431  28.679  -11.274  -21.713 0.5714285970
133742  27.359  2.901  -21.622 0.7142857313
78217  27.846  -15.806  -19.210 0.5714285970
77303  26.495  -16.638  -19.886 0.5714285970
77288  26.742  -16.721  -19.039 0.4285714328
77304  25.739  -16.713  -19.844 0.5714285970
78233  26.088  -16.363  -20.403 0.4285714328
76355  24.835  -17.560  -18.877 0.5714285970
79302  27.856  -14.945  -20.337 0.5714285970
78252  27.146  -15.447  -20.674 0.5714285970
78253  26.322  -15.744  -20.771 0.4285714328
75394  25.004  -18.442  -18.115 0.5714285970
78234  24.692  -16.039  -20.172 0.4285714328
80368  28.435  -13.467  -20.914 0.5714285970
80370  27.050  -13.879  -21.447 0.5714285970
79336  24.798  -14.448  -21.170 0.4285714328
82432  27.858  -11.594  -22.068 0.5714285970
82433  27.122  -11.774  -22.146 0.4285714328
83436  28.043  -10.736  -22.293 0.7142857313
83447  27.385  -10.109  -22.424 0.5714285970
83449  25.839  -10.197  -22.297 0.4285714328
82446  26.124  -10.913  -22.133 0.4285714328
84405  28.775  -9.475  -22.200 0.7142857313
85316  28.644  -8.641  -22.355 0.7142857313
135398  25.613  -9.560  -22.452 0.2857142985
134272  28.426  -7.789  -22.565 0.7142857313
86280  29.521  -7.259  -22.058 0.7142857313
86290  29.005  -7.171  -22.535 0.7142857313
88272  27.907  -5.859  -23.374 0.7142857313
87290  29.848  -6.512  -21.861 0.5714285970
135938  27.574  -5.302  -23.430 0.7142857313
89183  27.963  -4.830  -23.259 0.7142857313
90088  28.379  -4.237  -22.743 0.7142857313
139839  25.956  -2.097  -23.712 0.2857142985
92724  27.578  -0.541  -21.278 0.8571428657
151365  27.144  6.017  -22.260 0.7142857313
99008  27.370  6.637  -22.027 0.7142857313
135346  27.058  7.905  -22.442 0.8571428657
101454  25.958  10.435  -23.931 0.7142857313
136559  22.565  10.262  -26.188 0.4285714328
130443  24.858  -13.093  -21.439 0.4285714328
72456  23.047  -21.691  -15.447 0.4285714328
149715  31.327  -14.150  -18.054 0.1428571492
79285  30.542  -14.399  -18.450 0.1428571492
79284  30.890  -13.601  -18.665 0.1428571492
82398  31.092  -11.231  -19.240 0.1428571492
153961  31.476  -10.704  -19.113 0.1428571492
80335  31.697  -13.191  -18.189 0.1428571492
80323  32.091  -13.984  -17.636 0.1428571492
83393  31.958  -10.423  -18.817 0.1428571492
81409  31.059  -11.908  -18.970 0.1428571492
81395  31.671  -12.169  -18.484 0.1428571492
83412  31.553  -10.068  -19.200 0.1428571492
131955  32.537  -7.172  -18.688 0.2857142985
139996  32.493  -5.484  -18.658 0.1428571492
96440  27.885  3.536  -21.237 0.5714285970
145314  27.249  15.563  -29.251 0.1428571492
142231  26.691  1.690  -22.124 0.4285714328
127811  26.176  15.636  -29.694 0.1428571492
104487  27.753  13.355  -27.089 0.1428571492
96451  26.859  3.802  -22.366 0.4285714328
97319  27.377  4.481  -22.002 0.5714285970
97331  25.974  4.826  -23.471 0.4285714328
103753  25.312  12.406  -25.775 0.2857142985
102986  26.778  11.778  -24.171 0.2857142985
96475  24.268  3.709  -24.427 0.1428571492
99009  26.751  6.568  -22.584 0.5714285970
102987  25.287  11.703  -25.207 0.2857142985
142567  24.529  5.047  -25.646 0.4285714328
99023  25.223  6.550  -24.519 0.5714285970
140996  23.939  4.910  -26.130 0.4285714328
98183  23.287  5.589  -26.359 0.2857142985
102203  22.968  10.799  -25.074 0.1428571492
102216  25.002  10.987  -25.108 0.1428571492
128522  24.744  11.576  -25.430 0.1428571492
98184  22.805  5.458  -26.002 0.1428571492
99036  23.289  6.686  -26.440 0.4285714328
131480  24.037  11.714  -25.434 0.1428571492
102988  24.173  11.806  -25.433 0.1428571492
101439  23.108  10.651  -24.637 0.2857142985
100663  24.004  9.143  -22.108 0.1428571492
102202  23.957  11.460  -24.364 0.1428571492
102187  23.978  10.742  -23.678 0.1428571492
102186  24.893  10.818  -22.558 0.1428571492
73440  22.944  -21.022  -15.968 0.4285714328
74443  22.794  -19.975  -16.960 0.2857142985
79272  30.982  -14.953  -17.862 0.1428571492
82379  32.295  -11.553  -18.285 0.1428571492
142924  26.302  2.908  -22.658 0.2857142985
102199  30.180  10.101  -22.873 0.4285714328
102985  28.107  11.767  -23.724 0.2857142985
103002  24.481  11.920  -25.615 0.2857142985
103741  26.074  12.207  -24.859 0.2857142985
103742  23.630  11.931  -25.004 0.2857142985
73462  22.422  -20.438  -16.397 0.2857142985
74436  30.065  -18.886  -16.109 0.1428571492
74437  29.118  -19.039  -16.155 0.1428571492
77269  31.144  -16.171  -17.149 0.1428571492
78195  31.447  -15.513  -17.402 0.1428571492
87264  32.145  -6.301  -18.841 0.1428571492
85294  31.521  -8.406  -19.429 0.1428571492
97343  23.214  4.916  -26.005 0.1428571492
95600  26.756  2.389  -22.063 0.4285714328
97342  23.761  4.521  -25.094 0.2857142985
102214  28.657  11.010  -23.212 0.4285714328
149247  24.166  12.588  -26.225 0.2857142985
103740  27.534  12.372  -24.490 0.2857142985
104482  26.250  12.989  -26.020 0.2857142985
127657  26.332  13.430  -27.197 0.1428571492
127808  25.170  14.065  -28.185 0.1428571492
128007  27.035  13.596  -27.701 0.1428571492
102970  23.982  11.823  -24.593 0.2857142985
103754  23.497  12.058  -26.035 0.2857142985
145366  26.428  14.416  -28.756 0.1428571492
103761  28.064  13.039  -25.828 0.1428571492
103762  27.222  13.157  -26.206 0.1428571492
89121  33.702  -4.669  -18.376 0.2857142985
103001  28.759  12.177  -24.375 0.4285714328
139048  23.733  -20.662  -15.897 0.4285714328
72455  23.762  -21.158  -15.386 0.4285714328
86258  31.253  -7.297  -19.534 0.4285714328
96461  26.126  3.900  -22.984 0.4285714328
98171  25.729  5.680  -24.038 0.5714285970
102215  27.425  11.134  -23.479 0.2857142985
101467  22.419  10.676  -25.998 0.4285714328
100675  23.016  9.832  -23.906 0.2857142985
135422  23.963  10.790  -26.057 0.2857142985
142922  26.936  3.128  -22.075 0.5714285970
99022  26.171  6.526  -23.539 0.5714285970
99035  24.247  6.603  -25.842 0.5714285970
136512  25.962  11.208  -24.283 0.2857142985
82380  31.696  -11.241  -18.769 0.1428571492
84361  32.134  -9.685  -18.854 0.1428571492
146356  25.692  3.158  -23.313 0.2857142985
97341  24.484  4.510  -24.760 0.2857142985
97332  25.178  4.955  -24.583 0.4285714328
98172  24.841  5.659  -25.225 0.4285714328
98182  23.992  5.572  -26.221 0.5714285970
73441  22.033  -20.889  -15.843 0.2857142985
84360  32.808  -9.343  -18.331 0.1428571492
95612  25.633  2.159  -23.396 0.2857142985
103752  26.730  12.710  -25.220 0.2857142985
89192  27.193  -4.705  -23.478 0.4285714328
91805  26.553  -2.178  -23.427 0.2857142985
103729  23.728  12.625  -24.498 0.1428571492
104475  22.957  13.310  -25.138 0.1428571492
102956  24.904  11.956  -22.843 0.1428571492
104468  23.557  13.837  -23.769 0.1428571492
103743  22.916  12.195  -26.027 0.1428571492
103755  22.742  12.183  -26.502 0.1428571492
103728  24.437  12.362  -23.540 0.1428571492
145753  24.332  13.258  -23.300 0.1428571492
105256  22.561  14.885  -24.388 0.1428571492
105233  25.179  14.331  -21.643 0.1428571492
90953  27.072  -3.123  -23.249 0.2857142985
103714  25.394  12.551  -22.100 0.1428571492
104467  24.301  14.097  -22.635 0.1428571492
104476  22.104  13.982  -25.816 0.1428571492
82400  29.916  -12.097  -19.908 0.2857142985
103763  23.040  12.281  -26.732 0.1428571492
104483  22.713  12.757  -26.134 0.1428571492
103756  22.777  12.617  -26.904 0.1428571492
104455  25.645  13.371  -21.372 0.1428571492
154979  25.493  -18.469  -17.519 0.4285714328
76339  26.219  -18.234  -17.263 0.2857142985
75379  27.644  -18.529  -16.529 0.1428571492
144558  26.643  -17.608  -17.711 0.2857142985
76323  27.116  -18.008  -17.022 0.1428571492
76352  27.072  -16.940  -18.147 0.2857142985
75381  25.677  -18.858  -16.786 0.2857142985
77286  28.371  -15.931  -18.309 0.2857142985
74456  24.849  -18.874  -17.440 0.4285714328
77273  27.861  -16.528  -17.739 0.1428571492
76338  27.485  -17.256  -17.333 0.1428571492
75380  26.703  -18.657  -16.632 0.1428571492
77287  27.506  -16.357  -18.682 0.2857142985
74442  23.676  -19.787  -16.889 0.2857142985
73461  23.278  -20.390  -16.453 0.2857142985
74441  24.730  -19.507  -16.732 0.2857142985
74457  23.987  -19.217  -17.447 0.2857142985
134841  26.448  -12.162  -21.754 0.2857142985
82434  25.633  -11.595  -21.688 0.2857142985
83437  25.298  -10.771  -21.838 0.2857142985
85337  26.160  -8.025  -23.516 0.1428571492
86294  25.383  -7.833  -23.188 0.1428571492
86304  25.924  -7.121  -23.546 0.2857142985
140650  26.544  -5.075  -23.592 0.1428571492
91806  26.005  -1.414  -23.675 0.1428571492
92737  26.492  -0.386  -23.072 0.1428571492
92750  26.027  -0.660  -23.645 0.1428571492
93685  26.147  0.079  -23.520 0.1428571492
93686  25.473  -0.093  -24.136 0.1428571492
95613  25.086  2.016  -24.052 0.1428571492
96462  25.307  3.992  -23.806 0.1428571492
142426  24.078  2.817  -24.491 0.1428571492
142923  25.183  2.904  -23.846 0.1428571492
99859  22.912  7.976  -26.402 0.1428571492
99024  22.554  6.924  -25.011 0.1428571492
99825  22.721  8.086  -23.535 0.1428571492
100686  22.687  9.347  -24.932 0.1428571492
148886  22.378  -21.412  -15.637 0.2857142985
94675  26.923  1.109  -21.930 0.2857142985
140465  25.729  0.604  -23.838 0.1428571492
96474  24.822  3.562  -24.241 0.1428571492
80391  25.648  -13.506  -21.532 0.2857142985
154540  24.774  -11.283  -21.536 0.2857142985
86305  25.095  -7.005  -23.548 0.1428571492
137979  25.846  -5.005  -23.680 0.1428571492
148116  25.354  -4.114  -23.826 0.1428571492
90100  26.101  -3.753  -23.629 0.1428571492
146143  24.801  -2.625  -23.894 0.1428571492
90964  25.352  -2.099  -23.803 0.1428571492
91808  25.131  -1.198  -23.907 0.1428571492
92751  25.475  -0.841  -23.889 0.1428571492
94690  25.997  1.263  -23.377 0.1428571492
95625  24.536  2.023  -24.256 0.1428571492
99839  22.744  8.085  -24.978 0.1428571492
99860  22.649  7.716  -26.119 0.1428571492
81449  24.659  -12.094  -21.371 0.2857142985
73460  24.187  -20.163  -16.227 0.2857142985
87313  25.756  -6.288  -23.614 0.1428571492
99037  22.610  6.021  -25.431 0.1428571492
80392  24.351  -13.690  -21.184 0.1428571492
94676  26.508  1.143  -22.716 0.1428571492
83438  24.370  -10.625  -21.512 0.1428571492
145935  24.520  -1.921  -23.712 0.1428571492
72458  21.720  -21.368  -15.360 0.1428571492
72439  21.026  -21.148  -14.791 0.1428571492
75396  23.395  -18.810  -17.910 0.1428571492
89136  33.063  -4.105  -18.865 0.1428571492
151716  34.670  -3.572  -18.551 0.1428571492
99033  32.259  6.324  -24.359 0.1428571492
71518  22.167  -22.709  -14.872 0.1428571492
74444  21.980  -19.767  -16.719 0.1428571492
74458  23.129  -19.420  -17.416 0.1428571492
75395  24.222  -18.648  -17.994 0.1428571492
74459  22.488  -19.478  -17.203 0.1428571492
152349  23.398  -17.702  -18.581 0.1428571492
146116  32.418  5.677  -23.946 0.1428571492
99034  32.073  7.046  -24.830 0.1428571492
72457  22.321  -22.008  -15.342 0.1428571492
90041  34.090  -3.004  -18.877 0.1428571492
75410  23.729  -18.276  -18.433 0.1428571492
78256  23.575  -14.657  -20.210 0.1428571492
73442  21.419  -20.686  -15.463 0.1428571492
75411  22.913  -18.166  -18.187 0.1428571492
70626  25.171  -23.059  -13.723 0.1428571492
72435  25.903  -21.725  -14.615 0.1428571492
75408  25.140  -18.032  -18.559 0.5714285970
76321  28.901  -17.708  -16.744 0.2857142985
76354  25.563  -17.459  -18.731 0.5714285970
76370  25.261  -17.003  -19.210 0.2857142985
77305  24.930  -16.579  -19.691 0.5714285970
78197  29.876  -15.825  -17.769 0.2857142985
79300  29.212  -13.957  -19.896 0.2857142985
79301  28.616  -14.490  -19.947 0.5714285970
79322  27.467  -14.498  -20.938 0.5714285970
80369  27.810  -13.703  -21.276 0.5714285970
80389  27.431  -13.124  -21.646 0.5714285970
81410  30.499  -12.449  -19.412 0.2857142985
81427  29.300  -12.504  -20.445 0.2857142985
81446  27.673  -12.388  -21.822 0.4285714328
82417  28.906  -11.993  -21.040 0.5714285970
82430  29.315  -11.270  -20.910 0.7142857313
82445  26.778  -11.133  -22.421 0.4285714328
84414  28.190  -9.161  -22.432 0.7142857313
84417  26.242  -9.473  -22.604 0.2857142985
86291  28.291  -6.921  -22.726 0.7142857313
87299  28.831  -6.500  -22.758 0.5714285970
87301  27.759  -6.559  -23.174 0.7142857313
87312  26.548  -6.353  -23.519 0.4285714328
89122  32.926  -4.833  -18.600 0.2857142985
89182  28.820  -4.992  -22.851 0.7142857313
89193  26.655  -4.586  -23.582 0.2857142985
89194  26.202  -4.554  -23.663 0.1428571492
90028  33.887  -3.799  -18.636 0.1428571492
90043  32.531  -3.350  -19.856 0.8571428657
90909  32.862  -2.794  -19.689 0.8571428657
90929  30.091  -2.689  -20.554 1.0000000000
91745  34.983  -1.306  -19.112 0.2857142985
91807  25.571  -1.476  -23.790 0.1428571492
92690  32.801  -0.706  -19.637 0.5714285970
92704  31.395  -0.557  -19.697 0.8571428657
93633  34.560  0.579  -20.131 0.1428571492
93670  35.524  0.786  -22.481 0.1428571492
94622  30.884  2.049  -19.617 0.8571428657
94643  28.440  1.476  -19.971 0.8571428657
95560  30.291  2.600  -19.563 0.8571428657
95601  26.272  1.916  -22.676 0.4285714328
96413  30.466  3.338  -19.660 0.8571428657
97298  30.027  4.629  -20.312 0.8571428657
97308  32.284  4.661  -21.328 0.7142857313
98160  32.345  5.658  -22.031 0.8571428657
99007  31.810  6.867  -22.284 0.5714285970
99812  27.648  7.378  -21.961 0.7142857313
99820  31.450  7.693  -22.624 0.5714285970
100670  29.866  8.779  -22.082 0.7142857313
100694  31.595  8.490  -23.873 0.5714285970
101435  29.610  9.517  -22.414 0.4285714328
102217  22.706  10.264  -25.850 0.4285714328
103016  30.092  12.086  -27.185 0.1428571492
104456  24.918  13.303  -22.344 0.1428571492
104484  22.631  13.010  -26.622 0.1428571492
104489  22.626  13.285  -27.081 0.1428571492
127667  25.852  15.515  -29.875 0.1428571492
129176  27.907  -8.515  -22.635 0.7142857313
133451  23.078  12.889  -27.127 0.1428571492
136892  29.167  -6.141  -22.701 0.7142857313
137615  24.139  -2.791  -23.862 0.1428571492
138437  26.456  -11.499  -22.026 0.4285714328
140891  31.886  -7.001  -19.026 0.4285714328
141554  25.023  -13.855  -21.408 0.2857142985
141588  32.259  5.971  -22.615 0.2857142985
141784  27.671  12.841  -25.228 0.2857142985
143947  28.375  2.706  -20.217 0.8571428657
144290  34.275  -0.838  -19.485 0.4285714328
144632  26.261  0.687  -23.287 0.1428571492
146941  32.697  3.547  -22.862 0.1428571492
148627  30.661  -4.781  -21.725 0.5714285970
150181  24.695  2.793  -24.227 0.1428571492
150439  29.150  12.889  -30.525 0.1428571492
150733  30.865  -5.121  -21.552 0.8571428657
151607  32.491  5.192  -24.242 0.1428571492
152038  30.650  -11.191  -19.545 0.1428571492
152847  28.590  8.410  -21.894 0.7142857313
153193  32.350  3.079  -20.726 0.4285714328
153267  31.127  9.809  -25.748 0.1428571492
154340  32.987  2.191  -23.599 0.1428571492
