#!ascii label  , from subject sub001 vox2ras=TkReg
300
90077  29.803  -3.926  -21.644 0.0000000000
147606  28.761  -13.894  -20.415 0.0000000000
93658  27.364  0.425  -21.556 0.0000000000
100674  25.381  9.194  -24.171 0.0000000000
77303  26.495  -16.638  -19.886 0.0000000000
96414  29.631  3.031  -19.629 0.0000000000
146852  28.876  5.365  -21.152 0.0000000000
86302  27.094  -6.921  -23.337 0.0000000000
84405  28.775  -9.475  -22.200 0.0000000000
87282  30.321  -6.363  -21.010 0.0000000000
142774  32.106  -1.127  -19.903 0.0000000000
90908  33.560  -2.403  -19.414 0.0000000000
91784  28.021  -2.111  -21.381 0.0000000000
94640  31.541  1.344  -19.783 0.0000000000
99823  26.285  7.441  -22.940 0.0000000000
99811  28.584  7.633  -21.689 0.0000000000
82399  30.059  -11.208  -20.048 0.0000000000
96450  27.413  3.681  -21.806 0.0000000000
98150  27.908  5.192  -21.462 0.0000000000
142358  28.333  -5.474  -23.175 0.0000000000
87291  29.381  -6.599  -22.453 0.0000000000
88269  30.066  -5.272  -22.077 0.0000000000
78231  27.544  -15.773  -20.094 0.0000000000
91785  27.351  -1.348  -21.906 0.0000000000
92706  29.227  -0.975  -19.618 0.0000000000
93638  28.514  0.737  -19.822 0.0000000000
97296  31.856  4.705  -20.845 0.0000000000
95572  31.792  3.201  -20.201 0.0000000000
100695  23.565  9.757  -26.323 0.0000000000
99035  24.247  6.603  -25.842 0.0000000000
99824  25.647  8.198  -23.685 0.0000000000
102983  30.136  11.294  -24.041 0.0000000000
102212  30.493  10.499  -23.694 0.0000000000
101422  29.037  8.937  -22.075 0.0000000000
101434  31.037  8.981  -22.998 0.0000000000
99821  30.740  7.885  -22.111 0.0000000000
85307  30.165  -8.587  -20.510 0.0000000000
83434  29.237  -10.570  -21.408 0.0000000000
77289  26.022  -16.973  -19.228 0.0000000000
148016  28.489  2.138  -19.937 0.0000000000
95588  27.828  2.742  -20.981 0.0000000000
97299  29.103  4.011  -20.383 0.0000000000
98149  31.188  5.882  -21.133 0.0000000000
84416  26.893  -9.401  -22.611 0.0000000000
134272  28.426  -7.789  -22.565 0.0000000000
85325  29.105  -7.974  -22.190 0.0000000000
86271  30.489  -7.147  -20.377 0.0000000000
90928  31.038  -2.880  -20.619 0.0000000000
90059  31.310  -3.654  -20.956 0.0000000000
91747  32.787  -2.175  -19.755 0.0000000000
89183  27.963  -4.830  -23.259 0.0000000000
90099  26.788  -3.913  -23.544 0.0000000000
90078  28.752  -3.594  -21.902 0.0000000000
91766  29.620  -2.023  -19.890 0.0000000000
93635  31.899  0.399  -19.758 0.0000000000
94638  33.006  1.410  -20.468 0.0000000000
94623  29.950  1.891  -19.502 0.0000000000
94639  32.340  1.854  -20.352 0.0000000000
98171  25.729  5.680  -24.038 0.0000000000
101437  27.033  9.811  -23.111 0.0000000000
100672  27.156  8.896  -22.571 0.0000000000
99822  26.975  7.157  -22.299 0.0000000000
151365  27.144  6.017  -22.260 0.0000000000
98994  29.045  6.833  -21.373 0.0000000000
98992  30.773  6.626  -21.386 0.0000000000
81429  28.076  -12.975  -21.467 0.0000000000
83436  28.043  -10.736  -22.293 0.0000000000
89138  31.802  -4.769  -20.112 0.0000000000
88229  31.899  -5.462  -19.372 0.0000000000
97319  27.377  4.481  -22.002 0.0000000000
97320  26.740  4.667  -22.656 0.0000000000
89181  29.531  -5.053  -22.399 0.0000000000
88270  29.188  -5.579  -22.693 0.0000000000
89170  30.042  -4.667  -21.922 0.0000000000
75394  25.004  -18.442  -18.115 0.0000000000
76340  25.757  -17.954  -18.075 0.0000000000
79302  27.856  -14.945  -20.337 0.0000000000
92725  26.991  -0.455  -22.285 0.0000000000
92724  27.578  -0.541  -21.278 0.0000000000
93657  27.935  0.148  -20.488 0.0000000000
141190  32.462  4.994  -21.926 0.0000000000
132460  32.553  4.005  -21.856 0.0000000000
100685  24.494  9.980  -25.678 0.0000000000
99838  24.753  8.597  -25.129 0.0000000000
101452  30.914  9.638  -23.376 0.0000000000
101451  31.259  8.971  -23.489 0.0000000000
85295  30.869  -8.938  -19.792 0.0000000000
84395  30.226  -9.448  -20.312 0.0000000000
135794  26.526  -14.715  -21.095 0.0000000000
95589  27.177  1.988  -21.444 0.0000000000
133742  27.359  2.901  -21.622 0.0000000000
152215  28.371  4.757  -21.088 0.0000000000
97309  28.410  4.128  -20.895 0.0000000000
98138  29.101  4.721  -20.765 0.0000000000
98136  30.640  5.340  -20.692 0.0000000000
98137  29.756  5.424  -20.736 0.0000000000
101465  23.686  10.589  -26.295 0.0000000000
86293  26.855  -7.918  -23.406 0.0000000000
86292  27.646  -7.621  -23.059 0.0000000000
87290  29.848  -6.512  -21.861 0.0000000000
86280  29.521  -7.259  -22.058 0.0000000000
86272  29.963  -7.188  -21.272 0.0000000000
139629  30.162  -7.818  -20.686 0.0000000000
87281  30.924  -6.308  -20.187 0.0000000000
76353  26.291  -17.280  -18.495 0.0000000000
142176  31.503  -2.350  -20.278 0.0000000000
143426  32.107  -2.072  -20.094 0.0000000000
91748  32.589  -1.507  -19.749 0.0000000000
142515  27.006  -5.142  -23.523 0.0000000000
90944  27.369  -2.303  -22.611 0.0000000000
152778  28.185  -2.790  -22.052 0.0000000000
146426  27.885  -3.344  -22.669 0.0000000000
90943  28.654  -2.818  -21.422 0.0000000000
91783  29.051  -2.409  -20.784 0.0000000000
148647  29.325  -0.232  -19.242 0.0000000000
92705  30.220  -0.367  -19.314 0.0000000000
93636  30.904  0.438  -19.630 0.0000000000
140768  32.450  1.032  -19.895 0.0000000000
95562  28.947  2.612  -19.682 0.0000000000
94624  29.052  1.964  -19.590 0.0000000000
95561  29.557  2.410  -19.574 0.0000000000
147024  32.197  2.587  -20.413 0.0000000000
94661  32.886  1.896  -21.176 0.0000000000
99023  25.223  6.550  -24.519 0.0000000000
98182  23.992  5.572  -26.221 0.0000000000
99022  26.171  6.526  -23.539 0.0000000000
102213  29.739  10.850  -23.298 0.0000000000
102984  29.256  11.533  -23.787 0.0000000000
102201  27.979  10.307  -22.861 0.0000000000
150187  27.810  9.523  -22.525 0.0000000000
100661  29.304  8.254  -21.786 0.0000000000
100662  27.861  8.214  -22.032 0.0000000000
99008  27.370  6.637  -22.027 0.0000000000
98995  28.126  6.747  -21.649 0.0000000000
142518  27.698  5.985  -21.782 0.0000000000
99810  29.567  7.536  -21.492 0.0000000000
99836  31.825  7.806  -23.467 0.0000000000
99808  31.184  7.175  -21.907 0.0000000000
99835  32.058  7.122  -22.995 0.0000000000
143125  32.101  6.526  -22.618 0.0000000000
80390  26.546  -13.120  -21.667 0.0000000000
84415  27.568  -9.282  -22.551 0.0000000000
83447  27.385  -10.109  -22.424 0.0000000000
83446  28.143  -9.875  -22.414 0.0000000000
152107  29.628  -10.657  -20.646 0.0000000000
82431  28.679  -11.274  -21.713 0.0000000000
82416  29.450  -11.817  -20.444 0.0000000000
81428  28.677  -12.773  -21.025 0.0000000000
90058  31.994  -3.448  -20.480 0.0000000000
89155  31.672  -4.227  -20.687 0.0000000000
89154  32.148  -4.018  -19.999 0.0000000000
142922  26.936  3.128  -22.075 0.0000000000
97310  27.877  4.294  -21.400 0.0000000000
88272  27.907  -5.859  -23.374 0.0000000000
87300  28.302  -6.316  -23.035 0.0000000000
88271  28.639  -5.980  -23.021 0.0000000000
88262  29.646  -5.967  -22.295 0.0000000000
88261  30.239  -5.760  -21.635 0.0000000000
77302  27.217  -16.365  -19.707 0.0000000000
78217  27.846  -15.806  -19.210 0.0000000000
78216  28.479  -15.415  -18.928 0.0000000000
93616  32.835  0.220  -19.693 0.0000000000
93615  33.617  -0.322  -19.619 0.0000000000
146499  27.851  -1.291  -21.022 0.0000000000
91767  28.550  -1.647  -20.400 0.0000000000
92707  28.204  -0.741  -20.349 0.0000000000
139224  28.675  -0.084  -19.550 0.0000000000
93637  29.537  0.441  -19.239 0.0000000000
96426  30.694  4.056  -19.948 0.0000000000
146275  31.157  3.525  -19.831 0.0000000000
96425  31.531  4.035  -20.309 0.0000000000
96424  32.263  3.884  -20.863 0.0000000000
134704  24.700  7.435  -25.124 0.0000000000
99837  25.478  7.438  -24.013 0.0000000000
102227  30.555  10.758  -24.640 0.0000000000
102200  29.195  10.309  -22.707 0.0000000000
101436  28.645  9.602  -22.408 0.0000000000
144563  30.495  9.192  -22.586 0.0000000000
100669  30.424  8.493  -22.207 0.0000000000
100660  30.080  8.106  -21.775 0.0000000000
100668  30.904  8.437  -22.618 0.0000000000
100684  31.360  8.406  -23.160 0.0000000000
85308  29.593  -9.120  -21.083 0.0000000000
84404  29.226  -9.751  -21.677 0.0000000000
83425  29.615  -9.965  -20.841 0.0000000000
83424  30.236  -10.282  -20.155 0.0000000000
76355  24.835  -17.560  -18.877 0.0000000000
77304  25.739  -16.713  -19.844 0.0000000000
78232  26.896  -16.241  -20.425 0.0000000000
78252  27.146  -15.447  -20.674 0.0000000000
79321  28.200  -14.193  -20.708 0.0000000000
143207  26.683  0.364  -22.657 0.0000000000
93639  27.778  0.999  -20.543 0.0000000000
94662  27.432  1.285  -21.239 0.0000000000
95574  27.874  1.909  -20.596 0.0000000000
96428  28.969  3.294  -19.899 0.0000000000
96440  27.885  3.536  -21.237 0.0000000000
96439  28.381  3.428  -20.576 0.0000000000
96427  29.803  3.768  -19.875 0.0000000000
97297  31.070  4.693  -20.468 0.0000000000
98135  31.457  5.253  -20.878 0.0000000000
98148  32.013  5.504  -21.449 0.0000000000
101466  22.616  10.260  -26.224 0.0000000000
101455  24.945  10.503  -25.111 0.0000000000
129137  27.202  -8.616  -23.017 0.0000000000
85316  28.644  -8.641  -22.355 0.0000000000
86290  29.005  -7.171  -22.535 0.0000000000
85315  29.227  -8.879  -21.923 0.0000000000
86273  29.613  -8.107  -21.395 0.0000000000
85306  30.704  -8.039  -19.974 0.0000000000
90060  30.475  -3.386  -21.157 0.0000000000
90076  30.678  -4.157  -21.534 0.0000000000
90927  31.784  -2.890  -20.524 0.0000000000
90926  32.343  -2.762  -20.141 0.0000000000
92689  33.395  -1.413  -19.562 0.0000000000
91746  34.123  -1.679  -19.353 0.0000000000
148680  27.314  -5.543  -23.486 0.0000000000
135938  27.574  -5.302  -23.430 0.0000000000
90087  29.226  -4.492  -22.205 0.0000000000
90089  27.532  -4.040  -23.255 0.0000000000
90088  28.379  -4.237  -22.743 0.0000000000
146888  29.501  -3.119  -21.252 0.0000000000
91765  30.709  -2.188  -20.063 0.0000000000
91764  31.457  -1.627  -19.913 0.0000000000
137349  30.453  -1.356  -19.561 0.0000000000
92703  32.210  -0.307  -19.738 0.0000000000
150084  33.167  0.828  -20.005 0.0000000000
94642  29.321  1.259  -19.541 0.0000000000
94641  30.421  1.217  -19.536 0.0000000000
95559  31.095  2.865  -19.656 0.0000000000
95573  31.668  2.312  -19.967 0.0000000000
97331  25.974  4.826  -23.471 0.0000000000
101454  25.958  10.435  -23.931 0.0000000000
101453  26.904  10.551  -23.461 0.0000000000
101438  26.058  9.518  -23.449 0.0000000000
100673  26.186  8.492  -23.006 0.0000000000
100671  28.157  8.964  -22.113 0.0000000000
135346  27.058  7.905  -22.442 0.0000000000
99009  26.751  6.568  -22.584 0.0000000000
98162  26.637  5.652  -23.000 0.0000000000
98161  27.262  5.316  -22.185 0.0000000000
141359  28.555  6.009  -21.473 0.0000000000
148650  29.445  6.126  -21.073 0.0000000000
99809  30.385  7.383  -21.588 0.0000000000
98993  29.924  6.836  -21.120 0.0000000000
98983  30.279  6.104  -20.864 0.0000000000
98991  31.628  6.403  -21.680 0.0000000000
99006  32.129  6.201  -22.023 0.0000000000
80370  27.050  -13.879  -21.447 0.0000000000
80368  28.435  -13.467  -20.914 0.0000000000
82444  27.281  -11.017  -22.501 0.0000000000
83435  28.739  -10.312  -22.022 0.0000000000
82432  27.858  -11.594  -22.068 0.0000000000
81445  28.310  -12.205  -21.594 0.0000000000
89169  31.209  -4.508  -21.332 0.0000000000
88247  31.457  -4.965  -20.976 0.0000000000
88248  30.871  -5.594  -20.945 0.0000000000
132963  32.652  -3.854  -19.462 0.0000000000
88230  31.433  -5.524  -20.196 0.0000000000
87265  31.554  -6.303  -19.467 0.0000000000
75408  25.140  -18.032  -18.559 0.0000000000
76354  25.563  -17.459  -18.731 0.0000000000
77305  24.930  -16.579  -19.691 0.0000000000
78215  29.242  -15.416  -18.457 0.0000000000
78233  26.088  -16.363  -20.403 0.0000000000
79301  28.616  -14.490  -19.947 0.0000000000
79322  27.467  -14.498  -20.938 0.0000000000
80369  27.810  -13.703  -21.276 0.0000000000
80389  27.431  -13.124  -21.646 0.0000000000
82417  28.906  -11.993  -21.040 0.0000000000
82430  29.315  -11.270  -20.910 0.0000000000
84414  28.190  -9.161  -22.432 0.0000000000
86291  28.291  -6.921  -22.726 0.0000000000
87299  28.831  -6.500  -22.758 0.0000000000
87301  27.759  -6.559  -23.174 0.0000000000
89182  28.820  -4.992  -22.851 0.0000000000
90043  32.531  -3.350  -19.856 0.0000000000
90909  32.862  -2.794  -19.689 0.0000000000
90929  30.091  -2.689  -20.554 0.0000000000
92690  32.801  -0.706  -19.637 0.0000000000
92704  31.395  -0.557  -19.697 0.0000000000
94622  30.884  2.049  -19.617 0.0000000000
94643  28.440  1.476  -19.971 0.0000000000
95560  30.291  2.600  -19.563 0.0000000000
96413  30.466  3.338  -19.660 0.0000000000
96451  26.859  3.802  -22.366 0.0000000000
97298  30.027  4.629  -20.312 0.0000000000
97308  32.284  4.661  -21.328 0.0000000000
98160  32.345  5.658  -22.031 0.0000000000
99007  31.810  6.867  -22.284 0.0000000000
99812  27.648  7.378  -21.961 0.0000000000
99820  31.450  7.693  -22.624 0.0000000000
100670  29.866  8.779  -22.082 0.0000000000
100694  31.595  8.490  -23.873 0.0000000000
129176  27.907  -8.515  -22.635 0.0000000000
136892  29.167  -6.141  -22.701 0.0000000000
143947  28.375  2.706  -20.217 0.0000000000
148627  30.661  -4.781  -21.725 0.0000000000
150733  30.865  -5.121  -21.552 0.0000000000
152847  28.590  8.410  -21.894 0.0000000000
